#Ls   Lt  mu  ma  nfluxes AxialCurrent Err
24 12 0.70 0.001 0 -0.0044564570585780006 0.0048665762715474105
24 12 0.70 0.001 1 -0.018390766273686337 0.0008128767036433281
24 12 0.70 0.001 2 -0.01672174955935775 0.004410791234141293
24 12 0.70 0.001 3 -0.03282063829574725 0.004153810168370664
24 12 0.70 0.001 4 -0.048958317332474244 0.011329280173133307
24 12 0.70 0.001 5 -0.054690396599967994 0.002794312905043099
24 12 0.70 0.001 6 -0.06304702239847419 0.006882503836419921
24 12 0.70 0.001 7 -0.061410659747649504 0.0032951826729304065
24 12 0.70 0.001 8 -0.034292213031347 0.0031477337165751245
24 12 0.70 0.001 9 -0.041521093680082666 0.006780047022848674
24 12 0.70 0.001 10 -0.03114913067470833 0.0029678227121964222
24 12 0.70 0.001 11 -0.01922211078376 0.0073895841151018675
24 12 0.70 0.001 12 -0.009264411283447 0.006407937155890051
24 12 0.70 0.001 13 -0.018895526475539666 0.00101936474743772
24 12 0.70 0.001 14 -0.025784881989647665 0.006634626215385644
24 12 0.70 0.001 15 -0.03963413600564766 0.0035197940474763524
24 12 0.70 0.001 16 -0.054949618127089005 0.011859782510619863
24 12 0.70 0.001 17 -0.0405940938270425 0.0085869031778835
24 12 0.70 0.001 18 -0.053586038340446 0.012769893550627959
24 12 0.70 0.001 19 -0.0619483562032095 0.011348721572617501
24 12 0.70 0.001 20 -0.04911030330500266 0.004800121862784922
24 12 0.70 0.001 21 -0.0213162783022425 0.0163848207665065
24 12 0.70 0.001 22 -0.0071158227693755 0.0103164085723345
24 12 0.70 0.001 23 0.001248723721176 0.0015373159451409998
24 12 0.70 0.001 24 0.02635454268089067 0.01165760553269691
24 12 0.70 0.001 25 0.052608481071577506 0.0397840512439155
24 12 0.70 0.001 26 0.0244572413542975 0.012329461509247498
24 12 0.70 0.001 27 0.0414795810155805 0.007051572028135499
24 12 0.70 0.001 28 0.0448092651532655 0.0032941972860704993
24 12 0.70 0.001 29 0.02612570172360036 0.007365353638943513
24 12 0.70 0.001 30 0.052822014613819995 0.013348067936228997
24 12 0.70 0.001 31 #	Axial curent on Z-axis direction
24 12 0.70 0.001 32 0.066084334934674 0.027073566950837
24 12 0.70 0.001 33 #	Axial curent on Z-axis direction
24 12 0.70 0.001 34 #	Axial curent on Z-axis direction
24 12 0.70 0.001 35 #	Axial curent on Z-axis direction
24 12 0.70 0.001 36 0.146317251378471 0.015496627164113215
24 12 0.70 0.001 37 #	Axial curent on Z-axis direction
24 12 0.70 0.001 38 #	Axial curent on Z-axis direction
24 12 0.70 0.001 39 #	Axial curent on Z-axis direction
24 12 0.70 0.001 40 nan nan
24 12 0.70 0.001 41 #	Axial curent on Z-axis direction
24 12 0.70 0.001 42 0.14674740882534248 0.00608866832651149
24 12 0.70 0.001 43 #	Axial curent on Z-axis direction
24 12 0.70 0.001 44 #	Axial curent on Z-axis direction
24 12 0.70 0.001 45 #	Axial curent on Z-axis direction
24 12 0.70 0.001 46 #	Axial curent on Z-axis direction
24 12 0.70 0.001 47 #	Axial curent on Z-axis direction
24 12 0.70 0.001 48 0.16077688300867699 0.014230245672931005
24 12 0.70 0.001 49 #	Axial curent on Z-axis direction
24 12 0.70 0.001 50 #	Axial curent on Z-axis direction
