#Ls   Lt  mu  ma  nfluxes AxialCurrent Err
24 12 0.20 0.001 0 -0.0016738624106925001 0.0035993251498657266
24 12 0.20 0.001 1 -0.07729096005550867 0.006211651921489962
24 12 0.20 0.001 2 -0.1383334728878745 0.01050606918271985
24 12 0.20 0.001 3 -0.202038669392729 0.011571384353303028
24 12 0.20 0.001 4 -0.22744213317670534 0.00870888173871383
24 12 0.20 0.001 5 -0.20661652894337976 0.006269174394400888
24 12 0.20 0.001 6 -0.1899097791333392 0.005848526096477774
24 12 0.20 0.001 7 -0.1838913602054415 0.01117429845513205
24 12 0.20 0.001 8 -0.14906467858213351 0.008950369662305868
24 12 0.20 0.001 9 -0.146683226789279 0.007388860713758444
24 12 0.20 0.001 10 -0.13632062091532748 0.016919273552299243
24 12 0.20 0.001 11 -0.164598569435965 0.011311886786424098
24 12 0.20 0.001 12 -0.20593363781430002 0.004538797437672821
24 12 0.20 0.001 13 -0.256907062360134 0.020153323587571596
24 12 0.20 0.001 14 -0.2912246129078003 0.008324396204403256
24 12 0.20 0.001 15 nan nan
24 12 0.20 0.001 16 -0.36854551256194945 0.016081254872743502
24 12 0.20 0.001 17 -0.37552363472123096 0.023828273430646
24 12 0.20 0.001 18 -0.339014267101829 0.0017544156010802483
24 12 0.20 0.001 19 -0.335459579481721 0.018482765148894017
24 12 0.20 0.001 20 -0.32222500681634647 0.031798146846134495
24 12 0.20 0.001 21 -0.330983356456008 0.012289419990547999
24 12 0.20 0.001 22 -0.321163288663793 0.026079191109541985
24 12 0.20 0.001 23 #	Axial curent on Z-axis direction
24 12 0.20 0.001 24 -0.3120174968794347 0.025261449638514757
24 12 0.20 0.001 25 -0.27880826671408 0.013755142667877002
24 12 0.20 0.001 26 #	Axial curent on Z-axis direction
24 12 0.20 0.001 27 -0.3288871039733005 0.03159620899184751
24 12 0.20 0.001 28 -0.2847785205404815 0.0451406274222895
24 12 0.20 0.001 29 #	Axial curent on Z-axis direction
24 12 0.20 0.001 30 -0.29560655584900636 0.05763213199502194
24 12 0.20 0.001 31 #	Axial curent on Z-axis direction
24 12 0.20 0.001 32 #	Axial curent on Z-axis direction
24 12 0.20 0.001 33 #	Axial curent on Z-axis direction
24 12 0.20 0.001 34 #	Axial curent on Z-axis direction
24 12 0.20 0.001 35 #	Axial curent on Z-axis direction
24 12 0.20 0.001 36 -0.102331000334063 0.011788491765270607
24 12 0.20 0.001 37 #	Axial curent on Z-axis direction
24 12 0.20 0.001 38 #	Axial curent on Z-axis direction
24 12 0.20 0.001 39 #	Axial curent on Z-axis direction
24 12 0.20 0.001 40 #	Axial curent on Z-axis direction
24 12 0.20 0.001 41 #	Axial curent on Z-axis direction
24 12 0.20 0.001 42 -0.0877450791178745 0.0482684524722425
24 12 0.20 0.001 43 #	Axial curent on Z-axis direction
24 12 0.20 0.001 44 -0.146056716178708 0.053345542636340997
24 12 0.20 0.001 45 #	Axial curent on Z-axis direction
24 12 0.20 0.001 46 #	Axial curent on Z-axis direction
24 12 0.20 0.001 47 #	Axial curent on Z-axis direction
24 12 0.20 0.001 48 -0.13360650926228002 0.022749807499965
24 12 0.20 0.001 49 nan nan
24 12 0.20 0.001 50 nan nan
