#Ls   Lt  mu  ma  nfluxes AxialCurrent Err
24 24 0.35 0.001 0 
24 24 0.35 0.001 1 
24 24 0.35 0.001 2 
24 24 0.35 0.001 3 
24 24 0.35 0.001 4 
24 24 0.35 0.001 5 -0.070307007405422 0.014003575904916
24 24 0.35 0.001 6 -0.078440332566693 0.020891905034224
24 24 0.35 0.001 7 -0.058340444414848 0.018449495081010
24 24 0.35 0.001 8 
24 24 0.35 0.001 9 -0.028737654728724 0.025794804856255
24 24 0.35 0.001 10 
24 24 0.35 0.001 11 
24 24 0.35 0.001 12 -0.017858676991806 0.022192042000357
24 24 0.35 0.001 13 -0.031922094640439 0.037174024782551
24 24 0.35 0.001 14 
24 24 0.35 0.001 15 
24 24 0.35 0.001 16 
24 24 0.35 0.001 17 -0.072603875319260 0.048963606062986
24 24 0.35 0.001 18 -0.084565270411945 0.029970538484510
24 24 0.35 0.001 19 
24 24 0.35 0.001 20 -0.057053413027031 0.039961576634160
24 24 0.35 0.001 21 
24 24 0.35 0.001 22 
24 24 0.35 0.001 23 
24 24 0.35 0.001 24 -0.025472326904011 0.031841519693513
24 24 0.35 0.001 25 
24 24 0.35 0.001 26 
24 24 0.35 0.001 27 
24 24 0.35 0.001 28 
24 24 0.35 0.001 29 
24 24 0.35 0.001 30 
24 24 0.35 0.001 31 
24 24 0.35 0.001 32 
24 24 0.35 0.001 33 
24 24 0.35 0.001 34 
24 24 0.35 0.001 35 
24 24 0.35 0.001 36 
24 24 0.35 0.001 37 
24 24 0.35 0.001 38 
24 24 0.35 0.001 39 
24 24 0.35 0.001 40 
24 24 0.35 0.001 41 
24 24 0.35 0.001 42 
24 24 0.35 0.001 43 
24 24 0.35 0.001 44 
24 24 0.35 0.001 45 
24 24 0.35 0.001 46 
24 24 0.35 0.001 47 
24 24 0.35 0.001 48 0.010129971478763 0.044026833396386
24 24 0.35 0.001 49 
24 24 0.35 0.001 50 
