10 8 0.00 0.001 0 nan nan
10 8 0.00 0.001 1 nan nan
10 8 0.00 0.001 2 nan nan
10 8 0.00 0.001 3 nan nan
10 8 0.00 0.001 4 nan nan
10 8 0.00 0.001 5 nan nan
10 8 0.00 0.001 6 nan nan
10 8 0.00 0.001 7 nan nan
10 8 0.00 0.001 8 nan nan
10 8 0.00 0.001 9 nan nan
10 8 0.00 0.001 10 nan nan
10 8 0.00 0.001 11 nan nan
10 8 0.00 0.001 12 nan nan
10 8 0.00 0.001 13 nan nan
10 8 0.00 0.001 14 nan nan
10 8 0.00 0.001 15 nan nan
10 8 0.00 0.001 16 nan nan
10 8 0.00 0.001 17 nan nan
10 8 0.00 0.001 18 nan nan
10 8 0.00 0.001 19 nan nan
10 8 0.00 0.001 20 nan nan
10 8 0.00 0.001 21 nan nan
10 8 0.00 0.001 22 nan nan
10 8 0.00 0.001 23 nan nan
10 8 0.00 0.001 24 nan nan
10 8 0.00 0.001 25 nan nan
10 8 0.00 0.001 26 nan nan
10 8 0.00 0.001 27 nan nan
10 8 0.00 0.001 28 nan nan
10 8 0.00 0.001 29 nan nan
10 8 0.00 0.001 30 nan nan
10 8 0.00 0.001 31 nan nan
10 8 0.00 0.001 32 nan nan
10 8 0.10 0.001 0 -0.001898033602769 0.029434914923041
10 8 0.10 0.001 1 -0.127700105515626 0.031817727825598
10 8 0.10 0.001 2 -0.198025508108428 0.025320240885067
10 8 0.10 0.001 3 -0.164024565254649 0.040356985855533
10 8 0.10 0.001 4 -0.118670182454616 0.039787915832328
10 8 0.10 0.001 5 -0.122597088298663 0.032531726668325
10 8 0.10 0.001 6 -0.153678682336973 0.037617808255226
10 8 0.10 0.001 7 -0.177159448689235 0.045582009015557
10 8 0.10 0.001 8 -0.140796659527229 0.049663326053580
10 8 0.10 0.001 9 -0.113232902534181 0.042098735379045
10 8 0.10 0.001 10 -0.047591251797688 0.050824472607524
10 8 0.10 0.001 11 -0.021713371451789 0.052303194643502
10 8 0.10 0.001 12 -0.030233707642794 0.039511658399313
10 8 0.10 0.001 13 -0.028686692317401 0.032147963463049
10 8 0.10 0.001 14 -0.040391094909531 0.041240640917551
10 8 0.10 0.001 15 -0.044749008916988 0.049352691440344
10 8 0.10 0.001 16 -0.031119112060798 0.042257061746731
10 8 0.10 0.001 17 -0.030125214773884 0.046540363063048
10 8 0.10 0.001 18 -0.040061646610106 0.049838038363088
10 8 0.10 0.001 19 -0.029806592732431 0.049634997817378
10 8 0.10 0.001 20 -0.023994830437044 0.048288200619753
10 8 0.10 0.001 21 -0.015723401075101 0.054497635320763
10 8 0.10 0.001 22 -0.017039943307987 0.044289550410743
10 8 0.10 0.001 23 -0.009604494502731 0.053711412189839
10 8 0.10 0.001 24 -0.010413398013875 0.043681645033081
10 8 0.10 0.001 25 0.003709127721945 0.057819375204833
10 8 0.10 0.001 26 0.005137947200331 0.044328581542903
10 8 0.10 0.001 27 0.008822534457284 0.051623500435125
10 8 0.10 0.001 28 0.008746142289264 0.042874249436023
10 8 0.10 0.001 29 0.025002182779133 0.054478138624593
10 8 0.10 0.001 30 0.025442085017593 0.048600650857525
10 8 0.10 0.001 31 0.014653967174318 0.049316348276448
10 8 0.10 0.001 32 0.032123017062089 0.030539659567266
10 8 0.20 0.001 0 0.003709379189044 0.044629272446966
10 8 0.20 0.001 1 -0.296314361034533 0.042467753858439
10 8 0.20 0.001 2 -0.404536123009056 0.058380027581756
10 8 0.20 0.001 3 -0.335197559327050 0.063975588247583
10 8 0.20 0.001 4 -0.263192678695214 0.069596565176566
10 8 0.20 0.001 5 -0.290402600173248 0.054402554209692
10 8 0.20 0.001 6 -0.350226941114341 0.071138291987165
10 8 0.20 0.001 7 -0.339209014285342 0.064096187676753
10 8 0.20 0.001 8 -0.259293670770919 0.081710067791761
10 8 0.20 0.001 9 -0.188451680163747 0.092961296629332
10 8 0.20 0.001 10 -0.122398394022195 0.089107992192128
10 8 0.20 0.001 11 -0.069352737765395 0.084650695363647
10 8 0.20 0.001 12 -0.018936022238319 0.060497551773152
10 8 0.20 0.001 13 -0.051855432690315 0.051150112301888
10 8 0.20 0.001 14 -0.065602349159471 0.076412720117764
10 8 0.20 0.001 15 -0.109715718445620 0.095738498831339
10 8 0.20 0.001 16 -0.071839353079866 0.076860156802473
10 8 0.20 0.001 17 -0.061625364587631 0.046475080084700
10 8 0.20 0.001 18 -0.085229096673980 0.074739470945064
10 8 0.20 0.001 19 -0.046858138224708 0.078011454984813
10 8 0.20 0.001 20 -0.062219660647660 0.105755316811156
10 8 0.20 0.001 21 -0.033292380660327 0.098124595102793
10 8 0.20 0.001 22 -0.012915960886729 0.099243359203382
10 8 0.20 0.001 23 -0.018399657745071 0.063655640379040
10 8 0.20 0.001 24 0.018365815708555 0.101330061188292
10 8 0.20 0.001 25 -0.013354038087255 0.093188355979801
10 8 0.20 0.001 26 -0.019366201569226 0.074149736457197
10 8 0.20 0.001 27 0.025793377422305 0.064200239668450
10 8 0.20 0.001 28 0.033433116368955 0.082091574326124
10 8 0.20 0.001 29 0.057860216528432 0.091828445559993
10 8 0.20 0.001 30 0.061438463645522 0.092126449936947
10 8 0.20 0.001 31 0.036961662187493 0.065970670797179
10 8 0.20 0.001 32 0.086031004236981 0.063248127065933
10 8 0.30 0.001 0 -0.016829850585054 0.145400293811791
10 8 0.30 0.001 1 -0.746074835995707 0.185419085638707
10 8 0.30 0.001 2 -0.981976323755291 0.164317514149377
10 8 0.30 0.001 3 -0.769916671832390 0.233762948314120
10 8 0.30 0.001 4 -0.609668415203043 0.294621847964246
10 8 0.30 0.001 5 -0.776360392680545 0.205484930703701
10 8 0.30 0.001 6 -0.606277662621630 0.320745712182774
10 8 0.30 0.001 7 -0.612485304419490 0.240604501769766
10 8 0.30 0.001 8 -0.484769646469112 0.307031271144480
10 8 0.30 0.001 9 -0.300104332975164 0.275648770488259
10 8 0.30 0.001 10 -0.271494905097096 0.374944223569847
10 8 0.30 0.001 11 -0.190125427603416 0.261043449300277
10 8 0.30 0.001 12 0.079546687735426 0.174328674852114
10 8 0.30 0.001 13 -0.091353380747148 0.155307826562724
10 8 0.30 0.001 14 -0.145544477203487 0.276172984507892
10 8 0.30 0.001 15 -0.316029289434929 0.387207693038698
10 8 0.30 0.001 16 -0.088650497145912 0.216390087626038
10 8 0.30 0.001 17 -0.077551893054142 0.152036769485493
10 8 0.30 0.001 18 -0.215131350889599 0.217674213346671
10 8 0.30 0.001 19 -0.072212247891725 0.216515829324900
10 8 0.30 0.001 20 -0.220884974614806 0.456025789085720
10 8 0.30 0.001 21 -0.053488293484481 0.235294863200252
10 8 0.30 0.001 22 -0.066568190188713 0.303997421505343
10 8 0.30 0.001 23 -0.039898729382582 0.236420994049898
10 8 0.30 0.001 24 0.003796216056536 0.271679359156291
10 8 0.30 0.001 25 -0.008279129586138 0.341110516257441
10 8 0.30 0.001 26 0.033457329920685 0.299286420446544
10 8 0.30 0.001 27 0.014202433843229 0.212455813639723
10 8 0.30 0.001 28 0.022040597218081 0.248322360609018
10 8 0.30 0.001 29 0.038936644283981 0.214399703266986
10 8 0.30 0.001 30 0.175391254237357 0.416087369503266
10 8 0.30 0.001 31 0.061098531321527 0.205976108704073
10 8 0.30 0.001 32 0.196497259292991 0.232799360622978
10 8 0.40 0.001 0 -2.073487862549273 20.146594107831682
10 8 0.40 0.001 1 nan nan
10 8 0.40 0.001 2 nan nan
10 8 0.40 0.001 3 nan nan
10 8 0.40 0.001 4 nan nan
10 8 0.40 0.001 5 nan nan
10 8 0.40 0.001 6 nan nan
10 8 0.40 0.001 7 nan nan
10 8 0.40 0.001 8 nan nan
10 8 0.40 0.001 9 nan nan
10 8 0.40 0.001 10 nan nan
10 8 0.40 0.001 11 nan nan
10 8 0.40 0.001 12 nan nan
10 8 0.40 0.001 13 nan nan
10 8 0.40 0.001 14 nan nan
10 8 0.40 0.001 15 nan nan
10 8 0.40 0.001 16 nan nan
10 8 0.40 0.001 17 nan nan
10 8 0.40 0.001 18 nan nan
10 8 0.40 0.001 19 nan nan
10 8 0.40 0.001 20 nan nan
10 8 0.40 0.001 21 nan nan
10 8 0.40 0.001 22 nan nan
10 8 0.40 0.001 23 nan nan
10 8 0.40 0.001 24 nan nan
10 8 0.40 0.001 25 nan nan
10 8 0.40 0.001 26 nan nan
10 8 0.40 0.001 27 nan nan
10 8 0.40 0.001 28 nan nan
10 8 0.40 0.001 29 nan nan
10 8 0.40 0.001 30 nan nan
10 8 0.40 0.001 31 nan nan
10 8 0.40 0.001 32 nan nan
10 8 0.50 0.001 0 nan nan
10 8 0.50 0.001 1 nan nan
10 8 0.50 0.001 2 nan nan
10 8 0.50 0.001 3 nan nan
10 8 0.50 0.001 4 nan nan
10 8 0.50 0.001 5 nan nan
10 8 0.50 0.001 6 nan nan
10 8 0.50 0.001 7 nan nan
10 8 0.50 0.001 8 nan nan
10 8 0.50 0.001 9 nan nan
10 8 0.50 0.001 10 nan nan
10 8 0.50 0.001 11 nan nan
10 8 0.50 0.001 12 nan nan
10 8 0.50 0.001 13 nan nan
10 8 0.50 0.001 14 nan nan
10 8 0.50 0.001 15 nan nan
10 8 0.50 0.001 16 nan nan
10 8 0.50 0.001 17 nan nan
10 8 0.50 0.001 18 nan nan
10 8 0.50 0.001 19 nan nan
10 8 0.50 0.001 20 nan nan
10 8 0.50 0.001 21 nan nan
10 8 0.50 0.001 22 nan nan
10 8 0.50 0.001 23 nan nan
10 8 0.50 0.001 24 nan nan
10 8 0.50 0.001 25 nan nan
10 8 0.50 0.001 26 nan nan
10 8 0.50 0.001 27 nan nan
10 8 0.50 0.001 28 nan nan
10 8 0.50 0.001 29 nan nan
10 8 0.50 0.001 30 nan nan
10 8 0.50 0.001 31 nan nan
10 8 0.50 0.001 32 nan nan
10 8 0.60 0.001 0 nan nan
10 8 0.60 0.001 1 nan nan
10 8 0.60 0.001 2 nan nan
10 8 0.60 0.001 3 nan nan
10 8 0.60 0.001 4 nan nan
10 8 0.60 0.001 5 nan nan
10 8 0.60 0.001 6 nan nan
10 8 0.60 0.001 7 nan nan
10 8 0.60 0.001 8 nan nan
10 8 0.60 0.001 9 nan nan
10 8 0.60 0.001 10 nan nan
10 8 0.60 0.001 11 nan nan
10 8 0.60 0.001 12 nan nan
10 8 0.60 0.001 13 nan nan
10 8 0.60 0.001 14 nan nan
10 8 0.60 0.001 15 nan nan
10 8 0.60 0.001 16 nan nan
10 8 0.60 0.001 17 nan nan
10 8 0.60 0.001 18 nan nan
10 8 0.60 0.001 19 nan nan
10 8 0.60 0.001 20 nan nan
10 8 0.60 0.001 21 nan nan
10 8 0.60 0.001 22 nan nan
10 8 0.60 0.001 23 nan nan
10 8 0.60 0.001 24 nan nan
10 8 0.60 0.001 25 nan nan
10 8 0.60 0.001 26 nan nan
10 8 0.60 0.001 27 nan nan
10 8 0.60 0.001 28 nan nan
10 8 0.60 0.001 29 nan nan
10 8 0.60 0.001 30 nan nan
10 8 0.60 0.001 31 nan nan
10 8 0.60 0.001 32 nan nan
10 8 0.70 0.001 0 nan nan
10 8 0.70 0.001 1 nan nan
10 8 0.70 0.001 2 nan nan
10 8 0.70 0.001 3 nan nan
10 8 0.70 0.001 4 nan nan
10 8 0.70 0.001 5 nan nan
10 8 0.70 0.001 6 nan nan
10 8 0.70 0.001 7 nan nan
10 8 0.70 0.001 8 nan nan
10 8 0.70 0.001 9 nan nan
10 8 0.70 0.001 10 nan nan
10 8 0.70 0.001 11 nan nan
10 8 0.70 0.001 12 nan nan
10 8 0.70 0.001 13 nan nan
10 8 0.70 0.001 14 nan nan
10 8 0.70 0.001 15 nan nan
10 8 0.70 0.001 16 nan nan
10 8 0.70 0.001 17 nan nan
10 8 0.70 0.001 18 nan nan
10 8 0.70 0.001 19 nan nan
10 8 0.70 0.001 20 nan nan
10 8 0.70 0.001 21 nan nan
10 8 0.70 0.001 22 nan nan
10 8 0.70 0.001 23 nan nan
10 8 0.70 0.001 24 nan nan
10 8 0.70 0.001 25 nan nan
10 8 0.70 0.001 26 nan nan
10 8 0.70 0.001 27 nan nan
10 8 0.70 0.001 28 nan nan
10 8 0.70 0.001 29 nan nan
10 8 0.70 0.001 30 nan nan
10 8 0.70 0.001 31 nan nan
10 8 0.70 0.001 32 nan nan
#Ls   Lt  mu  ma  nfluxes AxialCurrent Err
