10 10 0.00 0.001 0 
10 10 0.00 0.001 1 
10 10 0.00 0.001 2 
10 10 0.00 0.001 3 
10 10 0.00 0.001 4 
10 10 0.00 0.001 5 
10 10 0.00 0.001 6 
10 10 0.00 0.001 7 
10 10 0.00 0.001 8 
10 10 0.00 0.001 9 
10 10 0.00 0.001 10 
10 10 0.00 0.001 11 
10 10 0.00 0.001 12 
10 10 0.00 0.001 13 
10 10 0.00 0.001 14 
10 10 0.00 0.001 15 
10 10 0.00 0.001 16 
10 10 0.00 0.001 17 
10 10 0.00 0.001 18 
10 10 0.00 0.001 19 
10 10 0.00 0.001 20 
10 10 0.00 0.001 21 
10 10 0.00 0.001 22 
10 10 0.00 0.001 23 
10 10 0.00 0.001 24 
10 10 0.00 0.001 25 
10 10 0.00 0.001 26 
10 10 0.00 0.001 27 
10 10 0.00 0.001 28 
10 10 0.00 0.001 29 
10 10 0.00 0.001 30 
10 10 0.00 0.001 31 
10 10 0.00 0.001 32 
10 10 0.10 0.001 0 
10 10 0.10 0.001 1 
10 10 0.10 0.001 2 
10 10 0.10 0.001 3 
10 10 0.10 0.001 4 
10 10 0.10 0.001 5 
10 10 0.10 0.001 6 
10 10 0.10 0.001 7 
10 10 0.10 0.001 8 
10 10 0.10 0.001 9 
10 10 0.10 0.001 10 
10 10 0.10 0.001 11 
10 10 0.10 0.001 12 
10 10 0.10 0.001 13 
10 10 0.10 0.001 14 
10 10 0.10 0.001 15 
10 10 0.10 0.001 16 
10 10 0.10 0.001 17 
10 10 0.10 0.001 18 
10 10 0.10 0.001 19 
10 10 0.10 0.001 20 
10 10 0.10 0.001 21 
10 10 0.10 0.001 22 
10 10 0.10 0.001 23 
10 10 0.10 0.001 24 
10 10 0.10 0.001 25 
10 10 0.10 0.001 26 
10 10 0.10 0.001 27 
10 10 0.10 0.001 28 
10 10 0.10 0.001 29 
10 10 0.10 0.001 30 
10 10 0.10 0.001 31 
10 10 0.10 0.001 32 
10 10 0.20 0.001 0 
10 10 0.20 0.001 1 
10 10 0.20 0.001 2 
10 10 0.20 0.001 3 
10 10 0.20 0.001 4 
10 10 0.20 0.001 5 
10 10 0.20 0.001 6 
10 10 0.20 0.001 7 
10 10 0.20 0.001 8 
10 10 0.20 0.001 9 
10 10 0.20 0.001 10 
10 10 0.20 0.001 11 
10 10 0.20 0.001 12 
10 10 0.20 0.001 13 
10 10 0.20 0.001 14 
10 10 0.20 0.001 15 
10 10 0.20 0.001 16 
10 10 0.20 0.001 17 
10 10 0.20 0.001 18 
10 10 0.20 0.001 19 
10 10 0.20 0.001 20 
10 10 0.20 0.001 21 
10 10 0.20 0.001 22 
10 10 0.20 0.001 23 
10 10 0.20 0.001 24 
10 10 0.20 0.001 25 
10 10 0.20 0.001 26 
10 10 0.20 0.001 27 
10 10 0.20 0.001 28 
10 10 0.20 0.001 29 
10 10 0.20 0.001 30 
10 10 0.20 0.001 31 
10 10 0.20 0.001 32 
10 10 0.30 0.001 0 
10 10 0.30 0.001 1 
10 10 0.30 0.001 2 
10 10 0.30 0.001 3 
10 10 0.30 0.001 4 
10 10 0.30 0.001 5 
10 10 0.30 0.001 6 
10 10 0.30 0.001 7 
10 10 0.30 0.001 8 
10 10 0.30 0.001 9 
10 10 0.30 0.001 10 
10 10 0.30 0.001 11 
10 10 0.30 0.001 12 
10 10 0.30 0.001 13 
10 10 0.30 0.001 14 
10 10 0.30 0.001 15 
10 10 0.30 0.001 16 
10 10 0.30 0.001 17 
10 10 0.30 0.001 18 
10 10 0.30 0.001 19 
10 10 0.30 0.001 20 
10 10 0.30 0.001 21 
10 10 0.30 0.001 22 
10 10 0.30 0.001 23 
10 10 0.30 0.001 24 
10 10 0.30 0.001 25 
10 10 0.30 0.001 26 
10 10 0.30 0.001 27 
10 10 0.30 0.001 28 
10 10 0.30 0.001 29 
10 10 0.30 0.001 30 
10 10 0.30 0.001 31 
10 10 0.30 0.001 32 
