24 24 0.00 0.001 0 -0.000155693062776 0.000584011319099
24 24 0.00 0.001 1 nan nan
24 24 0.00 0.001 2 -0.008059030937905 0.000500956194484
24 24 0.00 0.001 3 -0.016559576130781 0.000567408740830
24 24 0.00 0.001 4 -0.023697699081448 0.000525137549121
24 24 0.00 0.001 5 nan nan
24 24 0.00 0.001 6 nan nan
24 24 0.00 0.001 7 nan nan
24 24 0.00 0.001 8 nan nan
24 24 0.00 0.001 9 -0.017354907826596 0.000471684727266
24 24 0.00 0.001 10 -0.009806322754257 0.000344410980457
24 24 0.00 0.001 11 -0.003512127336108 0.000453306214949
24 24 0.00 0.001 12 nan nan
24 24 0.00 0.001 13 -0.000637955906012 0.000475843863858
24 24 0.00 0.001 14 nan nan
24 24 0.00 0.001 15 nan nan
24 24 0.00 0.001 16 -0.021152392904554 0.000489750317346
24 24 0.00 0.001 17 nan nan
24 24 0.00 0.001 18 nan nan
24 24 0.00 0.001 19 nan nan
24 24 0.00 0.001 20 -0.024348999201228 0.000457884311604
24 24 0.00 0.001 21 -0.017199812588853 0.000482521732189
24 24 0.00 0.001 22 -0.011132690373147 0.000444882146076
24 24 0.00 0.001 23 nan nan
24 24 0.00 0.001 24 nan nan
24 24 0.00 0.001 25 0.000382141488829 0.000602592736252
24 24 0.00 0.001 26 -0.003099560778438 0.000617020998263
24 24 0.00 0.001 27 nan nan
24 24 0.00 0.001 28 nan nan
24 24 0.00 0.001 29 nan nan
24 24 0.00 0.001 30 nan nan
24 24 0.00 0.001 31 nan nan
24 24 0.00 0.001 32 nan nan
24 24 0.00 0.001 33 nan nan
24 24 0.00 0.001 34 -0.009197710632049 0.000662139690271
24 24 0.00 0.001 35 nan nan
24 24 0.00 0.001 36 0.000425660412732 0.000554929833524
24 24 0.00 0.001 37 0.000676902387995 0.000588520811748
24 24 0.00 0.001 38 -0.002497007738850 0.000553738270637
24 24 0.00 0.001 39 -0.005342538838833 0.000555569206157
24 24 0.00 0.001 40 nan nan
24 24 0.00 0.001 41 nan nan
24 24 0.00 0.001 42 -0.018251981023275 0.000541095037232
24 24 0.00 0.001 43 -0.019979270717458 0.000564919348065
24 24 0.00 0.001 44 nan nan
24 24 0.00 0.001 45 nan nan
24 24 0.00 0.001 46 nan nan
24 24 0.00 0.001 47 nan nan
24 24 0.00 0.001 48 0.000484282114089 0.000451299959766
24 24 0.00 0.001 49 0.001594407406562 0.000442960520669
24 24 0.00 0.001 50 nan nan
24 24 0.00 0.001 51 nan nan
24 24 0.00 0.001 52 nan nan
24 24 0.00 0.001 53 nan nan
24 24 0.00 0.001 54 nan nan
24 24 0.00 0.001 55 nan nan
24 24 0.00 0.001 56 nan nan
24 24 0.00 0.001 57 nan nan
24 24 0.00 0.001 58 nan nan
24 24 0.00 0.001 59 nan nan
24 24 0.00 0.001 60 -0.000281725069943 0.000375709179094
24 24 0.00 0.001 61 nan nan
24 24 0.00 0.001 62 nan nan
24 24 0.00 0.001 63 nan nan
24 24 0.00 0.001 64 nan nan
24 24 0.00 0.001 65 nan nan
24 24 0.00 0.001 66 nan nan
24 24 0.00 0.001 67 nan nan
24 24 0.00 0.001 68 -0.008983654122604 0.000524759729904
24 24 0.00 0.001 69 nan nan
24 24 0.00 0.001 70 nan nan
24 24 0.00 0.001 71 -0.002474834273411 0.000435751645939
24 24 0.00 0.001 72 0.000029958192036 0.000295001922701
24 24 0.00 0.001 73 0.001670211597071 0.000459650732005
24 24 0.00 0.001 74 nan nan
24 24 0.00 0.001 75 0.000537181093243 0.000430226357042
24 24 0.00 0.001 76 nan nan
24 24 0.00 0.001 77 nan nan
24 24 0.00 0.001 78 nan nan
24 24 0.00 0.001 79 nan nan
24 24 0.00 0.001 80 nan nan
24 24 0.00 0.001 81 nan nan
24 24 0.00 0.001 82 nan nan
24 24 0.00 0.001 83 nan nan
24 24 0.00 0.001 84 nan nan
24 24 0.00 0.001 85 0.000788325498864 0.000441511480543
24 24 0.00 0.001 86 nan nan
24 24 0.00 0.001 87 nan nan
24 24 0.00 0.001 88 -0.000572894468409 0.000461783368848
24 24 0.00 0.001 89 nan nan
24 24 0.00 0.001 90 -0.003611268262688 0.000401674712274
24 24 0.00 0.001 91 nan nan
24 24 0.00 0.001 92 -0.001178187790596 0.000446091094090
24 24 0.00 0.001 93 nan nan
24 24 0.00 0.001 94 nan nan
24 24 0.00 0.001 95 -0.002151208153722 0.000376073818497
24 24 0.00 0.001 96 0.000059639476897 0.000328878226937
24 24 0.00 0.001 97 nan nan
24 24 0.00 0.001 98 nan nan
24 24 0.00 0.001 99 0.001719552810059 0.000395105759113
24 24 0.00 0.001 100 0.001211153191703 0.000414805229507
24 24 0.00 0.001 101 nan nan
24 24 0.00 0.001 102 -0.002448383778144 0.000400391010578
24 24 0.00 0.001 103 nan nan
24 24 0.00 0.001 104 nan nan
24 24 0.00 0.001 105 nan nan
24 24 0.00 0.001 106 nan nan
24 24 0.00 0.001 107 nan nan
24 24 0.00 0.001 108 nan nan
24 24 0.00 0.001 109 nan nan
24 24 0.00 0.001 110 nan nan
24 24 0.00 0.001 111 0.001235309885150 0.000344092681149
24 24 0.00 0.001 112 nan nan
24 24 0.00 0.001 113 -0.000241415156626 0.000462043367975
24 24 0.00 0.001 114 nan nan
24 24 0.00 0.001 115 0.000865259453385 0.000436172045014
24 24 0.00 0.001 116 nan nan
24 24 0.00 0.001 117 nan nan
24 24 0.00 0.001 118 -0.001903198659802 0.000376688767805
24 24 0.00 0.001 119 -0.001339563713439 0.000361129312812
24 24 0.00 0.001 120 0.000183505911143 0.000419946059560
24 24 0.00 0.001 121 nan nan
24 24 0.00 0.001 122 nan nan
24 24 0.00 0.001 123 0.001246612987655 0.000358686811462
24 24 0.00 0.001 124 nan nan
24 24 0.00 0.001 125 nan nan
24 24 0.00 0.001 126 -0.000339421313594 0.000377433019027
24 24 0.00 0.001 127 nan nan
24 24 0.00 0.001 128 -0.001491564160220 0.000426255962349
24 24 0.00 0.001 129 -0.001290668808536 0.000392353209473
24 24 0.00 0.001 130 -0.000586179326165 0.000371945403461
24 24 0.00 0.001 131 nan nan
24 24 0.00 0.001 132 -0.000431006201094 0.000419102459590
24 24 0.00 0.001 133 nan nan
24 24 0.00 0.001 134 nan nan
24 24 0.00 0.001 135 nan nan
24 24 0.00 0.001 136 nan nan
24 24 0.00 0.001 137 0.000216492283216 0.000361538057702
24 24 0.00 0.001 138 -0.000575353228526 0.000363243663788
24 24 0.00 0.001 139 nan nan
24 24 0.00 0.001 140 -0.000437017945807 0.000386886035333
24 24 0.00 0.001 141 nan nan
24 24 0.00 0.001 142 nan nan
24 24 0.00 0.001 143 nan nan
24 24 0.00 0.001 144 0.000474896338212 0.000382085154024
24 24 0.00 0.001 145 -0.000279333251641 0.000489828879928
24 24 0.00 0.001 146 nan nan
24 24 0.00 0.001 147 nan nan
24 24 0.00 0.001 148 nan nan
24 24 0.00 0.001 149 nan nan
24 24 0.00 0.001 150 nan nan
24 24 0.00 0.001 151 nan nan
24 24 0.00 0.001 152 0.000269524773265 0.000373482223185
24 24 0.00 0.001 153 nan nan
24 24 0.00 0.001 154 0.000874486675292 0.000458140937074
24 24 0.00 0.001 155 nan nan
24 24 0.00 0.001 156 nan nan
24 24 0.00 0.001 157 nan nan
24 24 0.00 0.001 158 nan nan
24 24 0.00 0.001 159 -0.001368080120882 0.000360048447422
24 24 0.00 0.001 160 nan nan
24 24 0.00 0.001 161 -0.002211709888907 0.000393897025591
24 24 0.00 0.001 162 nan nan
24 24 0.00 0.001 163 nan nan
24 24 0.00 0.001 164 nan nan
24 24 0.00 0.001 165 nan nan
24 24 0.00 0.001 166 nan nan
24 24 0.00 0.001 167 nan nan
24 24 0.00 0.001 168 0.000221500713007 0.000430514148697
24 24 0.00 0.001 169 nan nan
24 24 0.00 0.001 170 -0.001772420290997 0.000329765529563
24 24 0.00 0.001 171 nan nan
24 24 0.00 0.001 172 -0.003084726261405 0.000368743644154
24 24 0.00 0.001 173 nan nan
24 24 0.00 0.001 174 -0.001576096539729 0.000374113227221
24 24 0.00 0.001 175 nan nan
24 24 0.00 0.001 176 0.001247292918039 0.000399865866315
24 24 0.00 0.001 177 nan nan
24 24 0.00 0.001 178 nan nan
24 24 0.00 0.001 179 nan nan
24 24 0.00 0.001 180 0.000010285554306 0.000378777257067
24 24 0.00 0.001 181 nan nan
24 24 0.00 0.001 182 nan nan
24 24 0.00 0.001 183 -0.004004001777565 0.000368728670514
24 24 0.00 0.001 184 -0.006383315089541 0.000376925785608
24 24 0.00 0.001 185 nan nan
24 24 0.00 0.001 186 nan nan
24 24 0.00 0.001 187 -0.001385802225537 0.000429741569923
24 24 0.00 0.001 188 0.000335007784295 0.000384956937235
24 24 0.00 0.001 189 0.001560889346154 0.000382213663491
24 24 0.00 0.001 190 nan nan
24 24 0.00 0.001 191 0.001145498169784 0.000413280034694
24 24 0.00 0.001 192 nan nan
24 24 0.00 0.001 193 nan nan
24 24 0.00 0.001 194 nan nan
24 24 0.00 0.001 195 nan nan
24 24 0.00 0.001 196 -0.001684696048347 0.000477367175638
24 24 0.00 0.001 197 -0.004266605953229 0.000479004460222
24 24 0.00 0.001 198 nan nan
24 24 0.00 0.001 199 nan nan
24 24 0.00 0.001 200 nan nan
24 24 0.00 0.001 201 nan nan
24 24 0.00 0.001 202 nan nan
24 24 0.00 0.001 203 0.002182136120927 0.000500890073035
24 24 0.00 0.001 204 nan nan
24 24 0.00 0.001 205 -0.002057737086540 0.000467404991926
24 24 0.00 0.001 206 -0.005387153828730 0.000361257846280
24 24 0.00 0.001 207 nan nan
24 24 0.00 0.001 208 nan nan
24 24 0.00 0.001 209 nan nan
24 24 0.00 0.001 210 nan nan
24 24 0.00 0.001 211 nan nan
24 24 0.00 0.001 212 nan nan
24 24 0.00 0.001 213 0.000725822100655 0.000319297069225
24 24 0.00 0.001 214 nan nan
24 24 0.00 0.001 215 0.002071037299404 0.000439463275894
24 24 0.00 0.001 216 0.000905207181724 0.000462478133372
24 24 0.00 0.001 217 nan nan
24 24 0.00 0.001 218 nan nan
24 24 0.00 0.001 219 -0.002985055018433 0.000446347592644
24 24 0.00 0.001 220 nan nan
24 24 0.00 0.001 221 nan nan
24 24 0.00 0.001 222 nan nan
24 24 0.00 0.001 223 nan nan
24 24 0.00 0.001 224 -0.002823799103031 0.000602815950248
24 24 0.00 0.001 225 -0.000220129886246 0.000461835863371
24 24 0.00 0.001 226 nan nan
24 24 0.00 0.001 227 0.000278649995747 0.000489031939573
24 24 0.00 0.001 228 -0.000229763541537 0.000505844581788
24 24 0.00 0.001 229 nan nan
24 24 0.00 0.001 230 nan nan
24 24 0.00 0.001 231 -0.009907663093030 0.000452415137939
24 24 0.00 0.001 232 nan nan
24 24 0.00 0.001 233 nan nan
24 24 0.00 0.001 234 -0.013212776552376 0.000595557660488
24 24 0.00 0.001 235 nan nan
24 24 0.00 0.001 236 nan nan
24 24 0.00 0.001 237 nan nan
24 24 0.00 0.001 238 nan nan
24 24 0.00 0.001 239 nan nan
24 24 0.00 0.001 240 nan nan
24 24 0.00 0.001 241 nan nan
24 24 0.00 0.001 242 nan nan
24 24 0.00 0.001 243 nan nan
24 24 0.00 0.001 244 nan nan
24 24 0.00 0.001 245 -0.019775197623714 0.000571337896925
24 24 0.00 0.001 246 -0.020062747860567 0.000550422244111
24 24 0.00 0.001 247 nan nan
24 24 0.00 0.001 248 -0.010368850803643 0.000542224538356
24 24 0.00 0.001 249 nan nan
24 24 0.00 0.001 250 nan nan
24 24 0.00 0.001 251 nan nan
24 24 0.00 0.001 252 nan nan
24 24 0.00 0.001 253 nan nan
24 24 0.00 0.001 254 -0.009647627873006 0.000576739374229
24 24 0.00 0.001 255 nan nan
24 24 0.00 0.001 256 -0.021022523196724 0.000452156109138
24 24 0.00 0.001 257 -0.024633988636952 0.000617332148161
24 24 0.00 0.001 258 nan nan
24 24 0.00 0.001 259 -0.021849813529826 0.000583480772213
24 24 0.00 0.001 260 -0.015905784351361 0.000688136420447
24 24 0.00 0.001 261 -0.009304540291841 0.000438078145356
24 24 0.00 0.001 262 -0.003122085842082 0.000484858347112
24 24 0.00 0.001 263 0.000404130803806 0.000481571479426
24 24 0.00 0.001 264 0.000513283728948 0.000565295323343
24 24 0.00 0.001 265 -0.002466395677315 0.000507308323816
24 24 0.00 0.001 266 -0.009723355221189 0.000519755327996
24 24 0.00 0.001 267 nan nan
24 24 0.00 0.001 268 -0.024157346452425 0.000389406147782
24 24 0.00 0.001 269 nan nan
24 24 0.00 0.001 270 nan nan
24 24 0.00 0.001 271 nan nan
24 24 0.00 0.001 272 -0.019582747270875 0.000437817351906
24 24 0.00 0.001 273 nan nan
24 24 0.00 0.001 274 -0.005789326787022 0.000552520345146
24 24 0.00 0.001 275 nan nan
24 24 0.00 0.001 276 nan nan
24 24 0.00 0.001 277 -0.002942386217164 0.000444141620733
24 24 0.00 0.001 278 -0.009861970114008 0.000418104025467
24 24 0.00 0.001 279 nan nan
24 24 0.00 0.001 280 -0.025128653789430 0.000437199498944
24 24 0.00 0.001 281 nan nan
24 24 0.00 0.001 282 nan nan
24 24 0.00 0.001 283 nan nan
24 24 0.00 0.001 284 nan nan
24 24 0.00 0.001 285 nan nan
24 24 0.00 0.001 286 nan nan
24 24 0.00 0.001 287 nan nan
24 24 0.00 0.001 288 -0.000393202239034 0.000721875771039
24 24 0.05 0.001 0 0.000537655808696 0.000613924566907
24 24 0.05 0.001 1 nan nan
24 24 0.05 0.001 2 nan nan
24 24 0.05 0.001 3 nan nan
24 24 0.05 0.001 4 nan nan
24 24 0.05 0.001 5 -0.083081555371654 0.000507114561056
24 24 0.05 0.001 6 nan nan
24 24 0.05 0.001 7 nan nan
24 24 0.05 0.001 8 nan nan
24 24 0.05 0.001 9 nan nan
24 24 0.05 0.001 10 nan nan
24 24 0.05 0.001 11 nan nan
24 24 0.05 0.001 12 -0.058716061123166 0.000414949773673
24 24 0.05 0.001 13 nan nan
24 24 0.05 0.001 14 nan nan
24 24 0.05 0.001 15 -0.103940057376215 0.000565751101022
24 24 0.05 0.001 16 nan nan
24 24 0.05 0.001 17 -0.119760385888449 0.000526301004594
24 24 0.05 0.001 18 -0.118940743869727 0.000486598127256
24 24 0.05 0.001 19 nan nan
24 24 0.05 0.001 20 nan nan
24 24 0.05 0.001 21 nan nan
24 24 0.05 0.001 22 nan nan
24 24 0.05 0.001 23 nan nan
24 24 0.05 0.001 24 nan nan
24 24 0.05 0.001 25 nan nan
24 24 0.05 0.001 26 nan nan
24 24 0.05 0.001 27 nan nan
24 24 0.05 0.001 28 nan nan
24 24 0.05 0.001 29 nan nan
24 24 0.05 0.001 30 -0.102566391931933 0.000753020705494
24 24 0.05 0.001 31 nan nan
24 24 0.05 0.001 32 -0.080401352612125 0.000545443519476
24 24 0.05 0.001 33 nan nan
24 24 0.05 0.001 34 -0.052554282227246 0.000357712017339
24 24 0.05 0.001 35 nan nan
24 24 0.05 0.001 36 nan nan
24 24 0.05 0.001 37 nan nan
24 24 0.05 0.001 38 -0.033373308044673 0.000521280711852
24 24 0.05 0.001 39 nan nan
24 24 0.05 0.001 40 nan nan
24 24 0.05 0.001 41 nan nan
24 24 0.05 0.001 42 nan nan
24 24 0.05 0.001 43 nan nan
24 24 0.05 0.001 44 nan nan
24 24 0.05 0.001 45 nan nan
24 24 0.05 0.001 46 -0.030275306378707 0.000541936644831
24 24 0.05 0.001 47 nan nan
24 24 0.05 0.001 48 -0.022407101787892 0.000457920599293
24 24 0.05 0.001 49 nan nan
24 24 0.05 0.001 50 nan nan
24 24 0.05 0.001 51 nan nan
24 24 0.05 0.001 52 nan nan
24 24 0.05 0.001 53 nan nan
24 24 0.05 0.001 54 -0.022338059484021 0.000537047768413
24 24 0.05 0.001 55 -0.020782412713253 0.000415049336635
24 24 0.05 0.001 56 -0.015810674778678 0.000528176846503
24 24 0.05 0.001 57 nan nan
24 24 0.05 0.001 58 nan nan
24 24 0.05 0.001 59 nan nan
24 24 0.05 0.001 60 -0.003937404678882 0.000460795978999
24 24 0.05 0.001 61 nan nan
24 24 0.05 0.001 62 nan nan
24 24 0.05 0.001 63 nan nan
24 24 0.05 0.001 64 nan nan
24 24 0.05 0.001 65 0.002114184126634 0.000419351237258
24 24 0.05 0.001 66 0.002753660547137 0.000397922820181
24 24 0.05 0.001 67 nan nan
24 24 0.05 0.001 68 nan nan
24 24 0.05 0.001 69 nan nan
24 24 0.05 0.001 70 nan nan
24 24 0.05 0.001 71 0.016531969718262 0.000421623204316
24 24 0.05 0.001 72 0.016095503492450 0.000436717959341
24 24 0.05 0.001 73 nan nan
24 24 0.05 0.001 74 0.008892957934823 0.000444306637735
24 24 0.05 0.001 75 nan nan
24 24 0.05 0.001 76 -0.007172635776203 0.000398041545149
24 24 0.05 0.001 77 nan nan
24 24 0.05 0.001 78 -0.021653892478800 0.000469717784158
24 24 0.05 0.001 79 nan nan
24 24 0.05 0.001 80 nan nan
24 24 0.05 0.001 81 nan nan
24 24 0.05 0.001 82 -0.023593870852687 0.000447662278845
24 24 0.05 0.001 83 nan nan
24 24 0.05 0.001 84 nan nan
24 24 0.05 0.001 85 nan nan
24 24 0.05 0.001 86 nan nan
24 24 0.05 0.001 87 -0.011835838557363 0.000469870675635
24 24 0.05 0.001 88 nan nan
24 24 0.05 0.001 89 -0.010509613816964 0.000498375284050
24 24 0.05 0.001 90 -0.008402215764601 0.000438819432510
24 24 0.05 0.001 91 nan nan
24 24 0.05 0.001 92 nan nan
24 24 0.05 0.001 93 nan nan
24 24 0.05 0.001 94 nan nan
24 24 0.05 0.001 95 nan nan
24 24 0.05 0.001 96 nan nan
24 24 0.05 0.001 97 nan nan
24 24 0.05 0.001 98 nan nan
24 24 0.05 0.001 99 nan nan
24 24 0.05 0.001 100 nan nan
24 24 0.05 0.001 101 nan nan
24 24 0.05 0.001 102 -0.011603728361566 0.000449959746088
24 24 0.05 0.001 103 nan nan
24 24 0.05 0.001 104 nan nan
24 24 0.05 0.001 105 -0.006899898197300 0.000416411035211
24 24 0.05 0.001 106 -0.002432524406288 0.000431962562554
24 24 0.05 0.001 107 nan nan
24 24 0.05 0.001 108 nan nan
24 24 0.05 0.001 109 nan nan
24 24 0.05 0.001 110 nan nan
24 24 0.05 0.001 111 nan nan
24 24 0.05 0.001 112 nan nan
24 24 0.05 0.001 113 nan nan
24 24 0.05 0.001 114 -0.001556501811026 0.000391369788539
24 24 0.05 0.001 115 0.002991722294977 0.000412185069230
24 24 0.05 0.001 116 nan nan
24 24 0.05 0.001 117 nan nan
24 24 0.05 0.001 118 nan nan
24 24 0.05 0.001 119 -0.003645254364812 0.000442982133133
24 24 0.05 0.001 120 nan nan
24 24 0.05 0.001 121 nan nan
24 24 0.05 0.001 122 nan nan
24 24 0.05 0.001 123 0.000499661198967 0.000314738200096
24 24 0.05 0.001 124 nan nan
24 24 0.05 0.001 125 nan nan
24 24 0.05 0.001 126 nan nan
24 24 0.05 0.001 127 nan nan
24 24 0.05 0.001 128 nan nan
24 24 0.05 0.001 129 -0.001868129665194 0.000430952955658
24 24 0.05 0.001 130 nan nan
24 24 0.05 0.001 131 nan nan
24 24 0.05 0.001 132 nan nan
24 24 0.05 0.001 133 nan nan
24 24 0.05 0.001 134 nan nan
24 24 0.05 0.001 135 nan nan
24 24 0.05 0.001 136 nan nan
24 24 0.05 0.001 137 nan nan
24 24 0.05 0.001 138 nan nan
24 24 0.05 0.001 139 nan nan
24 24 0.05 0.001 140 -0.001170639090297 0.000369419548293
24 24 0.05 0.001 141 0.000078117114734 0.000415587697346
24 24 0.05 0.001 142 nan nan
24 24 0.05 0.001 143 0.000119646649729 0.000354337818765
24 24 0.05 0.001 144 nan nan
24 24 0.05 0.001 145 nan nan
24 24 0.05 0.001 146 nan nan
24 24 0.05 0.001 147 nan nan
24 24 0.05 0.001 148 nan nan
24 24 0.05 0.001 149 nan nan
24 24 0.05 0.001 150 0.000880505924249 0.000387947563044
24 24 0.05 0.001 151 0.002051228710661 0.000371922207890
24 24 0.05 0.001 152 nan nan
24 24 0.05 0.001 153 nan nan
24 24 0.05 0.001 154 nan nan
24 24 0.05 0.001 155 nan nan
24 24 0.05 0.001 156 nan nan
24 24 0.05 0.001 157 nan nan
24 24 0.05 0.001 158 nan nan
24 24 0.05 0.001 159 nan nan
24 24 0.05 0.001 160 nan nan
24 24 0.05 0.001 161 -0.001121445481925 0.000390061034036
24 24 0.05 0.001 162 nan nan
24 24 0.05 0.001 163 0.002190318991631 0.000438748992837
24 24 0.05 0.001 164 nan nan
24 24 0.05 0.001 165 nan nan
24 24 0.05 0.001 166 nan nan
24 24 0.05 0.001 167 nan nan
24 24 0.05 0.001 168 nan nan
24 24 0.05 0.001 169 nan nan
24 24 0.05 0.001 170 nan nan
24 24 0.05 0.001 171 0.000204274126476 0.000367667351836
24 24 0.05 0.001 172 -0.003969315763262 0.000488769898060
24 24 0.05 0.001 173 -0.001157861414178 0.000345971435822
24 24 0.05 0.001 174 nan nan
24 24 0.05 0.001 175 nan nan
24 24 0.05 0.001 176 nan nan
24 24 0.05 0.001 177 nan nan
24 24 0.05 0.001 178 nan nan
24 24 0.05 0.001 179 nan nan
24 24 0.05 0.001 180 -0.004965586115624 0.000439081166790
24 24 0.05 0.001 181 -0.005222603798047 0.000310621553212
24 24 0.05 0.001 182 nan nan
24 24 0.05 0.001 183 nan nan
24 24 0.05 0.001 184 -0.000610625030759 0.000411599924311
24 24 0.05 0.001 185 nan nan
24 24 0.05 0.001 186 nan nan
24 24 0.05 0.001 187 nan nan
24 24 0.05 0.001 188 nan nan
24 24 0.05 0.001 189 0.005324960845839 0.000389940092923
24 24 0.05 0.001 190 nan nan
24 24 0.05 0.001 191 nan nan
24 24 0.05 0.001 192 nan nan
24 24 0.05 0.001 193 -0.011432520837725 0.000458233109462
24 24 0.05 0.001 194 nan nan
24 24 0.05 0.001 195 nan nan
24 24 0.05 0.001 196 nan nan
24 24 0.05 0.001 197 -0.002308569520143 0.000430076599974
24 24 0.05 0.001 198 nan nan
24 24 0.05 0.001 199 nan nan
24 24 0.05 0.001 200 nan nan
24 24 0.05 0.001 201 nan nan
24 24 0.05 0.001 202 nan nan
24 24 0.05 0.001 203 nan nan
24 24 0.05 0.001 204 0.017766175102307 0.000377665219687
24 24 0.05 0.001 205 nan nan
24 24 0.05 0.001 206 nan nan
24 24 0.05 0.001 207 nan nan
24 24 0.05 0.001 208 0.015539523275637 0.000401931598362
24 24 0.05 0.001 209 0.011438540382633 0.000440763944506
24 24 0.05 0.001 210 0.009535082158598 0.000427779566811
24 24 0.05 0.001 211 nan nan
24 24 0.05 0.001 212 0.003294334274919 0.000493494165688
24 24 0.05 0.001 213 -0.000705084863870 0.000401935130015
24 24 0.05 0.001 214 nan nan
24 24 0.05 0.001 215 nan nan
24 24 0.05 0.001 216 nan nan
24 24 0.05 0.001 217 -0.020993533318072 0.000360389982381
24 24 0.05 0.001 218 -0.024132706808148 0.000452051106282
24 24 0.05 0.001 219 nan nan
24 24 0.05 0.001 220 -0.025656563018380 0.000427057816104
24 24 0.05 0.001 221 -0.023869063245911 0.000445610686273
24 24 0.05 0.001 222 nan nan
24 24 0.05 0.001 223 -0.015040562909960 0.000430119547264
24 24 0.05 0.001 224 -0.008773586310566 0.000567692502249
24 24 0.05 0.001 225 nan nan
24 24 0.05 0.001 226 0.001214951920940 0.000435149245177
24 24 0.05 0.001 227 nan nan
24 24 0.05 0.001 228 nan nan
24 24 0.05 0.001 229 nan nan
24 24 0.05 0.001 230 nan nan
24 24 0.05 0.001 231 nan nan
24 24 0.05 0.001 232 nan nan
24 24 0.05 0.001 233 nan nan
24 24 0.05 0.001 234 nan nan
24 24 0.05 0.001 235 nan nan
24 24 0.05 0.001 236 nan nan
24 24 0.05 0.001 237 nan nan
24 24 0.05 0.001 238 nan nan
24 24 0.05 0.001 239 0.020871056912895 0.000471285259743
24 24 0.05 0.001 240 nan nan
24 24 0.05 0.001 241 nan nan
24 24 0.05 0.001 242 nan nan
24 24 0.05 0.001 243 nan nan
24 24 0.05 0.001 244 nan nan
24 24 0.05 0.001 245 nan nan
24 24 0.05 0.001 246 nan nan
24 24 0.05 0.001 247 nan nan
24 24 0.05 0.001 248 nan nan
24 24 0.05 0.001 249 nan nan
24 24 0.05 0.001 250 nan nan
24 24 0.05 0.001 251 0.029322054619546 0.000609406378857
24 24 0.05 0.001 252 nan nan
24 24 0.05 0.001 253 nan nan
24 24 0.05 0.001 254 nan nan
24 24 0.05 0.001 255 0.034635229362094 0.000576336600139
24 24 0.05 0.001 256 nan nan
24 24 0.05 0.001 257 nan nan
24 24 0.05 0.001 258 nan nan
24 24 0.05 0.001 259 0.064298139920786 0.000543917817966
24 24 0.05 0.001 260 nan nan
24 24 0.05 0.001 261 0.085044190674261 0.000649641133119
24 24 0.05 0.001 262 nan nan
24 24 0.05 0.001 263 nan nan
24 24 0.05 0.001 264 0.085094954099886 0.000528983500032
24 24 0.05 0.001 265 0.092191448889325 0.000524272775052
24 24 0.05 0.001 266 0.068169449141591 0.000567167678127
24 24 0.05 0.001 267 0.059315404527894 0.000513162948533
24 24 0.05 0.001 268 0.053538809706699 0.000478369184961
24 24 0.05 0.001 269 nan nan
24 24 0.05 0.001 270 nan nan
24 24 0.05 0.001 271 nan nan
24 24 0.05 0.001 272 nan nan
24 24 0.05 0.001 273 0.078251574895899 0.000485256996456
24 24 0.05 0.001 274 nan nan
24 24 0.05 0.001 275 nan nan
24 24 0.05 0.001 276 0.058042740848723 0.000449391212787
24 24 0.05 0.001 277 nan nan
24 24 0.05 0.001 278 0.028023539906169 0.000461603425082
24 24 0.05 0.001 279 nan nan
24 24 0.05 0.001 280 nan nan
24 24 0.05 0.001 281 0.009287236555462 0.000450932117348
24 24 0.05 0.001 282 nan nan
24 24 0.05 0.001 283 nan nan
24 24 0.05 0.001 284 0.029982272575596 0.000523792082924
24 24 0.05 0.001 285 0.033406283718953 0.000676742042080
24 24 0.05 0.001 286 0.029609323425417 0.000678888017329
24 24 0.05 0.001 287 0.017010690424063 0.000609430080702
24 24 0.05 0.001 288 nan nan
24 24 0.10 0.001 0 0.000701505706719 0.000839587430339
24 24 0.10 0.001 1 -0.085391246806342 0.000808323837348
24 24 0.10 0.001 2 nan nan
24 24 0.10 0.001 3 -0.215626924560294 0.000753602395362
24 24 0.10 0.001 4 nan nan
24 24 0.10 0.001 5 nan nan
24 24 0.10 0.001 6 -0.223881141307915 0.000727541664248
24 24 0.10 0.001 7 -0.196291957679299 0.000780720691175
24 24 0.10 0.001 8 nan nan
24 24 0.10 0.001 9 -0.156676977302201 0.000601802641496
24 24 0.10 0.001 10 nan nan
24 24 0.10 0.001 11 nan nan
24 24 0.10 0.001 12 -0.233649446981829 0.000573817097936
24 24 0.10 0.001 13 nan nan
24 24 0.10 0.001 14 -0.340253765388057 0.001026189172213
24 24 0.10 0.001 15 -0.379189004832211 0.001113531236848
24 24 0.10 0.001 16 nan nan
24 24 0.10 0.001 17 nan nan
24 24 0.10 0.001 18 nan nan
24 24 0.10 0.001 19 nan nan
24 24 0.10 0.001 20 -0.318861044332231 0.000802336425262
24 24 0.10 0.001 21 nan nan
24 24 0.10 0.001 22 -0.275834799168462 0.001072890884735
24 24 0.10 0.001 23 -0.302069303522261 0.000921024297739
24 24 0.10 0.001 24 nan nan
24 24 0.10 0.001 25 nan nan
24 24 0.10 0.001 26 nan nan
24 24 0.10 0.001 27 nan nan
24 24 0.10 0.001 28 nan nan
24 24 0.10 0.001 29 -0.252105249343343 0.000700361359709
24 24 0.10 0.001 30 nan nan
24 24 0.10 0.001 31 nan nan
24 24 0.10 0.001 32 nan nan
24 24 0.10 0.001 33 nan nan
24 24 0.10 0.001 34 -0.110668024809257 0.000818365311004
24 24 0.10 0.001 35 nan nan
24 24 0.10 0.001 36 -0.048189798097554 0.000701215529677
24 24 0.10 0.001 37 nan nan
24 24 0.10 0.001 38 -0.088819792009741 0.000724610173638
24 24 0.10 0.001 39 nan nan
24 24 0.10 0.001 40 -0.116336786935807 0.000824789835374
24 24 0.10 0.001 41 nan nan
24 24 0.10 0.001 42 -0.091843495342051 0.000663595818110
24 24 0.10 0.001 43 -0.086210791291728 0.000755833509102
24 24 0.10 0.001 44 nan nan
24 24 0.10 0.001 45 nan nan
24 24 0.10 0.001 46 nan nan
24 24 0.10 0.001 47 nan nan
24 24 0.10 0.001 48 nan nan
24 24 0.10 0.001 49 nan nan
24 24 0.10 0.001 50 -0.051187731571338 0.000726050138824
24 24 0.10 0.001 51 nan nan
24 24 0.10 0.001 52 nan nan
24 24 0.10 0.001 53 -0.040673278458337 0.000765425155488
24 24 0.10 0.001 54 -0.023430845507542 0.000531305907190
24 24 0.10 0.001 55 nan nan
24 24 0.10 0.001 56 nan nan
24 24 0.10 0.001 57 nan nan
24 24 0.10 0.001 58 nan nan
24 24 0.10 0.001 59 nan nan
24 24 0.10 0.001 60 -0.039257036065150 0.000747317664143
24 24 0.10 0.001 61 nan nan
24 24 0.10 0.001 62 nan nan
24 24 0.10 0.001 63 nan nan
24 24 0.10 0.001 64 nan nan
24 24 0.10 0.001 65 nan nan
24 24 0.10 0.001 66 nan nan
24 24 0.10 0.001 67 0.005768644250969 0.000650639330737
24 24 0.10 0.001 68 0.016272795927479 0.000696897232320
24 24 0.10 0.001 69 nan nan
24 24 0.10 0.001 70 nan nan
24 24 0.10 0.001 71 nan nan
24 24 0.10 0.001 72 0.025721149550709 0.000537268123533
24 24 0.10 0.001 73 nan nan
24 24 0.10 0.001 74 nan nan
24 24 0.10 0.001 75 nan nan
24 24 0.10 0.001 76 nan nan
24 24 0.10 0.001 77 -0.079358085124977 0.000629986534768
24 24 0.10 0.001 78 nan nan
24 24 0.10 0.001 79 nan nan
24 24 0.10 0.001 80 -0.093375366483562 0.000665005826470
24 24 0.10 0.001 81 -0.076187935373787 0.000616512926095
24 24 0.10 0.001 82 -0.046403720080836 0.000681729776598
24 24 0.10 0.001 83 nan nan
24 24 0.10 0.001 84 nan nan
24 24 0.10 0.001 85 nan nan
24 24 0.10 0.001 86 nan nan
24 24 0.10 0.001 87 nan nan
24 24 0.10 0.001 88 nan nan
24 24 0.10 0.001 89 nan nan
24 24 0.10 0.001 90 nan nan
24 24 0.10 0.001 91 -0.025376248042038 0.000484765728538
24 24 0.10 0.001 92 -0.022074659300769 0.000501644361124
24 24 0.10 0.001 93 nan nan
24 24 0.10 0.001 94 nan nan
24 24 0.10 0.001 95 nan nan
24 24 0.10 0.001 96 nan nan
24 24 0.10 0.001 97 nan nan
24 24 0.10 0.001 98 nan nan
24 24 0.10 0.001 99 nan nan
24 24 0.10 0.001 100 nan nan
24 24 0.10 0.001 101 -0.030592338122540 0.000633028443597
24 24 0.10 0.001 102 nan nan
24 24 0.10 0.001 103 nan nan
24 24 0.10 0.001 104 nan nan
24 24 0.10 0.001 105 -0.015345873626817 0.000563171316177
24 24 0.10 0.001 106 -0.008916836115729 0.000634105058767
24 24 0.10 0.001 107 nan nan
24 24 0.10 0.001 108 nan nan
24 24 0.10 0.001 109 nan nan
24 24 0.10 0.001 110 -0.019831766816635 0.000444680733680
24 24 0.10 0.001 111 -0.020898880808857 0.000498970256056
24 24 0.10 0.001 112 nan nan
24 24 0.10 0.001 113 nan nan
24 24 0.10 0.001 114 nan nan
24 24 0.10 0.001 115 nan nan
24 24 0.10 0.001 116 nan nan
24 24 0.10 0.001 117 nan nan
24 24 0.10 0.001 118 nan nan
24 24 0.10 0.001 119 nan nan
24 24 0.10 0.001 120 nan nan
24 24 0.10 0.001 121 nan nan
24 24 0.10 0.001 122 nan nan
24 24 0.10 0.001 123 nan nan
24 24 0.10 0.001 124 nan nan
24 24 0.10 0.001 125 nan nan
24 24 0.10 0.001 126 nan nan
24 24 0.10 0.001 127 nan nan
24 24 0.10 0.001 128 -0.000687391301097 0.000405451701345
24 24 0.10 0.001 129 nan nan
24 24 0.10 0.001 130 -0.004960460208918 0.000422106413164
24 24 0.10 0.001 131 nan nan
24 24 0.10 0.001 132 nan nan
24 24 0.10 0.001 133 nan nan
24 24 0.10 0.001 134 nan nan
24 24 0.10 0.001 135 nan nan
24 24 0.10 0.001 136 nan nan
24 24 0.10 0.001 137 nan nan
24 24 0.10 0.001 138 nan nan
24 24 0.10 0.001 139 -0.003158193764437 0.000474069233119
24 24 0.10 0.001 140 nan nan
24 24 0.10 0.001 141 -0.001279236659971 0.000514658916803
24 24 0.10 0.001 142 nan nan
24 24 0.10 0.001 143 nan nan
24 24 0.10 0.001 144 nan nan
24 24 0.10 0.001 145 nan nan
24 24 0.10 0.001 146 nan nan
24 24 0.10 0.001 147 nan nan
24 24 0.10 0.001 148 nan nan
24 24 0.10 0.001 149 nan nan
24 24 0.10 0.001 150 nan nan
24 24 0.10 0.001 151 nan nan
24 24 0.10 0.001 152 nan nan
24 24 0.10 0.001 153 0.003762333919982 0.000519621358571
24 24 0.10 0.001 154 nan nan
24 24 0.10 0.001 155 nan nan
24 24 0.10 0.001 156 nan nan
24 24 0.10 0.001 157 nan nan
24 24 0.10 0.001 158 nan nan
24 24 0.10 0.001 159 nan nan
24 24 0.10 0.001 160 nan nan
24 24 0.10 0.001 161 nan nan
24 24 0.10 0.001 162 nan nan
24 24 0.10 0.001 163 nan nan
24 24 0.10 0.001 164 0.003530753758695 0.000594068765132
24 24 0.10 0.001 165 nan nan
24 24 0.10 0.001 166 nan nan
24 24 0.10 0.001 167 nan nan
24 24 0.10 0.001 168 0.006681811129805 0.000524110396606
24 24 0.10 0.001 169 nan nan
24 24 0.10 0.001 170 nan nan
24 24 0.10 0.001 171 nan nan
24 24 0.10 0.001 172 nan nan
24 24 0.10 0.001 173 nan nan
24 24 0.10 0.001 174 nan nan
24 24 0.10 0.001 175 nan nan
24 24 0.10 0.001 176 nan nan
24 24 0.10 0.001 177 nan nan
24 24 0.10 0.001 178 nan nan
24 24 0.10 0.001 179 nan nan
24 24 0.10 0.001 180 nan nan
24 24 0.10 0.001 181 nan nan
24 24 0.10 0.001 182 nan nan
24 24 0.10 0.001 183 nan nan
24 24 0.10 0.001 184 0.009537938243471 0.000592934809221
24 24 0.10 0.001 185 nan nan
24 24 0.10 0.001 186 nan nan
24 24 0.10 0.001 187 nan nan
24 24 0.10 0.001 188 nan nan
24 24 0.10 0.001 189 nan nan
24 24 0.10 0.001 190 nan nan
24 24 0.10 0.001 191 nan nan
24 24 0.10 0.001 192 nan nan
24 24 0.10 0.001 193 nan nan
24 24 0.10 0.001 194 -0.012590271843739 0.000618579339564
24 24 0.10 0.001 195 nan nan
24 24 0.10 0.001 196 0.018960301807966 0.000491856921726
24 24 0.10 0.001 197 0.013234232320487 0.000642896600440
24 24 0.10 0.001 198 nan nan
24 24 0.10 0.001 199 0.018433866448041 0.000480007704093
24 24 0.10 0.001 200 nan nan
24 24 0.10 0.001 201 nan nan
24 24 0.10 0.001 202 nan nan
24 24 0.10 0.001 203 nan nan
24 24 0.10 0.001 204 0.073174022761634 0.000673719256237
24 24 0.10 0.001 205 nan nan
24 24 0.10 0.001 206 nan nan
24 24 0.10 0.001 207 nan nan
24 24 0.10 0.001 208 nan nan
24 24 0.10 0.001 209 nan nan
24 24 0.10 0.001 210 nan nan
24 24 0.10 0.001 211 nan nan
24 24 0.10 0.001 212 nan nan
24 24 0.10 0.001 213 nan nan
24 24 0.10 0.001 214 0.009542842993983 0.000512223733466
24 24 0.10 0.001 215 nan nan
24 24 0.10 0.001 216 nan nan
24 24 0.10 0.001 217 nan nan
24 24 0.10 0.001 218 nan nan
24 24 0.10 0.001 219 -0.037240802357465 0.000570167668221
24 24 0.10 0.001 220 -0.033986555512873 0.000571863585037
24 24 0.10 0.001 221 nan nan
24 24 0.10 0.001 222 -0.015725826453118 0.000642211830155
24 24 0.10 0.001 223 nan nan
24 24 0.10 0.001 224 nan nan
24 24 0.10 0.001 225 0.006538798920711 0.000734184297338
24 24 0.10 0.001 226 0.015573633084732 0.000682245485749
24 24 0.10 0.001 227 nan nan
24 24 0.10 0.001 228 nan nan
24 24 0.10 0.001 229 nan nan
24 24 0.10 0.001 230 -0.020065756429957 0.000481332609345
24 24 0.10 0.001 231 nan nan
24 24 0.10 0.001 232 nan nan
24 24 0.10 0.001 233 nan nan
24 24 0.10 0.001 234 nan nan
24 24 0.10 0.001 235 0.019790929941485 0.000686317173308
24 24 0.10 0.001 236 nan nan
24 24 0.10 0.001 237 0.036702464300508 0.000850855980214
24 24 0.10 0.001 238 0.048495422238407 0.000611418064127
24 24 0.10 0.001 239 nan nan
24 24 0.10 0.001 240 nan nan
24 24 0.10 0.001 241 nan nan
24 24 0.10 0.001 242 nan nan
24 24 0.10 0.001 243 nan nan
24 24 0.10 0.001 244 nan nan
24 24 0.10 0.001 245 nan nan
24 24 0.10 0.001 246 0.053458863551615 0.000690542407912
24 24 0.10 0.001 247 nan nan
24 24 0.10 0.001 248 nan nan
24 24 0.10 0.001 249 nan nan
24 24 0.10 0.001 250 nan nan
24 24 0.10 0.001 251 nan nan
24 24 0.10 0.001 252 0.047434565080778 0.000627141405858
24 24 0.10 0.001 253 nan nan
24 24 0.10 0.001 254 0.091368794666948 0.000714344608494
24 24 0.10 0.001 255 nan nan
24 24 0.10 0.001 256 nan nan
24 24 0.10 0.001 257 nan nan
24 24 0.10 0.001 258 nan nan
24 24 0.10 0.001 259 nan nan
24 24 0.10 0.001 260 nan nan
24 24 0.10 0.001 261 nan nan
24 24 0.10 0.001 262 nan nan
24 24 0.10 0.001 263 nan nan
24 24 0.10 0.001 264 0.256532717858689 0.000835898057636
24 24 0.10 0.001 265 nan nan
24 24 0.10 0.001 266 nan nan
24 24 0.10 0.001 267 nan nan
24 24 0.10 0.001 268 nan nan
24 24 0.10 0.001 269 nan nan
24 24 0.10 0.001 270 nan nan
24 24 0.10 0.001 271 0.340460904677418 0.000981027237914
24 24 0.10 0.001 272 nan nan
24 24 0.10 0.001 273 nan nan
24 24 0.10 0.001 274 nan nan
24 24 0.10 0.001 275 nan nan
24 24 0.10 0.001 276 nan nan
24 24 0.10 0.001 277 nan nan
24 24 0.10 0.001 278 0.142335854287169 0.000673686668389
24 24 0.10 0.001 279 0.116186525549972 0.000758271744007
24 24 0.10 0.001 280 nan nan
24 24 0.10 0.001 281 nan nan
24 24 0.10 0.001 282 nan nan
24 24 0.10 0.001 283 0.177686551362739 0.000653746458910
24 24 0.10 0.001 284 nan nan
24 24 0.10 0.001 285 nan nan
24 24 0.10 0.001 286 nan nan
24 24 0.10 0.001 287 nan nan
24 24 0.10 0.001 288 nan nan
24 24 0.15 0.001 0 nan nan
24 24 0.15 0.001 1 0.157964221440391 0.001035798639216
24 24 0.15 0.001 2 nan nan
24 24 0.15 0.001 3 0.367959846787502 0.001280764384852
24 24 0.15 0.001 4 nan nan
24 24 0.15 0.001 5 nan nan
24 24 0.15 0.001 6 nan nan
24 24 0.15 0.001 7 0.291146194462179 0.001008407455538
24 24 0.15 0.001 8 nan nan
24 24 0.15 0.001 9 nan nan
24 24 0.15 0.001 10 0.288535533685770 0.000990730804033
24 24 0.15 0.001 11 nan nan
24 24 0.15 0.001 12 nan nan
24 24 0.15 0.001 13 nan nan
24 24 0.15 0.001 14 nan nan
24 24 0.15 0.001 15 nan nan
24 24 0.15 0.001 16 nan nan
24 24 0.15 0.001 17 0.681904196278639 0.001503760647748
24 24 0.15 0.001 18 nan nan
24 24 0.15 0.001 19 nan nan
24 24 0.15 0.001 20 0.507749763210454 0.001576990028608
24 24 0.15 0.001 21 nan nan
24 24 0.15 0.001 22 nan nan
24 24 0.15 0.001 23 nan nan
24 24 0.15 0.001 24 nan nan
24 24 0.15 0.001 25 nan nan
24 24 0.15 0.001 26 nan nan
24 24 0.15 0.001 27 nan nan
24 24 0.15 0.001 28 nan nan
24 24 0.15 0.001 29 nan nan
24 24 0.15 0.001 30 nan nan
24 24 0.15 0.001 31 nan nan
24 24 0.15 0.001 32 nan nan
24 24 0.15 0.001 33 nan nan
24 24 0.15 0.001 34 nan nan
24 24 0.15 0.001 35 nan nan
24 24 0.15 0.001 36 0.189551329989747 0.000728840029131
24 24 0.15 0.001 37 0.202061812194092 0.000683055070371
24 24 0.15 0.001 38 nan nan
24 24 0.15 0.001 39 nan nan
24 24 0.15 0.001 40 nan nan
24 24 0.15 0.001 41 nan nan
24 24 0.15 0.001 42 nan nan
24 24 0.15 0.001 43 0.189259802213934 0.000831811034817
24 24 0.15 0.001 44 nan nan
24 24 0.15 0.001 45 nan nan
24 24 0.15 0.001 46 nan nan
24 24 0.15 0.001 47 nan nan
24 24 0.15 0.001 48 nan nan
24 24 0.15 0.001 49 nan nan
24 24 0.15 0.001 50 0.212129647492848 0.000761716274284
24 24 0.15 0.001 51 nan nan
24 24 0.15 0.001 52 nan nan
24 24 0.15 0.001 53 nan nan
24 24 0.15 0.001 54 nan nan
24 24 0.15 0.001 55 0.158548689299073 0.000916935384060
24 24 0.15 0.001 56 nan nan
24 24 0.15 0.001 57 0.107276635669140 0.000678023459008
24 24 0.15 0.001 58 0.093661868238331 0.000649687621364
24 24 0.15 0.001 59 nan nan
24 24 0.15 0.001 60 nan nan
24 24 0.15 0.001 61 nan nan
24 24 0.15 0.001 62 nan nan
24 24 0.15 0.001 63 nan nan
24 24 0.15 0.001 64 nan nan
24 24 0.15 0.001 65 nan nan
24 24 0.15 0.001 66 0.119950045743608 0.000962263092250
24 24 0.15 0.001 67 0.102575956236183 0.000773347721290
24 24 0.15 0.001 68 nan nan
24 24 0.15 0.001 69 0.083584115910281 0.000899226201843
24 24 0.15 0.001 70 nan nan
24 24 0.15 0.001 71 nan nan
24 24 0.15 0.001 72 nan nan
24 24 0.15 0.001 73 nan nan
24 24 0.15 0.001 74 nan nan
24 24 0.15 0.001 75 0.185413169737124 0.000667682486271
24 24 0.15 0.001 76 0.222668913914904 0.000840368385064
24 24 0.15 0.001 77 0.249292436567359 0.000798487999542
24 24 0.15 0.001 78 0.257869610181134 0.000871183302994
24 24 0.15 0.001 79 0.237548492837202 0.000836402621638
24 24 0.15 0.001 80 nan nan
24 24 0.15 0.001 81 nan nan
24 24 0.15 0.001 82 nan nan
24 24 0.15 0.001 83 nan nan
24 24 0.15 0.001 84 nan nan
24 24 0.15 0.001 85 nan nan
24 24 0.15 0.001 86 nan nan
24 24 0.15 0.001 87 nan nan
24 24 0.15 0.001 88 nan nan
24 24 0.15 0.001 89 nan nan
24 24 0.15 0.001 90 0.098285321886686 0.000678527467912
24 24 0.15 0.001 91 nan nan
24 24 0.15 0.001 92 0.134653941139950 0.000829609910418
24 24 0.15 0.001 93 nan nan
24 24 0.15 0.001 94 0.079317426633529 0.000688926865398
24 24 0.15 0.001 95 nan nan
24 24 0.15 0.001 96 nan nan
24 24 0.15 0.001 97 nan nan
24 24 0.15 0.001 98 nan nan
24 24 0.15 0.001 99 nan nan
24 24 0.15 0.001 100 0.159576943125916 0.000663808367166
24 24 0.15 0.001 101 nan nan
24 24 0.15 0.001 102 nan nan
24 24 0.15 0.001 103 0.109540142009157 0.000737509979433
24 24 0.15 0.001 104 nan nan
24 24 0.15 0.001 105 nan nan
24 24 0.15 0.001 106 nan nan
24 24 0.15 0.001 107 nan nan
24 24 0.15 0.001 108 nan nan
24 24 0.15 0.001 109 nan nan
24 24 0.15 0.001 110 nan nan
24 24 0.15 0.001 111 nan nan
24 24 0.15 0.001 112 nan nan
24 24 0.15 0.001 113 nan nan
24 24 0.15 0.001 114 nan nan
24 24 0.15 0.001 115 0.047334405731760 0.000364370552673
24 24 0.15 0.001 116 nan nan
24 24 0.15 0.001 117 nan nan
24 24 0.15 0.001 118 nan nan
24 24 0.15 0.001 119 nan nan
24 24 0.15 0.001 120 nan nan
24 24 0.15 0.001 121 nan nan
24 24 0.15 0.001 122 nan nan
24 24 0.15 0.001 123 nan nan
24 24 0.15 0.001 124 0.049268203522558 0.000568875978636
24 24 0.15 0.001 125 nan nan
24 24 0.15 0.001 126 nan nan
24 24 0.15 0.001 127 nan nan
24 24 0.15 0.001 128 nan nan
24 24 0.15 0.001 129 nan nan
24 24 0.15 0.001 130 0.033513618981524 0.000625409193144
24 24 0.15 0.001 131 nan nan
24 24 0.15 0.001 132 0.050451352841766 0.000891456520439
24 24 0.15 0.001 133 nan nan
24 24 0.15 0.001 134 nan nan
24 24 0.15 0.001 135 nan nan
24 24 0.15 0.001 136 0.018405519096693 0.000565059190215
24 24 0.15 0.001 137 nan nan
24 24 0.15 0.001 138 nan nan
24 24 0.15 0.001 139 nan nan
24 24 0.15 0.001 140 nan nan
24 24 0.15 0.001 141 nan nan
24 24 0.15 0.001 142 nan nan
24 24 0.15 0.001 143 nan nan
24 24 0.15 0.001 144 nan nan
24 24 0.15 0.001 145 nan nan
24 24 0.15 0.001 146 nan nan
24 24 0.15 0.001 147 -0.004667035949678 0.000626090363586
24 24 0.15 0.001 148 nan nan
24 24 0.15 0.001 149 nan nan
24 24 0.15 0.001 150 nan nan
24 24 0.15 0.001 151 nan nan
24 24 0.15 0.001 152 nan nan
24 24 0.15 0.001 153 nan nan
24 24 0.15 0.001 154 nan nan
24 24 0.15 0.001 155 nan nan
24 24 0.15 0.001 156 nan nan
24 24 0.15 0.001 157 nan nan
24 24 0.15 0.001 158 nan nan
24 24 0.15 0.001 159 nan nan
24 24 0.15 0.001 160 nan nan
24 24 0.15 0.001 161 nan nan
24 24 0.15 0.001 162 nan nan
24 24 0.15 0.001 163 nan nan
24 24 0.15 0.001 164 nan nan
24 24 0.15 0.001 165 nan nan
24 24 0.15 0.001 166 nan nan
24 24 0.15 0.001 167 -0.062732762088811 0.000545360210858
24 24 0.15 0.001 168 -0.060189744027668 0.000653923376455
24 24 0.15 0.001 169 nan nan
24 24 0.15 0.001 170 nan nan
24 24 0.15 0.001 171 nan nan
24 24 0.15 0.001 172 nan nan
24 24 0.15 0.001 173 nan nan
24 24 0.15 0.001 174 -0.075271369490154 0.000591087870509
24 24 0.15 0.001 175 nan nan
24 24 0.15 0.001 176 nan nan
24 24 0.15 0.001 177 nan nan
24 24 0.15 0.001 178 nan nan
24 24 0.15 0.001 179 nan nan
24 24 0.15 0.001 180 -0.067395188899376 0.000619031330734
24 24 0.15 0.001 181 nan nan
24 24 0.15 0.001 182 -0.085681804367146 0.000829225067637
24 24 0.15 0.001 183 nan nan
24 24 0.15 0.001 184 nan nan
24 24 0.15 0.001 185 nan nan
24 24 0.15 0.001 186 nan nan
24 24 0.15 0.001 187 nan nan
24 24 0.15 0.001 188 nan nan
24 24 0.15 0.001 189 -0.150329837209266 0.000527854351397
24 24 0.15 0.001 190 nan nan
24 24 0.15 0.001 191 nan nan
24 24 0.15 0.001 192 nan nan
24 24 0.15 0.001 193 nan nan
24 24 0.15 0.001 194 nan nan
24 24 0.15 0.001 195 nan nan
24 24 0.15 0.001 196 nan nan
24 24 0.15 0.001 197 -0.126865301590219 0.000798973390964
24 24 0.15 0.001 198 nan nan
24 24 0.15 0.001 199 -0.133938899782304 0.000760281366849
24 24 0.15 0.001 200 nan nan
24 24 0.15 0.001 201 nan nan
24 24 0.15 0.001 202 nan nan
24 24 0.15 0.001 203 nan nan
24 24 0.15 0.001 204 nan nan
24 24 0.15 0.001 205 nan nan
24 24 0.15 0.001 206 nan nan
24 24 0.15 0.001 207 nan nan
24 24 0.15 0.001 208 nan nan
24 24 0.15 0.001 209 nan nan
24 24 0.15 0.001 210 -0.269336695488154 0.000842530108619
24 24 0.15 0.001 211 nan nan
24 24 0.15 0.001 212 nan nan
24 24 0.15 0.001 213 -0.185201469989733 0.000766983615748
24 24 0.15 0.001 214 nan nan
24 24 0.15 0.001 215 nan nan
24 24 0.15 0.001 216 -0.079943151606895 0.000566200786415
24 24 0.15 0.001 217 nan nan
24 24 0.15 0.001 218 nan nan
24 24 0.15 0.001 219 -0.088469808016073 0.000689926799933
24 24 0.15 0.001 220 -0.101744448984355 0.000870045488003
24 24 0.15 0.001 221 nan nan
24 24 0.15 0.001 222 nan nan
24 24 0.15 0.001 223 -0.144108764995424 0.000785775811130
24 24 0.15 0.001 224 nan nan
24 24 0.15 0.001 225 nan nan
24 24 0.15 0.001 226 -0.145600395610835 0.001025118755550
24 24 0.15 0.001 227 nan nan
24 24 0.15 0.001 228 nan nan
24 24 0.15 0.001 229 nan nan
24 24 0.15 0.001 230 nan nan
24 24 0.15 0.001 231 -0.125343397714528 0.000933518366307
24 24 0.15 0.001 232 nan nan
24 24 0.15 0.001 233 nan nan
24 24 0.15 0.001 234 nan nan
24 24 0.15 0.001 235 nan nan
24 24 0.15 0.001 236 nan nan
24 24 0.15 0.001 237 -0.196175418079363 0.000870849322907
24 24 0.15 0.001 238 nan nan
24 24 0.15 0.001 239 nan nan
24 24 0.15 0.001 240 nan nan
24 24 0.15 0.001 241 nan nan
24 24 0.15 0.001 242 nan nan
24 24 0.15 0.001 243 -0.207949798397964 0.000760653782748
24 24 0.15 0.001 244 nan nan
24 24 0.15 0.001 245 nan nan
24 24 0.15 0.001 246 nan nan
24 24 0.15 0.001 247 nan nan
24 24 0.15 0.001 248 nan nan
24 24 0.15 0.001 249 nan nan
24 24 0.15 0.001 250 nan nan
24 24 0.15 0.001 251 nan nan
24 24 0.15 0.001 252 nan nan
24 24 0.15 0.001 253 nan nan
24 24 0.15 0.001 254 nan nan
24 24 0.15 0.001 255 -0.303535978002964 0.001084527520114
24 24 0.15 0.001 256 nan nan
24 24 0.15 0.001 257 nan nan
24 24 0.15 0.001 258 nan nan
24 24 0.15 0.001 259 nan nan
24 24 0.15 0.001 260 nan nan
24 24 0.15 0.001 261 nan nan
24 24 0.15 0.001 262 nan nan
24 24 0.15 0.001 263 -0.445222473285085 0.001132105650179
24 24 0.15 0.001 264 nan nan
24 24 0.15 0.001 265 -0.509037210132313 0.001334066271964
24 24 0.15 0.001 266 nan nan
24 24 0.15 0.001 267 -0.496362322025594 0.001294473165488
24 24 0.15 0.001 268 -0.542959789579284 0.001041102124579
24 24 0.15 0.001 269 nan nan
24 24 0.15 0.001 270 nan nan
24 24 0.15 0.001 271 nan nan
24 24 0.15 0.001 272 nan nan
24 24 0.15 0.001 273 -0.712473644374479 0.001542750075652
24 24 0.15 0.001 274 nan nan
24 24 0.15 0.001 275 -0.556931789356589 0.001294633741574
24 24 0.15 0.001 276 nan nan
24 24 0.15 0.001 277 nan nan
24 24 0.15 0.001 278 nan nan
24 24 0.15 0.001 279 -0.274390244913488 0.000760381030774
24 24 0.15 0.001 280 nan nan
24 24 0.15 0.001 281 -0.328460986906369 0.000910337945784
24 24 0.15 0.001 282 -0.381055447018463 0.000940441395542
24 24 0.15 0.001 283 nan nan
24 24 0.15 0.001 284 -0.431252761308985 0.001043792373960
24 24 0.15 0.001 285 nan nan
24 24 0.15 0.001 286 -0.298890428943436 0.001460142715879
24 24 0.15 0.001 287 nan nan
24 24 0.15 0.001 288 nan nan
24 24 0.20 0.001 0 nan nan
24 24 0.20 0.001 1 0.043574322108972 0.000595393786527
24 24 0.20 0.001 2 nan nan
24 24 0.20 0.001 3 nan nan
24 24 0.20 0.001 4 nan nan
24 24 0.20 0.001 5 nan nan
24 24 0.20 0.001 6 0.076065862097665 0.000411806435916
24 24 0.20 0.001 7 0.062437833010263 0.000396458644949
24 24 0.20 0.001 8 nan nan
24 24 0.20 0.001 9 0.061466412681446 0.000528574601132
24 24 0.20 0.001 10 nan nan
24 24 0.20 0.001 11 nan nan
24 24 0.20 0.001 12 nan nan
24 24 0.20 0.001 13 nan nan
24 24 0.20 0.001 14 nan nan
24 24 0.20 0.001 15 0.197633037420109 0.000767966377944
24 24 0.20 0.001 16 0.199496128062368 0.000582083067107
24 24 0.20 0.001 17 nan nan
24 24 0.20 0.001 18 0.181374272439027 0.000521109422126
24 24 0.20 0.001 19 nan nan
24 24 0.20 0.001 20 nan nan
24 24 0.20 0.001 21 0.166148802966263 0.000560229783559
24 24 0.20 0.001 22 nan nan
24 24 0.20 0.001 23 nan nan
24 24 0.20 0.001 24 nan nan
24 24 0.20 0.001 25 0.224975214395362 0.000707634329017
24 24 0.20 0.001 26 0.235412010532142 0.000680255684733
24 24 0.20 0.001 27 nan nan
24 24 0.20 0.001 28 nan nan
24 24 0.20 0.001 29 nan nan
24 24 0.20 0.001 30 0.199059061599271 0.000524185382298
24 24 0.20 0.001 31 nan nan
24 24 0.20 0.001 32 nan nan
24 24 0.20 0.001 33 nan nan
24 24 0.20 0.001 34 nan nan
24 24 0.20 0.001 35 nan nan
24 24 0.20 0.001 36 0.156951753415516 0.000567493821003
24 24 0.20 0.001 37 nan nan
24 24 0.20 0.001 38 nan nan
24 24 0.20 0.001 39 0.182838974833805 0.000634960680142
24 24 0.20 0.001 40 nan nan
24 24 0.20 0.001 41 0.169237289470098 0.000637611510053
24 24 0.20 0.001 42 nan nan
24 24 0.20 0.001 43 nan nan
24 24 0.20 0.001 44 0.146019780459343 0.000709446516443
24 24 0.20 0.001 45 nan nan
24 24 0.20 0.001 46 nan nan
24 24 0.20 0.001 47 nan nan
24 24 0.20 0.001 48 nan nan
24 24 0.20 0.001 49 nan nan
24 24 0.20 0.001 50 0.159309515334467 0.000544116467247
24 24 0.20 0.001 51 0.157371190543488 0.000575989620925
24 24 0.20 0.001 52 nan nan
24 24 0.20 0.001 53 nan nan
24 24 0.20 0.001 54 nan nan
24 24 0.20 0.001 55 nan nan
24 24 0.20 0.001 56 0.114111974985707 0.000541477636551
24 24 0.20 0.001 57 nan nan
24 24 0.20 0.001 58 nan nan
24 24 0.20 0.001 59 0.114934970759867 0.000585351871207
24 24 0.20 0.001 60 0.123710805204189 0.000549651432030
24 24 0.20 0.001 61 nan nan
24 24 0.20 0.001 62 0.123715113421709 0.000476402366957
24 24 0.20 0.001 63 nan nan
24 24 0.20 0.001 64 nan nan
24 24 0.20 0.001 65 nan nan
24 24 0.20 0.001 66 0.097300943810236 0.000561885070490
24 24 0.20 0.001 67 0.089042441746916 0.000418344761399
24 24 0.20 0.001 68 0.082563333775915 0.000472866922800
24 24 0.20 0.001 69 nan nan
24 24 0.20 0.001 70 0.074046204949587 0.000549579463141
24 24 0.20 0.001 71 0.077454990094347 0.000365555842827
24 24 0.20 0.001 72 nan nan
24 24 0.20 0.001 73 nan nan
24 24 0.20 0.001 74 nan nan
24 24 0.20 0.001 75 0.109924795264649 0.000411679729204
24 24 0.20 0.001 76 nan nan
24 24 0.20 0.001 77 nan nan
24 24 0.20 0.001 78 0.124508248027584 0.000377894246780
24 24 0.20 0.001 79 nan nan
24 24 0.20 0.001 80 nan nan
24 24 0.20 0.001 81 0.114950346463383 0.000580549633412
24 24 0.20 0.001 82 nan nan
24 24 0.20 0.001 83 nan nan
24 24 0.20 0.001 84 nan nan
24 24 0.20 0.001 85 nan nan
24 24 0.20 0.001 86 nan nan
24 24 0.20 0.001 87 0.114971874203378 0.000369807731190
24 24 0.20 0.001 88 nan nan
24 24 0.20 0.001 89 nan nan
24 24 0.20 0.001 90 0.097319492161610 0.000501642934835
24 24 0.20 0.001 91 nan nan
24 24 0.20 0.001 92 0.095898336099569 0.000366025581693
24 24 0.20 0.001 93 nan nan
24 24 0.20 0.001 94 0.070235547608233 0.000350290572150
24 24 0.20 0.001 95 0.066128013019946 0.000430871412519
24 24 0.20 0.001 96 0.068760882179255 0.000431263296365
24 24 0.20 0.001 97 0.073175931948727 0.000463807265508
24 24 0.20 0.001 98 0.080636189407424 0.000383236547715
24 24 0.20 0.001 99 nan nan
24 24 0.20 0.001 100 0.093229691618947 0.000460888847935
24 24 0.20 0.001 101 nan nan
24 24 0.20 0.001 102 nan nan
24 24 0.20 0.001 103 nan nan
24 24 0.20 0.001 104 nan nan
24 24 0.20 0.001 105 nan nan
24 24 0.20 0.001 106 0.064275765915507 0.000498380608791
24 24 0.20 0.001 107 nan nan
24 24 0.20 0.001 108 nan nan
24 24 0.20 0.001 109 nan nan
24 24 0.20 0.001 110 nan nan
24 24 0.20 0.001 111 nan nan
24 24 0.20 0.001 112 nan nan
24 24 0.20 0.001 113 nan nan
24 24 0.20 0.001 114 0.058611220083478 0.000441495209239
24 24 0.20 0.001 115 nan nan
24 24 0.20 0.001 116 nan nan
24 24 0.20 0.001 117 nan nan
24 24 0.20 0.001 118 nan nan
24 24 0.20 0.001 119 nan nan
24 24 0.20 0.001 120 nan nan
24 24 0.20 0.001 121 0.045197977997540 0.000531899323679
24 24 0.20 0.001 122 0.046163524297728 0.000384652200513
24 24 0.20 0.001 123 0.043073358619376 0.000352651254023
24 24 0.20 0.001 124 nan nan
24 24 0.20 0.001 125 nan nan
24 24 0.20 0.001 126 nan nan
24 24 0.20 0.001 127 nan nan
24 24 0.20 0.001 128 nan nan
24 24 0.20 0.001 129 0.029866955632173 0.000445278294887
24 24 0.20 0.001 130 nan nan
24 24 0.20 0.001 131 nan nan
24 24 0.20 0.001 132 nan nan
24 24 0.20 0.001 133 nan nan
24 24 0.20 0.001 134 nan nan
24 24 0.20 0.001 135 0.020136036735296 0.000414241620703
24 24 0.20 0.001 136 nan nan
24 24 0.20 0.001 137 nan nan
24 24 0.20 0.001 138 nan nan
24 24 0.20 0.001 139 nan nan
24 24 0.20 0.001 140 nan nan
24 24 0.20 0.001 141 nan nan
24 24 0.20 0.001 142 nan nan
24 24 0.20 0.001 143 0.002620473795187 0.000382810470664
24 24 0.20 0.001 144 nan nan
24 24 0.20 0.001 145 nan nan
24 24 0.20 0.001 146 nan nan
24 24 0.20 0.001 147 -0.007429952410559 0.000419705601025
24 24 0.20 0.001 148 -0.009098404497669 0.000447204929927
24 24 0.20 0.001 149 nan nan
24 24 0.20 0.001 150 -0.013019077957520 0.000427977757387
24 24 0.20 0.001 151 nan nan
24 24 0.20 0.001 152 nan nan
24 24 0.20 0.001 153 -0.019229302011416 0.000422857328793
24 24 0.20 0.001 154 -0.019820108191024 0.000433216865597
24 24 0.20 0.001 155 nan nan
24 24 0.20 0.001 156 -0.025980861051906 0.000464194701371
24 24 0.20 0.001 157 -0.026261323120097 0.000392374158030
24 24 0.20 0.001 158 nan nan
24 24 0.20 0.001 159 nan nan
24 24 0.20 0.001 160 nan nan
24 24 0.20 0.001 161 nan nan
24 24 0.20 0.001 162 nan nan
24 24 0.20 0.001 163 nan nan
24 24 0.20 0.001 164 -0.039185994812096 0.000375053153989
24 24 0.20 0.001 165 -0.040451920551750 0.000408462743141
24 24 0.20 0.001 166 nan nan
24 24 0.20 0.001 167 nan nan
24 24 0.20 0.001 168 nan nan
24 24 0.20 0.001 169 -0.048489675038045 0.000329122186387
24 24 0.20 0.001 170 nan nan
24 24 0.20 0.001 171 -0.056732884528207 0.000369452370805
24 24 0.20 0.001 172 nan nan
24 24 0.20 0.001 173 nan nan
24 24 0.20 0.001 174 nan nan
24 24 0.20 0.001 175 nan nan
24 24 0.20 0.001 176 nan nan
24 24 0.20 0.001 177 nan nan
24 24 0.20 0.001 178 nan nan
24 24 0.20 0.001 179 nan nan
24 24 0.20 0.001 180 nan nan
24 24 0.20 0.001 181 nan nan
24 24 0.20 0.001 182 nan nan
24 24 0.20 0.001 183 -0.078097326460882 0.000470367192721
24 24 0.20 0.001 184 nan nan
24 24 0.20 0.001 185 nan nan
24 24 0.20 0.001 186 -0.093926179809138 0.000439962489293
24 24 0.20 0.001 187 nan nan
24 24 0.20 0.001 188 nan nan
24 24 0.20 0.001 189 nan nan
24 24 0.20 0.001 190 nan nan
24 24 0.20 0.001 191 nan nan
24 24 0.20 0.001 192 -0.069094710514151 0.000479445161000
24 24 0.20 0.001 193 nan nan
24 24 0.20 0.001 194 nan nan
24 24 0.20 0.001 195 nan nan
24 24 0.20 0.001 196 nan nan
24 24 0.20 0.001 197 nan nan
24 24 0.20 0.001 198 nan nan
24 24 0.20 0.001 199 nan nan
24 24 0.20 0.001 200 -0.111161653317015 0.000450389023303
24 24 0.20 0.001 201 nan nan
24 24 0.20 0.001 202 -0.114589563739397 0.000441727997912
24 24 0.20 0.001 203 nan nan
24 24 0.20 0.001 204 nan nan
24 24 0.20 0.001 205 -0.118404176554412 0.000376390029027
24 24 0.20 0.001 206 nan nan
24 24 0.20 0.001 207 nan nan
24 24 0.20 0.001 208 nan nan
24 24 0.20 0.001 209 nan nan
24 24 0.20 0.001 210 nan nan
24 24 0.20 0.001 211 -0.129110573809626 0.000491578386986
24 24 0.20 0.001 212 nan nan
24 24 0.20 0.001 213 nan nan
24 24 0.20 0.001 214 nan nan
24 24 0.20 0.001 215 -0.088371714918933 0.000414599525169
24 24 0.20 0.001 216 nan nan
24 24 0.20 0.001 217 nan nan
24 24 0.20 0.001 218 nan nan
24 24 0.20 0.001 219 nan nan
24 24 0.20 0.001 220 -0.100325598430816 0.000338422836228
24 24 0.20 0.001 221 nan nan
24 24 0.20 0.001 222 -0.114785883433878 0.000426636535309
24 24 0.20 0.001 223 nan nan
24 24 0.20 0.001 224 nan nan
24 24 0.20 0.001 225 nan nan
24 24 0.20 0.001 226 nan nan
24 24 0.20 0.001 227 nan nan
24 24 0.20 0.001 228 nan nan
24 24 0.20 0.001 229 nan nan
24 24 0.20 0.001 230 nan nan
24 24 0.20 0.001 231 nan nan
24 24 0.20 0.001 232 -0.140161253385897 0.000511827006809
24 24 0.20 0.001 233 nan nan
24 24 0.20 0.001 234 -0.157834322788762 0.000572438961610
24 24 0.20 0.001 235 nan nan
24 24 0.20 0.001 236 nan nan
24 24 0.20 0.001 237 nan nan
24 24 0.20 0.001 238 nan nan
24 24 0.20 0.001 239 nan nan
24 24 0.20 0.001 240 -0.157737156420066 0.000542025118452
24 24 0.20 0.001 241 nan nan
24 24 0.20 0.001 242 nan nan
24 24 0.20 0.001 243 nan nan
24 24 0.20 0.001 244 -0.179255338221604 0.000428995116740
24 24 0.20 0.001 245 nan nan
24 24 0.20 0.001 246 nan nan
24 24 0.20 0.001 247 nan nan
24 24 0.20 0.001 248 nan nan
24 24 0.20 0.001 249 nan nan
24 24 0.20 0.001 250 nan nan
24 24 0.20 0.001 251 nan nan
24 24 0.20 0.001 252 nan nan
24 24 0.20 0.001 253 -0.157476762899657 0.000507607746621
24 24 0.20 0.001 254 -0.174916627401444 0.000544558587657
24 24 0.20 0.001 255 -0.190383828086258 0.000475570876418
24 24 0.20 0.001 256 nan nan
24 24 0.20 0.001 257 -0.227624133672292 0.000635666116050
24 24 0.20 0.001 258 nan nan
24 24 0.20 0.001 259 nan nan
24 24 0.20 0.001 260 nan nan
24 24 0.20 0.001 261 nan nan
24 24 0.20 0.001 262 -0.241767376548817 0.000516727840353
24 24 0.20 0.001 263 nan nan
24 24 0.20 0.001 264 nan nan
24 24 0.20 0.001 265 nan nan
24 24 0.20 0.001 266 -0.194208481385371 0.000594954263381
24 24 0.20 0.001 267 -0.198049784230967 0.000597339993678
24 24 0.20 0.001 268 nan nan
24 24 0.20 0.001 269 nan nan
24 24 0.20 0.001 270 nan nan
24 24 0.20 0.001 271 nan nan
24 24 0.20 0.001 272 nan nan
24 24 0.20 0.001 273 -0.221174095617522 0.000591575609500
24 24 0.20 0.001 274 nan nan
24 24 0.20 0.001 275 nan nan
24 24 0.20 0.001 276 -0.132005085974564 0.000514519331723
24 24 0.20 0.001 277 -0.109629957500581 0.000514742654856
24 24 0.20 0.001 278 nan nan
24 24 0.20 0.001 279 nan nan
24 24 0.20 0.001 280 -0.100544247504891 0.000397678822705
24 24 0.20 0.001 281 nan nan
24 24 0.20 0.001 282 nan nan
24 24 0.20 0.001 283 nan nan
24 24 0.20 0.001 284 -0.140135055189152 0.000566097678772
24 24 0.20 0.001 285 -0.122392787921312 0.000668558671735
24 24 0.20 0.001 286 -0.090208455386397 0.000669063903320
24 24 0.20 0.001 287 -0.046723623149848 0.000539194958646
24 24 0.20 0.001 288 0.000626540686455 0.000536955827756
#Ls   Lt  mu  ma  nfluxes AxialCurrent Err
