16 24 0.00 0.001 0 -0.000783401299882 0.001167183741691
16 24 0.00 0.001 1 -0.006923362830356 0.001109686690984
16 24 0.00 0.001 2 -0.023474034472890 0.001064879122168
16 24 0.00 0.001 3 -0.041297163541596 0.001052094165976
16 24 0.00 0.001 4 -0.047581452574327 0.000919545801603
16 24 0.00 0.001 5 -0.043232901298813 0.000812390529124
16 24 0.00 0.001 6 nan nan
16 24 0.00 0.001 7 -0.010283717571656 0.000831666616545
16 24 0.00 0.001 8 -0.000478143034281 0.000952410752638
16 24 0.00 0.001 9 nan nan
16 24 0.00 0.001 10 -0.014888439237726 0.001099108603351
16 24 0.00 0.001 11 -0.029247241514301 0.001054931674607
16 24 0.00 0.001 12 -0.037846537889662 0.001012474625412
16 24 0.00 0.001 13 -0.035243738320299 0.000960165697820
16 24 0.00 0.001 14 nan nan
16 24 0.00 0.001 15 nan nan
16 24 0.00 0.001 16 0.000776879893030 0.000933770382706
16 24 0.00 0.001 17 0.000264101367993 0.000927514245349
16 24 0.00 0.001 18 -0.007022730268401 0.001010727045245
16 24 0.00 0.001 19 nan nan
16 24 0.00 0.001 20 -0.025700591491826 0.000988942325548
16 24 0.00 0.001 21 -0.025652710391363 0.000965590363211
16 24 0.00 0.001 22 -0.017199041425340 0.001146696492494
16 24 0.00 0.001 23 -0.008084204199376 0.001094839988730
16 24 0.00 0.001 24 -0.000951870718700 0.001095200437282
16 24 0.00 0.001 25 0.002497003362946 0.001014290898002
16 24 0.00 0.001 26 -0.001914548389692 0.000869670270717
16 24 0.00 0.001 27 -0.008488214238505 0.000967736063505
16 24 0.00 0.001 28 -0.013123321690040 0.000824373268405
16 24 0.00 0.001 29 -0.013606457473287 0.000617541834238
16 24 0.00 0.001 30 -0.004393443323107 0.000868415176829
16 24 0.00 0.001 31 -0.005749386255889 0.000825366645653
16 24 0.00 0.001 32 0.000310315938196 0.000829694929591
16 24 0.00 0.001 33 0.003151145184912 0.000841165272331
16 24 0.00 0.001 34 0.001621036677445 0.000698603101156
16 24 0.00 0.001 35 -0.004873751845390 0.000817985978740
16 24 0.00 0.001 36 -0.007872909011685 0.000738884598213
16 24 0.00 0.001 37 -0.009907166377996 0.000832055970365
16 24 0.00 0.001 38 -0.011029456939768 0.000969686438467
16 24 0.00 0.001 39 -0.004557944223839 0.000923241253152
16 24 0.00 0.001 40 nan nan
16 24 0.00 0.001 41 0.002121100816701 0.001006701271615
16 24 0.00 0.001 42 nan nan
16 24 0.00 0.001 43 0.000226817296488 0.000724515216738
16 24 0.00 0.001 44 -0.002276985205251 0.000606036888580
16 24 0.00 0.001 45 0.001311568990459 0.000595295441225
16 24 0.00 0.001 46 -0.006876302536238 0.000867887951455
16 24 0.00 0.001 47 -0.003835807659269 0.000944527877975
16 24 0.00 0.001 48 -0.000893633519535 0.000737470597509
16 24 0.00 0.001 49 nan nan
16 24 0.00 0.001 50 nan nan
16 24 0.00 0.001 51 -0.000059103722895 0.000674478993689
16 24 0.00 0.001 52 nan nan
16 24 0.00 0.001 53 nan nan
16 24 0.00 0.001 54 -0.002757493153978 0.000731628700387
16 24 0.00 0.001 55 -0.001813750696941 0.000675502176927
16 24 0.00 0.001 56 -0.001089300284632 0.000969021606951
16 24 0.00 0.001 57 nan nan
16 24 0.00 0.001 58 0.000923776271414 0.000747501296176
16 24 0.00 0.001 59 0.001175088608623 0.000557020117322
16 24 0.00 0.001 60 nan nan
16 24 0.00 0.001 61 -0.000582143514173 0.000791002785065
16 24 0.00 0.001 62 nan nan
16 24 0.00 0.001 63 -0.000036055160120 0.000691378324859
16 24 0.00 0.001 64 0.001460754035198 0.000851080986297
16 24 0.00 0.001 65 0.000572296806936 0.000744618457749
16 24 0.00 0.001 66 -0.000172833405873 0.000905188826796
16 24 0.00 0.001 67 -0.000213004368894 0.000776259723228
16 24 0.00 0.001 68 0.001190130043517 0.000752986930947
16 24 0.00 0.001 69 -0.000538787998069 0.000754331033292
16 24 0.00 0.001 70 0.000471676418450 0.000680613571871
16 24 0.00 0.001 71 0.000397550967967 0.000715964222623
16 24 0.00 0.001 72 nan nan
16 24 0.00 0.001 73 nan nan
16 24 0.00 0.001 74 nan nan
16 24 0.00 0.001 75 -0.005615338981414 0.000692619369984
16 24 0.00 0.001 76 0.000307527494965 0.000831023419854
16 24 0.00 0.001 77 0.000059287055226 0.000682683825639
16 24 0.00 0.001 78 0.003192694254483 0.000917277999387
16 24 0.00 0.001 79 0.000786804621316 0.000838181420378
16 24 0.00 0.001 80 0.000078372035959 0.000823614467454
16 24 0.00 0.001 81 -0.002241838563650 0.000826171897656
16 24 0.00 0.001 82 -0.006478208778843 0.000692199237907
16 24 0.00 0.001 83 -0.000004096344859 0.000572889635203
16 24 0.00 0.001 84 -0.002713219693468 0.000609743420211
16 24 0.00 0.001 85 0.000076974567204 0.000899343057811
16 24 0.00 0.001 86 nan nan
16 24 0.00 0.001 87 0.002607043762435 0.001038217357298
16 24 0.00 0.001 88 0.000682670072209 0.000895104334564
16 24 0.00 0.001 89 nan nan
16 24 0.00 0.001 90 -0.012288311616893 0.000701182550113
16 24 0.00 0.001 91 -0.010128100249958 0.000793335884453
16 24 0.00 0.001 92 -0.006973777870401 0.000838693674559
16 24 0.00 0.001 93 -0.003643321556766 0.000733807183893
16 24 0.00 0.001 94 nan nan
16 24 0.00 0.001 95 0.001836429729384 0.000732493996301
16 24 0.00 0.001 96 0.000227308755757 0.000750365846532
16 24 0.00 0.001 97 -0.006630136568116 0.000816289124136
16 24 0.00 0.001 98 -0.005025407588487 0.000775207660249
16 24 0.00 0.001 99 -0.017242943483572 0.000766502261003
16 24 0.00 0.001 100 -0.014374546414371 0.000921092590329
16 24 0.00 0.001 101 -0.008578226210893 0.000987920781812
16 24 0.00 0.001 102 nan nan
16 24 0.00 0.001 103 0.003261027680959 0.000960097219835
16 24 0.00 0.001 104 nan nan
16 24 0.00 0.001 105 -0.008706930752437 0.000824210498953
16 24 0.00 0.001 106 -0.015710722981002 0.001110051463764
16 24 0.00 0.001 107 -0.025463441301550 0.000932490228106
16 24 0.00 0.001 108 -0.026306448851348 0.001038600752094
16 24 0.00 0.001 109 -0.018360960568609 0.001062732469530
16 24 0.00 0.001 110 -0.008419000353205 0.001243927528560
16 24 0.00 0.001 111 0.000625115685082 0.000981486702364
16 24 0.00 0.001 112 0.001132981510782 0.000730496208619
16 24 0.00 0.001 113 -0.005030097121293 0.001132627896188
16 24 0.00 0.001 114 -0.022998477658647 0.000909642821332
16 24 0.00 0.001 115 -0.037854618017456 0.001006754685867
16 24 0.00 0.001 116 -0.039772865806786 0.001232314025612
16 24 0.00 0.001 117 -0.030219692852016 0.001035633075460
16 24 0.00 0.001 118 -0.016001630264771 0.000786439294618
16 24 0.00 0.001 119 -0.002531316686614 0.001061681506984
16 24 0.00 0.001 120 0.001553954616388 0.000793965394839
16 24 0.00 0.001 121 -0.009191814649277 0.000935458266607
16 24 0.00 0.001 122 -0.027373953217293 0.000871057720250
16 24 0.00 0.001 123 -0.041850497786958 0.001012947003475
16 24 0.00 0.001 124 -0.046848158576329 0.000740779754134
16 24 0.00 0.001 125 -0.039471068390162 0.001006408032196
16 24 0.00 0.001 126 -0.024375071296002 0.001163360061428
16 24 0.00 0.001 127 -0.006836921260712 0.001279917432988
16 24 0.00 0.001 128 0.001576090307868 0.001108110845835
16 24 0.00 0.001 129 nan nan
16 24 0.00 0.001 130 nan nan
16 24 0.00 0.001 131 nan nan
16 24 0.00 0.001 132 nan nan
16 24 0.00 0.001 133 nan nan
16 24 0.00 0.001 134 nan nan
16 24 0.00 0.001 135 nan nan
16 24 0.00 0.001 136 nan nan
16 24 0.00 0.001 137 nan nan
16 24 0.00 0.001 138 nan nan
16 24 0.00 0.001 139 nan nan
16 24 0.00 0.001 140 nan nan
16 24 0.00 0.001 141 nan nan
16 24 0.00 0.001 142 nan nan
16 24 0.00 0.001 143 nan nan
16 24 0.00 0.001 144 nan nan
16 24 0.00 0.001 145 nan nan
16 24 0.00 0.001 146 nan nan
16 24 0.00 0.001 147 nan nan
16 24 0.00 0.001 148 nan nan
16 24 0.00 0.001 149 nan nan
16 24 0.00 0.001 150 nan nan
16 24 0.00 0.001 151 nan nan
16 24 0.00 0.001 152 nan nan
16 24 0.00 0.001 153 nan nan
16 24 0.00 0.001 154 nan nan
16 24 0.00 0.001 155 nan nan
16 24 0.00 0.001 156 nan nan
16 24 0.00 0.001 157 nan nan
16 24 0.00 0.001 158 nan nan
16 24 0.00 0.001 159 nan nan
16 24 0.00 0.001 160 nan nan
16 24 0.00 0.001 161 nan nan
16 24 0.00 0.001 162 nan nan
16 24 0.00 0.001 163 nan nan
16 24 0.00 0.001 164 nan nan
16 24 0.00 0.001 165 nan nan
16 24 0.00 0.001 166 nan nan
16 24 0.00 0.001 167 nan nan
16 24 0.00 0.001 168 nan nan
16 24 0.00 0.001 169 nan nan
16 24 0.00 0.001 170 nan nan
16 24 0.00 0.001 171 nan nan
16 24 0.00 0.001 172 nan nan
16 24 0.00 0.001 173 nan nan
16 24 0.00 0.001 174 nan nan
16 24 0.00 0.001 175 nan nan
16 24 0.00 0.001 176 nan nan
16 24 0.00 0.001 177 nan nan
16 24 0.00 0.001 178 nan nan
16 24 0.00 0.001 179 nan nan
16 24 0.00 0.001 180 nan nan
16 24 0.00 0.001 181 nan nan
16 24 0.00 0.001 182 nan nan
16 24 0.00 0.001 183 nan nan
16 24 0.00 0.001 184 nan nan
16 24 0.00 0.001 185 nan nan
16 24 0.00 0.001 186 nan nan
16 24 0.00 0.001 187 nan nan
16 24 0.00 0.001 188 nan nan
16 24 0.00 0.001 189 nan nan
16 24 0.00 0.001 190 nan nan
16 24 0.00 0.001 191 nan nan
16 24 0.00 0.001 192 nan nan
16 24 0.00 0.001 193 nan nan
16 24 0.00 0.001 194 nan nan
16 24 0.00 0.001 195 nan nan
16 24 0.00 0.001 196 nan nan
16 24 0.00 0.001 197 nan nan
16 24 0.00 0.001 198 nan nan
16 24 0.00 0.001 199 nan nan
16 24 0.00 0.001 200 nan nan
16 24 0.00 0.001 201 nan nan
16 24 0.00 0.001 202 nan nan
16 24 0.00 0.001 203 nan nan
16 24 0.00 0.001 204 nan nan
16 24 0.00 0.001 205 nan nan
16 24 0.00 0.001 206 nan nan
16 24 0.00 0.001 207 nan nan
16 24 0.00 0.001 208 nan nan
16 24 0.00 0.001 209 nan nan
16 24 0.00 0.001 210 nan nan
16 24 0.00 0.001 211 nan nan
16 24 0.00 0.001 212 nan nan
16 24 0.00 0.001 213 nan nan
16 24 0.00 0.001 214 nan nan
16 24 0.00 0.001 215 nan nan
16 24 0.00 0.001 216 nan nan
16 24 0.00 0.001 217 nan nan
16 24 0.00 0.001 218 nan nan
16 24 0.00 0.001 219 nan nan
16 24 0.00 0.001 220 nan nan
16 24 0.00 0.001 221 nan nan
16 24 0.00 0.001 222 nan nan
16 24 0.00 0.001 223 nan nan
16 24 0.00 0.001 224 nan nan
16 24 0.00 0.001 225 nan nan
16 24 0.00 0.001 226 nan nan
16 24 0.00 0.001 227 nan nan
16 24 0.00 0.001 228 nan nan
16 24 0.00 0.001 229 nan nan
16 24 0.00 0.001 230 nan nan
16 24 0.00 0.001 231 nan nan
16 24 0.00 0.001 232 nan nan
16 24 0.00 0.001 233 nan nan
16 24 0.00 0.001 234 nan nan
16 24 0.00 0.001 235 nan nan
16 24 0.00 0.001 236 nan nan
16 24 0.00 0.001 237 nan nan
16 24 0.00 0.001 238 nan nan
16 24 0.00 0.001 239 nan nan
16 24 0.00 0.001 240 nan nan
16 24 0.00 0.001 241 nan nan
16 24 0.00 0.001 242 nan nan
16 24 0.00 0.001 243 nan nan
16 24 0.00 0.001 244 nan nan
16 24 0.00 0.001 245 nan nan
16 24 0.00 0.001 246 nan nan
16 24 0.00 0.001 247 nan nan
16 24 0.00 0.001 248 nan nan
16 24 0.00 0.001 249 nan nan
16 24 0.00 0.001 250 nan nan
16 24 0.00 0.001 251 nan nan
16 24 0.00 0.001 252 nan nan
16 24 0.00 0.001 253 nan nan
16 24 0.00 0.001 254 nan nan
16 24 0.00 0.001 255 nan nan
16 24 0.00 0.001 256 nan nan
16 24 0.00 0.001 257 nan nan
16 24 0.00 0.001 258 nan nan
16 24 0.00 0.001 259 nan nan
16 24 0.00 0.001 260 nan nan
16 24 0.00 0.001 261 nan nan
16 24 0.00 0.001 262 nan nan
16 24 0.00 0.001 263 nan nan
16 24 0.00 0.001 264 nan nan
16 24 0.00 0.001 265 nan nan
16 24 0.00 0.001 266 nan nan
16 24 0.00 0.001 267 nan nan
16 24 0.00 0.001 268 nan nan
16 24 0.00 0.001 269 nan nan
16 24 0.00 0.001 270 nan nan
16 24 0.00 0.001 271 nan nan
16 24 0.00 0.001 272 nan nan
16 24 0.00 0.001 273 nan nan
16 24 0.00 0.001 274 nan nan
16 24 0.00 0.001 275 nan nan
16 24 0.00 0.001 276 nan nan
16 24 0.00 0.001 277 nan nan
16 24 0.00 0.001 278 nan nan
16 24 0.00 0.001 279 nan nan
16 24 0.00 0.001 280 nan nan
16 24 0.00 0.001 281 nan nan
16 24 0.00 0.001 282 nan nan
16 24 0.00 0.001 283 nan nan
16 24 0.00 0.001 284 nan nan
16 24 0.00 0.001 285 nan nan
16 24 0.00 0.001 286 nan nan
16 24 0.00 0.001 287 nan nan
16 24 0.00 0.001 288 nan nan
16 24 0.05 0.001 0 0.000149877706457 0.001159226124946
16 24 0.05 0.001 1 -0.076573577406715 0.001099998214694
16 24 0.05 0.001 2 -0.138027448719940 0.001319683850424
16 24 0.05 0.001 3 nan nan
16 24 0.05 0.001 4 nan nan
16 24 0.05 0.001 5 -0.130565433420704 0.000953853086416
16 24 0.05 0.001 6 nan nan
16 24 0.05 0.001 7 -0.102999018562747 0.000978401029005
16 24 0.05 0.001 8 -0.125921958015451 0.001082841356941
16 24 0.05 0.001 9 -0.162345045696977 0.001102078653014
16 24 0.05 0.001 10 -0.196449477453145 0.001120074375961
16 24 0.05 0.001 11 -0.204933688824999 0.001191702867155
16 24 0.05 0.001 12 -0.189213814288305 0.001358284137286
16 24 0.05 0.001 13 -0.158338218117878 0.000932033540130
16 24 0.05 0.001 14 -0.122530593987584 0.001000237283594
16 24 0.05 0.001 15 nan nan
16 24 0.05 0.001 16 nan nan
16 24 0.05 0.001 17 -0.070353752399280 0.001151917775588
16 24 0.05 0.001 18 -0.076317370594143 0.001021516877666
16 24 0.05 0.001 19 -0.082429075290701 0.000826026084992
16 24 0.05 0.001 20 -0.085747388194678 0.000991352329526
16 24 0.05 0.001 21 nan nan
16 24 0.05 0.001 22 -0.056278217033108 0.001069473478008
16 24 0.05 0.001 23 -0.036206205950809 0.000977866117981
16 24 0.05 0.001 24 -0.040877521012422 0.001184915565216
16 24 0.05 0.001 25 -0.013101108807135 0.000985199715582
16 24 0.05 0.001 26 -0.013212369867399 0.001013454489781
16 24 0.05 0.001 27 -0.024616319688260 0.000952395926980
16 24 0.05 0.001 28 -0.022674521221561 0.000890442364630
16 24 0.05 0.001 29 -0.013686470627599 0.000701792675738
16 24 0.05 0.001 30 0.009095253088298 0.000939947311584
16 24 0.05 0.001 31 0.009648469713775 0.000746015752194
16 24 0.05 0.001 32 0.007780076555362 0.000817958571497
16 24 0.05 0.001 33 nan nan
16 24 0.05 0.001 34 -0.024442313746107 0.000889065462324
16 24 0.05 0.001 35 -0.044357577312330 0.000799274052382
16 24 0.05 0.001 36 -0.054550003027629 0.000934826429717
16 24 0.05 0.001 37 -0.048226577063010 0.000988699069114
16 24 0.05 0.001 38 -0.041396301654152 0.000887895557835
16 24 0.05 0.001 39 -0.026871570943150 0.000900504411952
16 24 0.05 0.001 40 -0.026724322581328 0.000997643351371
16 24 0.05 0.001 41 nan nan
16 24 0.05 0.001 42 0.008370433012669 0.000895354680584
16 24 0.05 0.001 43 0.004152020831057 0.000752752653473
16 24 0.05 0.001 44 -0.016719635679285 0.000782746813086
16 24 0.05 0.001 45 -0.026358987419720 0.000744077301541
16 24 0.05 0.001 46 -0.024243275132653 0.000682368751137
16 24 0.05 0.001 47 -0.010274265314882 0.000982784572707
16 24 0.05 0.001 48 -0.007275106668806 0.000775963594249
16 24 0.05 0.001 49 -0.006893959887599 0.000833272630428
16 24 0.05 0.001 50 -0.010778922394597 0.000837922773564
16 24 0.05 0.001 51 -0.004508215009438 0.000790801576061
16 24 0.05 0.001 52 -0.008464510230872 0.000816958163717
16 24 0.05 0.001 53 nan nan
16 24 0.05 0.001 54 -0.009629704644260 0.000944121956050
16 24 0.05 0.001 55 -0.006107780204914 0.000652665705246
16 24 0.05 0.001 56 -0.013513967900760 0.000855194443559
16 24 0.05 0.001 57 -0.005270773449603 0.000610299071951
16 24 0.05 0.001 58 -0.002540712325695 0.000712819208439
16 24 0.05 0.001 59 -0.005139770449744 0.000846712841475
16 24 0.05 0.001 60 -0.001184672955586 0.000656306602111
16 24 0.05 0.001 61 -0.004628284166337 0.000656205072156
16 24 0.05 0.001 62 -0.003035844795079 0.000664681585304
16 24 0.05 0.001 63 -0.001868831169189 0.000794426930388
16 24 0.05 0.001 64 0.001835761217003 0.000902879418274
16 24 0.05 0.001 65 -0.000784407390684 0.000755359628716
16 24 0.05 0.001 66 0.001500487743963 0.000596809235707
16 24 0.05 0.001 67 0.002517071232782 0.000787476634089
16 24 0.05 0.001 68 nan nan
16 24 0.05 0.001 69 0.006691468634036 0.000753050249530
16 24 0.05 0.001 70 nan nan
16 24 0.05 0.001 71 nan nan
16 24 0.05 0.001 72 nan nan
16 24 0.05 0.001 73 0.001740142002926 0.000789226771246
16 24 0.05 0.001 74 0.003379104187289 0.000742834064581
16 24 0.05 0.001 75 0.001029749238632 0.000988067891987
16 24 0.05 0.001 76 0.008577380391981 0.000717270022501
16 24 0.05 0.001 77 0.005334614187930 0.000906189930543
16 24 0.05 0.001 78 0.014378413183499 0.000835477230382
16 24 0.05 0.001 79 0.012036878638404 0.000764176972581
16 24 0.05 0.001 80 0.006930321020649 0.000839500919339
16 24 0.05 0.001 81 0.002780081911803 0.000872714106283
16 24 0.05 0.001 82 0.010389251671499 0.000721130637028
16 24 0.05 0.001 83 0.024219622853778 0.000858020360786
16 24 0.05 0.001 84 0.010261782374045 0.000932657470655
16 24 0.05 0.001 85 -0.006553214965218 0.000828905386763
16 24 0.05 0.001 86 -0.003166958326329 0.000681034455025
16 24 0.05 0.001 87 0.008632743977826 0.000870891852069
16 24 0.05 0.001 88 0.027076307807671 0.000850663488514
16 24 0.05 0.001 89 0.016660559166481 0.000766831312765
16 24 0.05 0.001 90 0.017208660018782 0.000815564750907
16 24 0.05 0.001 91 0.030828747668189 0.001083191698276
16 24 0.05 0.001 92 0.038805880021017 0.000972952533386
16 24 0.05 0.001 93 0.037115314383117 0.000813500617921
16 24 0.05 0.001 94 0.023863505662391 0.000913380746382
16 24 0.05 0.001 95 0.005104925106353 0.000897822201686
16 24 0.05 0.001 96 -0.008826327734641 0.000749996912993
16 24 0.05 0.001 97 -0.023548693779049 0.000749611585432
16 24 0.05 0.001 98 -0.017015825166812 0.000832042533669
16 24 0.05 0.001 99 nan nan
16 24 0.05 0.001 100 nan nan
16 24 0.05 0.001 101 nan nan
16 24 0.05 0.001 102 0.008142752712214 0.001266841593491
16 24 0.05 0.001 103 0.015893389263524 0.001110289997173
16 24 0.05 0.001 104 0.037860639718539 0.001004908456411
16 24 0.05 0.001 105 0.017357920533691 0.001177855116424
16 24 0.05 0.001 106 0.020832085537338 0.001045490648160
16 24 0.05 0.001 107 0.021919859956079 0.001156346853137
16 24 0.05 0.001 108 0.032956175417117 0.001111963177203
16 24 0.05 0.001 109 0.046700684033713 0.001178318257422
16 24 0.05 0.001 110 0.062453732441593 0.001048842411902
16 24 0.05 0.001 111 0.071524673728217 0.001083122476938
16 24 0.05 0.001 112 0.068048799892964 0.001142461601035
16 24 0.05 0.001 113 0.091908620024074 0.000959033211827
16 24 0.05 0.001 114 0.072611908167016 0.001362490890639
16 24 0.05 0.001 115 0.085754409657436 0.001125661443227
16 24 0.05 0.001 116 0.109913735649162 0.001348400401348
16 24 0.05 0.001 117 0.143219288552653 0.001412824603456
16 24 0.05 0.001 118 0.163940519305534 0.000963136981899
16 24 0.05 0.001 119 0.158492166614439 0.001241161995249
16 24 0.05 0.001 120 0.125575856722735 0.001009549167219
16 24 0.05 0.001 121 nan nan
16 24 0.05 0.001 122 0.054411233018199 0.000756677722060
16 24 0.05 0.001 123 nan nan
16 24 0.05 0.001 124 0.060931107944808 0.000817687791675
16 24 0.05 0.001 125 0.080485279318854 0.000997386854132
16 24 0.05 0.001 126 0.088256989937271 0.001398058352697
16 24 0.05 0.001 127 0.061554637293181 0.001130304548488
16 24 0.05 0.001 128 -0.001990819701793 0.001152988055541
16 24 0.05 0.001 129 nan nan
16 24 0.05 0.001 130 nan nan
16 24 0.05 0.001 131 nan nan
16 24 0.05 0.001 132 nan nan
16 24 0.05 0.001 133 nan nan
16 24 0.05 0.001 134 nan nan
16 24 0.05 0.001 135 nan nan
16 24 0.05 0.001 136 nan nan
16 24 0.05 0.001 137 nan nan
16 24 0.05 0.001 138 nan nan
16 24 0.05 0.001 139 nan nan
16 24 0.05 0.001 140 nan nan
16 24 0.05 0.001 141 nan nan
16 24 0.05 0.001 142 nan nan
16 24 0.05 0.001 143 nan nan
16 24 0.05 0.001 144 nan nan
16 24 0.05 0.001 145 nan nan
16 24 0.05 0.001 146 nan nan
16 24 0.05 0.001 147 nan nan
16 24 0.05 0.001 148 nan nan
16 24 0.05 0.001 149 nan nan
16 24 0.05 0.001 150 nan nan
16 24 0.05 0.001 151 nan nan
16 24 0.05 0.001 152 nan nan
16 24 0.05 0.001 153 nan nan
16 24 0.05 0.001 154 nan nan
16 24 0.05 0.001 155 nan nan
16 24 0.05 0.001 156 nan nan
16 24 0.05 0.001 157 nan nan
16 24 0.05 0.001 158 nan nan
16 24 0.05 0.001 159 nan nan
16 24 0.05 0.001 160 nan nan
16 24 0.05 0.001 161 nan nan
16 24 0.05 0.001 162 nan nan
16 24 0.05 0.001 163 nan nan
16 24 0.05 0.001 164 nan nan
16 24 0.05 0.001 165 nan nan
16 24 0.05 0.001 166 nan nan
16 24 0.05 0.001 167 nan nan
16 24 0.05 0.001 168 nan nan
16 24 0.05 0.001 169 nan nan
16 24 0.05 0.001 170 nan nan
16 24 0.05 0.001 171 nan nan
16 24 0.05 0.001 172 nan nan
16 24 0.05 0.001 173 nan nan
16 24 0.05 0.001 174 nan nan
16 24 0.05 0.001 175 nan nan
16 24 0.05 0.001 176 nan nan
16 24 0.05 0.001 177 nan nan
16 24 0.05 0.001 178 nan nan
16 24 0.05 0.001 179 nan nan
16 24 0.05 0.001 180 nan nan
16 24 0.05 0.001 181 nan nan
16 24 0.05 0.001 182 nan nan
16 24 0.05 0.001 183 nan nan
16 24 0.05 0.001 184 nan nan
16 24 0.05 0.001 185 nan nan
16 24 0.05 0.001 186 nan nan
16 24 0.05 0.001 187 nan nan
16 24 0.05 0.001 188 nan nan
16 24 0.05 0.001 189 nan nan
16 24 0.05 0.001 190 nan nan
16 24 0.05 0.001 191 nan nan
16 24 0.05 0.001 192 nan nan
16 24 0.05 0.001 193 nan nan
16 24 0.05 0.001 194 nan nan
16 24 0.05 0.001 195 nan nan
16 24 0.05 0.001 196 nan nan
16 24 0.05 0.001 197 nan nan
16 24 0.05 0.001 198 nan nan
16 24 0.05 0.001 199 nan nan
16 24 0.05 0.001 200 nan nan
16 24 0.05 0.001 201 nan nan
16 24 0.05 0.001 202 nan nan
16 24 0.05 0.001 203 nan nan
16 24 0.05 0.001 204 nan nan
16 24 0.05 0.001 205 nan nan
16 24 0.05 0.001 206 nan nan
16 24 0.05 0.001 207 nan nan
16 24 0.05 0.001 208 nan nan
16 24 0.05 0.001 209 nan nan
16 24 0.05 0.001 210 nan nan
16 24 0.05 0.001 211 nan nan
16 24 0.05 0.001 212 nan nan
16 24 0.05 0.001 213 nan nan
16 24 0.05 0.001 214 nan nan
16 24 0.05 0.001 215 nan nan
16 24 0.05 0.001 216 nan nan
16 24 0.05 0.001 217 nan nan
16 24 0.05 0.001 218 nan nan
16 24 0.05 0.001 219 nan nan
16 24 0.05 0.001 220 nan nan
16 24 0.05 0.001 221 nan nan
16 24 0.05 0.001 222 nan nan
16 24 0.05 0.001 223 nan nan
16 24 0.05 0.001 224 nan nan
16 24 0.05 0.001 225 nan nan
16 24 0.05 0.001 226 nan nan
16 24 0.05 0.001 227 nan nan
16 24 0.05 0.001 228 nan nan
16 24 0.05 0.001 229 nan nan
16 24 0.05 0.001 230 nan nan
16 24 0.05 0.001 231 nan nan
16 24 0.05 0.001 232 nan nan
16 24 0.05 0.001 233 nan nan
16 24 0.05 0.001 234 nan nan
16 24 0.05 0.001 235 nan nan
16 24 0.05 0.001 236 nan nan
16 24 0.05 0.001 237 nan nan
16 24 0.05 0.001 238 nan nan
16 24 0.05 0.001 239 nan nan
16 24 0.05 0.001 240 nan nan
16 24 0.05 0.001 241 nan nan
16 24 0.05 0.001 242 nan nan
16 24 0.05 0.001 243 nan nan
16 24 0.05 0.001 244 nan nan
16 24 0.05 0.001 245 nan nan
16 24 0.05 0.001 246 nan nan
16 24 0.05 0.001 247 nan nan
16 24 0.05 0.001 248 nan nan
16 24 0.05 0.001 249 nan nan
16 24 0.05 0.001 250 nan nan
16 24 0.05 0.001 251 nan nan
16 24 0.05 0.001 252 nan nan
16 24 0.05 0.001 253 nan nan
16 24 0.05 0.001 254 nan nan
16 24 0.05 0.001 255 nan nan
16 24 0.05 0.001 256 nan nan
16 24 0.05 0.001 257 nan nan
16 24 0.05 0.001 258 nan nan
16 24 0.05 0.001 259 nan nan
16 24 0.05 0.001 260 nan nan
16 24 0.05 0.001 261 nan nan
16 24 0.05 0.001 262 nan nan
16 24 0.05 0.001 263 nan nan
16 24 0.05 0.001 264 nan nan
16 24 0.05 0.001 265 nan nan
16 24 0.05 0.001 266 nan nan
16 24 0.05 0.001 267 nan nan
16 24 0.05 0.001 268 nan nan
16 24 0.05 0.001 269 nan nan
16 24 0.05 0.001 270 nan nan
16 24 0.05 0.001 271 nan nan
16 24 0.05 0.001 272 nan nan
16 24 0.05 0.001 273 nan nan
16 24 0.05 0.001 274 nan nan
16 24 0.05 0.001 275 nan nan
16 24 0.05 0.001 276 nan nan
16 24 0.05 0.001 277 nan nan
16 24 0.05 0.001 278 nan nan
16 24 0.05 0.001 279 nan nan
16 24 0.05 0.001 280 nan nan
16 24 0.05 0.001 281 nan nan
16 24 0.05 0.001 282 nan nan
16 24 0.05 0.001 283 nan nan
16 24 0.05 0.001 284 nan nan
16 24 0.05 0.001 285 nan nan
16 24 0.05 0.001 286 nan nan
16 24 0.05 0.001 287 nan nan
16 24 0.05 0.001 288 nan nan
16 24 0.10 0.001 0 -0.000167860930693 0.002524582174972
16 24 0.10 0.001 1 -0.275954704385599 0.001852943287401
16 24 0.10 0.001 2 -0.471968377914621 0.002369109706023
16 24 0.10 0.001 3 -0.534310236127683 0.001984266220747
16 24 0.10 0.001 4 -0.484393568266656 0.002335520032448
16 24 0.10 0.001 5 -0.398387820480268 0.001605077642135
16 24 0.10 0.001 6 -0.347172144960930 0.001661092903727
16 24 0.10 0.001 7 -0.386326533835915 0.001875651226228
16 24 0.10 0.001 8 -0.497113978922090 0.002153583824004
16 24 0.10 0.001 9 nan nan
16 24 0.10 0.001 10 -0.602850652868113 0.002663167725915
16 24 0.10 0.001 11 -0.508836875904223 0.001751952311467
16 24 0.10 0.001 12 -0.465677944681967 0.001883556658024
16 24 0.10 0.001 13 -0.360995059980890 0.002118242277330
16 24 0.10 0.001 14 -0.256831687076993 0.001738438066421
16 24 0.10 0.001 15 -0.268964603037141 0.001598705814385
16 24 0.10 0.001 16 -0.181360793619308 0.002055715494463
16 24 0.10 0.001 17 -0.232585055321072 0.001605894154339
16 24 0.10 0.001 18 nan nan
16 24 0.10 0.001 19 -0.176624879235062 0.001598141546454
16 24 0.10 0.001 20 -0.192014430246993 0.001401429393591
16 24 0.10 0.001 21 -0.140726873009574 0.001397242407144
16 24 0.10 0.001 22 -0.112466111291986 0.001143727389786
16 24 0.10 0.001 23 -0.077070221438640 0.001563406497447
16 24 0.10 0.001 24 -0.177310594561956 0.001769884074065
16 24 0.10 0.001 25 -0.043424240524815 0.001354758711298
16 24 0.10 0.001 26 -0.017757491540595 0.001089117696989
16 24 0.10 0.001 27 -0.059704393645445 0.001683596245535
16 24 0.10 0.001 28 -0.061654922745080 0.001422839365798
16 24 0.10 0.001 29 -0.038536056371385 0.001237492995549
16 24 0.10 0.001 30 0.001517740355648 0.001473804447045
16 24 0.10 0.001 31 0.023729616762714 0.000940210893527
16 24 0.10 0.001 32 nan nan
16 24 0.10 0.001 33 -0.040302117919305 0.001134138749016
16 24 0.10 0.001 34 -0.127354097397052 0.001339325744182
16 24 0.10 0.001 35 -0.166741095830864 0.001075423340223
16 24 0.10 0.001 36 nan nan
16 24 0.10 0.001 37 -0.114212991628354 0.001142142379778
16 24 0.10 0.001 38 -0.087570060833752 0.001299848994358
16 24 0.10 0.001 39 -0.061017365431841 0.001401360357305
16 24 0.10 0.001 40 -0.126450979349137 0.001483962133701
16 24 0.10 0.001 41 -0.032090004247042 0.001275022485386
16 24 0.10 0.001 42 0.002444576800133 0.000951091636006
16 24 0.10 0.001 43 -0.000466942239183 0.000921240741954
16 24 0.10 0.001 44 -0.084556280048995 0.001131903601915
16 24 0.10 0.001 45 -0.080926965721370 0.001031635515854
16 24 0.10 0.001 46 -0.053225680023513 0.001530308010926
16 24 0.10 0.001 47 -0.029624479894789 0.000960456080433
16 24 0.10 0.001 48 -0.035521684235322 0.001235112076666
16 24 0.10 0.001 49 -0.044006906507768 0.001334980555129
16 24 0.10 0.001 50 -0.036131248953438 0.001160667601533
16 24 0.10 0.001 51 -0.004436796081806 0.000923444150398
16 24 0.10 0.001 52 nan nan
16 24 0.10 0.001 53 -0.021452804398273 0.000989454717849
16 24 0.10 0.001 54 -0.026387352682179 0.000976326995344
16 24 0.10 0.001 55 -0.008864762966896 0.001013159590471
16 24 0.10 0.001 56 -0.059264803125180 0.001287500473558
16 24 0.10 0.001 57 -0.006900486444731 0.001006104937634
16 24 0.10 0.001 58 -0.007686125446216 0.000953208723252
16 24 0.10 0.001 59 -0.011590615408975 0.000914667686016
16 24 0.10 0.001 60 -0.011193548287289 0.001324536700705
16 24 0.10 0.001 61 -0.009384936902100 0.000893974032839
16 24 0.10 0.001 62 0.001577673183844 0.001104435012238
16 24 0.10 0.001 63 -0.001482030283893 0.000905118536780
16 24 0.10 0.001 64 -0.000851263811269 0.001493767454954
16 24 0.10 0.001 65 nan nan
16 24 0.10 0.001 66 -0.001545139524284 0.000968319398550
16 24 0.10 0.001 67 nan nan
16 24 0.10 0.001 68 0.012610647032699 0.000962812529238
16 24 0.10 0.001 69 0.014697529719975 0.000995754523014
16 24 0.10 0.001 70 0.010813526717748 0.000917957113664
16 24 0.10 0.001 71 0.008081722973650 0.000845355211339
16 24 0.10 0.001 72 0.056027234878452 0.001257936269974
16 24 0.10 0.001 73 nan nan
16 24 0.10 0.001 74 nan nan
16 24 0.10 0.001 75 nan nan
16 24 0.10 0.001 76 0.046485488528606 0.001073111134972
16 24 0.10 0.001 77 0.003699293541345 0.000722993805333
16 24 0.10 0.001 78 0.039909082750720 0.001170335777814
16 24 0.10 0.001 79 0.047785964401944 0.001109479224425
16 24 0.10 0.001 80 nan nan
16 24 0.10 0.001 81 nan nan
16 24 0.10 0.001 82 0.039441469282207 0.001189630976748
16 24 0.10 0.001 83 0.081112100597080 0.001270482120359
16 24 0.10 0.001 84 0.079778695327647 0.001296911211015
16 24 0.10 0.001 85 -0.001340530889063 0.000886163135669
16 24 0.10 0.001 86 nan nan
16 24 0.10 0.001 87 0.037340777821786 0.001227120698143
16 24 0.10 0.001 88 0.129293808638076 0.001335682305095
16 24 0.10 0.001 89 0.047881098764185 0.001260767058384
16 24 0.10 0.001 90 0.063249675519970 0.001222998582832
16 24 0.10 0.001 91 0.095074802792645 0.001333002152133
16 24 0.10 0.001 92 0.150926623787045 0.001534409103715
16 24 0.10 0.001 93 0.161680394161660 0.001621322396850
16 24 0.10 0.001 94 0.129279602946330 0.001288167694232
16 24 0.10 0.001 95 0.045863303447257 0.000858219607385
16 24 0.10 0.001 96 0.001354537865054 0.001022937440844
16 24 0.10 0.001 97 -0.037638431723466 0.001108278167528
16 24 0.10 0.001 98 nan nan
16 24 0.10 0.001 99 nan nan
16 24 0.10 0.001 100 0.032393850277744 0.001576532760848
16 24 0.10 0.001 101 0.042170501607364 0.001144126383790
16 24 0.10 0.001 102 0.014358631505770 0.001388326326633
16 24 0.10 0.001 103 0.048211679530146 0.001451897613779
16 24 0.10 0.001 104 0.181972911401249 0.001597854527346
16 24 0.10 0.001 105 0.060838175279888 0.001579474338782
16 24 0.10 0.001 106 0.077710022375495 0.001487661512179
16 24 0.10 0.001 107 0.089287679641038 0.001669242529306
16 24 0.10 0.001 108 0.140866120478752 0.001459058729141
16 24 0.10 0.001 109 0.141682769430345 0.001654226794171
16 24 0.10 0.001 110 nan nan
16 24 0.10 0.001 111 nan nan
16 24 0.10 0.001 112 0.183392255254200 0.001369296221916
16 24 0.10 0.001 113 0.263891261146690 0.001697867613688
16 24 0.10 0.001 114 0.210520748905083 0.001868749938015
16 24 0.10 0.001 115 0.284135550396801 0.001601368831794
16 24 0.10 0.001 116 0.380222617895009 0.002256072651428
16 24 0.10 0.001 117 0.441592544180105 0.001928603895203
16 24 0.10 0.001 118 0.563115265237280 0.002043688866675
16 24 0.10 0.001 119 nan nan
16 24 0.10 0.001 120 0.496542653390135 0.001764197487983
16 24 0.10 0.001 121 0.364048065311310 0.001357320382106
16 24 0.10 0.001 122 0.285020538999453 0.001713518290039
16 24 0.10 0.001 123 0.298580148334403 0.001421520635971
16 24 0.10 0.001 124 0.374607157072734 0.001586456140284
16 24 0.10 0.001 125 nan nan
16 24 0.10 0.001 126 0.416707416089644 0.001836632715569
16 24 0.10 0.001 127 0.259460372701256 0.001598524536577
16 24 0.10 0.001 128 -0.005848794088760 0.002086321841554
16 24 0.10 0.001 129 nan nan
16 24 0.10 0.001 130 nan nan
16 24 0.10 0.001 131 nan nan
16 24 0.10 0.001 132 nan nan
16 24 0.10 0.001 133 nan nan
16 24 0.10 0.001 134 nan nan
16 24 0.10 0.001 135 nan nan
16 24 0.10 0.001 136 nan nan
16 24 0.10 0.001 137 nan nan
16 24 0.10 0.001 138 nan nan
16 24 0.10 0.001 139 nan nan
16 24 0.10 0.001 140 nan nan
16 24 0.10 0.001 141 nan nan
16 24 0.10 0.001 142 nan nan
16 24 0.10 0.001 143 nan nan
16 24 0.10 0.001 144 nan nan
16 24 0.10 0.001 145 nan nan
16 24 0.10 0.001 146 nan nan
16 24 0.10 0.001 147 nan nan
16 24 0.10 0.001 148 nan nan
16 24 0.10 0.001 149 nan nan
16 24 0.10 0.001 150 nan nan
16 24 0.10 0.001 151 nan nan
16 24 0.10 0.001 152 nan nan
16 24 0.10 0.001 153 nan nan
16 24 0.10 0.001 154 nan nan
16 24 0.10 0.001 155 nan nan
16 24 0.10 0.001 156 nan nan
16 24 0.10 0.001 157 nan nan
16 24 0.10 0.001 158 nan nan
16 24 0.10 0.001 159 nan nan
16 24 0.10 0.001 160 nan nan
16 24 0.10 0.001 161 nan nan
16 24 0.10 0.001 162 nan nan
16 24 0.10 0.001 163 nan nan
16 24 0.10 0.001 164 nan nan
16 24 0.10 0.001 165 nan nan
16 24 0.10 0.001 166 nan nan
16 24 0.10 0.001 167 nan nan
16 24 0.10 0.001 168 nan nan
16 24 0.10 0.001 169 nan nan
16 24 0.10 0.001 170 nan nan
16 24 0.10 0.001 171 nan nan
16 24 0.10 0.001 172 nan nan
16 24 0.10 0.001 173 nan nan
16 24 0.10 0.001 174 nan nan
16 24 0.10 0.001 175 nan nan
16 24 0.10 0.001 176 nan nan
16 24 0.10 0.001 177 nan nan
16 24 0.10 0.001 178 nan nan
16 24 0.10 0.001 179 nan nan
16 24 0.10 0.001 180 nan nan
16 24 0.10 0.001 181 nan nan
16 24 0.10 0.001 182 nan nan
16 24 0.10 0.001 183 nan nan
16 24 0.10 0.001 184 nan nan
16 24 0.10 0.001 185 nan nan
16 24 0.10 0.001 186 nan nan
16 24 0.10 0.001 187 nan nan
16 24 0.10 0.001 188 nan nan
16 24 0.10 0.001 189 nan nan
16 24 0.10 0.001 190 nan nan
16 24 0.10 0.001 191 nan nan
16 24 0.10 0.001 192 nan nan
16 24 0.10 0.001 193 nan nan
16 24 0.10 0.001 194 nan nan
16 24 0.10 0.001 195 nan nan
16 24 0.10 0.001 196 nan nan
16 24 0.10 0.001 197 nan nan
16 24 0.10 0.001 198 nan nan
16 24 0.10 0.001 199 nan nan
16 24 0.10 0.001 200 nan nan
16 24 0.10 0.001 201 nan nan
16 24 0.10 0.001 202 nan nan
16 24 0.10 0.001 203 nan nan
16 24 0.10 0.001 204 nan nan
16 24 0.10 0.001 205 nan nan
16 24 0.10 0.001 206 nan nan
16 24 0.10 0.001 207 nan nan
16 24 0.10 0.001 208 nan nan
16 24 0.10 0.001 209 nan nan
16 24 0.10 0.001 210 nan nan
16 24 0.10 0.001 211 nan nan
16 24 0.10 0.001 212 nan nan
16 24 0.10 0.001 213 nan nan
16 24 0.10 0.001 214 nan nan
16 24 0.10 0.001 215 nan nan
16 24 0.10 0.001 216 nan nan
16 24 0.10 0.001 217 nan nan
16 24 0.10 0.001 218 nan nan
16 24 0.10 0.001 219 nan nan
16 24 0.10 0.001 220 nan nan
16 24 0.10 0.001 221 nan nan
16 24 0.10 0.001 222 nan nan
16 24 0.10 0.001 223 nan nan
16 24 0.10 0.001 224 nan nan
16 24 0.10 0.001 225 nan nan
16 24 0.10 0.001 226 nan nan
16 24 0.10 0.001 227 nan nan
16 24 0.10 0.001 228 nan nan
16 24 0.10 0.001 229 nan nan
16 24 0.10 0.001 230 nan nan
16 24 0.10 0.001 231 nan nan
16 24 0.10 0.001 232 nan nan
16 24 0.10 0.001 233 nan nan
16 24 0.10 0.001 234 nan nan
16 24 0.10 0.001 235 nan nan
16 24 0.10 0.001 236 nan nan
16 24 0.10 0.001 237 nan nan
16 24 0.10 0.001 238 nan nan
16 24 0.10 0.001 239 nan nan
16 24 0.10 0.001 240 nan nan
16 24 0.10 0.001 241 nan nan
16 24 0.10 0.001 242 nan nan
16 24 0.10 0.001 243 nan nan
16 24 0.10 0.001 244 nan nan
16 24 0.10 0.001 245 nan nan
16 24 0.10 0.001 246 nan nan
16 24 0.10 0.001 247 nan nan
16 24 0.10 0.001 248 nan nan
16 24 0.10 0.001 249 nan nan
16 24 0.10 0.001 250 nan nan
16 24 0.10 0.001 251 nan nan
16 24 0.10 0.001 252 nan nan
16 24 0.10 0.001 253 nan nan
16 24 0.10 0.001 254 nan nan
16 24 0.10 0.001 255 nan nan
16 24 0.10 0.001 256 nan nan
16 24 0.10 0.001 257 nan nan
16 24 0.10 0.001 258 nan nan
16 24 0.10 0.001 259 nan nan
16 24 0.10 0.001 260 nan nan
16 24 0.10 0.001 261 nan nan
16 24 0.10 0.001 262 nan nan
16 24 0.10 0.001 263 nan nan
16 24 0.10 0.001 264 nan nan
16 24 0.10 0.001 265 nan nan
16 24 0.10 0.001 266 nan nan
16 24 0.10 0.001 267 nan nan
16 24 0.10 0.001 268 nan nan
16 24 0.10 0.001 269 nan nan
16 24 0.10 0.001 270 nan nan
16 24 0.10 0.001 271 nan nan
16 24 0.10 0.001 272 nan nan
16 24 0.10 0.001 273 nan nan
16 24 0.10 0.001 274 nan nan
16 24 0.10 0.001 275 nan nan
16 24 0.10 0.001 276 nan nan
16 24 0.10 0.001 277 nan nan
16 24 0.10 0.001 278 nan nan
16 24 0.10 0.001 279 nan nan
16 24 0.10 0.001 280 nan nan
16 24 0.10 0.001 281 nan nan
16 24 0.10 0.001 282 nan nan
16 24 0.10 0.001 283 nan nan
16 24 0.10 0.001 284 nan nan
16 24 0.10 0.001 285 nan nan
16 24 0.10 0.001 286 nan nan
16 24 0.10 0.001 287 nan nan
16 24 0.10 0.001 288 nan nan
16 24 0.15 0.001 0 -0.000064900734242 0.003340016673823
16 24 0.15 0.001 1 0.495462286534658 0.002689550105787
16 24 0.15 0.001 2 0.797361530209609 0.002873176645296
16 24 0.15 0.001 3 0.874169792784674 0.003048429920957
16 24 0.15 0.001 4 0.765088693392338 0.003013429869371
16 24 0.15 0.001 5 0.617393044645854 0.002682393984908
16 24 0.15 0.001 6 0.564715620395719 0.003001589931569
16 24 0.15 0.001 7 0.674107835298388 0.002811897073534
16 24 0.15 0.001 8 0.919252278830442 0.003517753835743
16 24 0.15 0.001 9 0.969512113468997 0.003093377934078
16 24 0.15 0.001 10 0.904215544699215 0.002984752655492
16 24 0.15 0.001 11 0.672656227360022 0.002933212073941
16 24 0.15 0.001 12 0.663520492361035 0.002554115944041
16 24 0.15 0.001 13 0.494547548909603 0.002585259760413
16 24 0.15 0.001 14 0.375436501940749 0.002209416510411
16 24 0.15 0.001 15 0.521765271956142 0.002699256772629
16 24 0.15 0.001 16 0.413766363104645 0.002084247463282
16 24 0.15 0.001 17 nan nan
16 24 0.15 0.001 18 0.340215453259988 0.002069157630523
16 24 0.15 0.001 19 0.343072064502993 0.001851248177458
16 24 0.15 0.001 20 nan nan
16 24 0.15 0.001 21 nan nan
16 24 0.15 0.001 22 0.238610800712924 0.002175155472498
16 24 0.15 0.001 23 0.200086852580759 0.001954242294562
16 24 0.15 0.001 24 0.444631388078898 0.003359863626583
16 24 0.15 0.001 25 0.211003965207170 0.001940269088826
16 24 0.15 0.001 26 0.162842642447018 0.001651652678025
16 24 0.15 0.001 27 0.193401955477327 0.001748072493272
16 24 0.15 0.001 28 0.203639739167883 0.001921726117863
16 24 0.15 0.001 29 0.160429578498568 0.001873116264483
16 24 0.15 0.001 30 nan nan
16 24 0.15 0.001 31 nan nan
16 24 0.15 0.001 32 nan nan
16 24 0.15 0.001 33 0.204888804195853 0.001538647846851
16 24 0.15 0.001 34 0.350865521000075 0.002121709805952
16 24 0.15 0.001 35 0.361464747545063 0.002240709088676
16 24 0.15 0.001 36 nan nan
16 24 0.15 0.001 37 0.246813837976591 0.001362153719376
16 24 0.15 0.001 38 0.177419777719760 0.001632997058735
16 24 0.15 0.001 39 0.154340387075693 0.001457928664173
16 24 0.15 0.001 40 0.320924968645054 0.002518761531676
16 24 0.15 0.001 41 nan nan
16 24 0.15 0.001 42 nan nan
16 24 0.15 0.001 43 nan nan
16 24 0.15 0.001 44 nan nan
16 24 0.15 0.001 45 0.200264737302407 0.001460665911489
16 24 0.15 0.001 46 0.127353299046785 0.001843762004163
16 24 0.15 0.001 47 0.108339266612424 0.001661807745695
16 24 0.15 0.001 48 0.136018953216851 0.001705967080556
16 24 0.15 0.001 49 0.145135004297294 0.001658166646219
16 24 0.15 0.001 50 0.115345514806638 0.001262286568169
16 24 0.15 0.001 51 nan nan
16 24 0.15 0.001 52 0.142261275446584 0.001527411946451
16 24 0.15 0.001 53 0.070219366220545 0.001166636037926
16 24 0.15 0.001 54 0.071873804801711 0.001465964362489
16 24 0.15 0.001 55 nan nan
16 24 0.15 0.001 56 0.138480354570503 0.001848918089213
16 24 0.15 0.001 57 0.039301935119889 0.001341619045654
16 24 0.15 0.001 58 0.041020969651678 0.001201539461675
16 24 0.15 0.001 59 nan nan
16 24 0.15 0.001 60 0.041434604951129 0.001734813697968
16 24 0.15 0.001 61 0.020872081658997 0.001317844340251
16 24 0.15 0.001 62 0.003337681800323 0.001384722392909
16 24 0.15 0.001 63 0.005119383885966 0.001070855981227
16 24 0.15 0.001 64 -0.001513499566027 0.002200428398903
16 24 0.15 0.001 65 -0.003684099567693 0.001185301943458
16 24 0.15 0.001 66 -0.002067939599129 0.001366294186632
16 24 0.15 0.001 67 -0.023733738990368 0.000923498101847
16 24 0.15 0.001 68 -0.036581106260882 0.001811867495022
16 24 0.15 0.001 69 -0.038430887560950 0.001213202344350
16 24 0.15 0.001 70 -0.037640320661441 0.001317950143885
16 24 0.15 0.001 71 nan nan
16 24 0.15 0.001 72 -0.138158359129135 0.002444705797585
16 24 0.15 0.001 73 -0.050317301376316 0.000960549291783
16 24 0.15 0.001 74 -0.084604851695237 0.001469761628224
16 24 0.15 0.001 75 -0.081091788497035 0.001008190481367
16 24 0.15 0.001 76 -0.142565920419236 0.001885244809148
16 24 0.15 0.001 77 nan nan
16 24 0.15 0.001 78 -0.113536019048532 0.001566757686871
16 24 0.15 0.001 79 -0.138020815588197 0.001260922200851
16 24 0.15 0.001 80 -0.138492212177846 0.001658651768462
16 24 0.15 0.001 81 -0.113840679159118 0.001678758466015
16 24 0.15 0.001 82 -0.137435010815749 0.001765641899385
16 24 0.15 0.001 83 nan nan
16 24 0.15 0.001 84 -0.243450647123765 0.001872083525242
16 24 0.15 0.001 85 -0.106796205911211 0.001186987303485
16 24 0.15 0.001 86 -0.100837258978956 0.001509501613760
16 24 0.15 0.001 87 -0.141533951601226 0.001459051211794
16 24 0.15 0.001 88 nan nan
16 24 0.15 0.001 89 -0.160206174810597 0.001911480634257
16 24 0.15 0.001 90 -0.201260596647978 0.001811113881029
16 24 0.15 0.001 91 -0.261876641432831 0.001682407321989
16 24 0.15 0.001 92 -0.362115046526374 0.001702079259274
16 24 0.15 0.001 93 nan nan
16 24 0.15 0.001 94 -0.343750464760183 0.001611226077445
16 24 0.15 0.001 95 -0.198080597501683 0.001755917587067
16 24 0.15 0.001 96 nan nan
16 24 0.15 0.001 97 -0.077105830848758 0.001379537080401
16 24 0.15 0.001 98 -0.147957008696235 0.001821036236874
16 24 0.15 0.001 99 -0.184492116031787 0.002121083732421
16 24 0.15 0.001 100 -0.228728933102277 0.002085128542794
16 24 0.15 0.001 101 -0.212322396125556 0.001893265172141
16 24 0.15 0.001 102 -0.175975265067875 0.001613657281422
16 24 0.15 0.001 103 -0.209469582944153 0.001616402143073
16 24 0.15 0.001 104 -0.448763962707679 0.003044879579078
16 24 0.15 0.001 105 -0.218145056878782 0.001700747208327
16 24 0.15 0.001 106 -0.270165854041592 0.001603415430965
16 24 0.15 0.001 107 -0.305197461417828 0.001675498079469
16 24 0.15 0.001 108 nan nan
16 24 0.15 0.001 109 -0.372653111457371 0.002047855589022
16 24 0.15 0.001 110 -0.352758720846661 0.002044967713544
16 24 0.15 0.001 111 -0.512846473681107 0.002298189356911
16 24 0.15 0.001 112 -0.410595010460271 0.002231244728824
16 24 0.15 0.001 113 -0.529680143857606 0.002384600742322
16 24 0.15 0.001 114 nan nan
16 24 0.15 0.001 115 -0.553219393679343 0.002538872705474
16 24 0.15 0.001 116 -0.721874625809798 0.002578014904665
16 24 0.15 0.001 117 -0.716152333016261 0.002019879314716
16 24 0.15 0.001 118 -0.925651853086046 0.003423130960743
16 24 0.15 0.001 119 -0.968840943748237 0.002578908516886
16 24 0.15 0.001 120 -0.922020035323933 0.003216062233854
16 24 0.15 0.001 121 -0.687125358049107 0.002878431689745
16 24 0.15 0.001 122 -0.596421395231687 0.002559165036601
16 24 0.15 0.001 123 -0.663368122848775 0.002086895330208
16 24 0.15 0.001 124 -0.817041426717663 0.002688418284693
16 24 0.15 0.001 125 nan nan
16 24 0.15 0.001 126 -0.835251586123196 0.002883633544099
16 24 0.15 0.001 127 nan nan
16 24 0.15 0.001 128 0.001682707092532 0.003157708995391
16 24 0.15 0.001 129 nan nan
16 24 0.15 0.001 130 nan nan
16 24 0.15 0.001 131 nan nan
16 24 0.15 0.001 132 nan nan
16 24 0.15 0.001 133 nan nan
16 24 0.15 0.001 134 nan nan
16 24 0.15 0.001 135 nan nan
16 24 0.15 0.001 136 nan nan
16 24 0.15 0.001 137 nan nan
16 24 0.15 0.001 138 nan nan
16 24 0.15 0.001 139 nan nan
16 24 0.15 0.001 140 nan nan
16 24 0.15 0.001 141 nan nan
16 24 0.15 0.001 142 nan nan
16 24 0.15 0.001 143 nan nan
16 24 0.15 0.001 144 nan nan
16 24 0.15 0.001 145 nan nan
16 24 0.15 0.001 146 nan nan
16 24 0.15 0.001 147 nan nan
16 24 0.15 0.001 148 nan nan
16 24 0.15 0.001 149 nan nan
16 24 0.15 0.001 150 nan nan
16 24 0.15 0.001 151 nan nan
16 24 0.15 0.001 152 nan nan
16 24 0.15 0.001 153 nan nan
16 24 0.15 0.001 154 nan nan
16 24 0.15 0.001 155 nan nan
16 24 0.15 0.001 156 nan nan
16 24 0.15 0.001 157 nan nan
16 24 0.15 0.001 158 nan nan
16 24 0.15 0.001 159 nan nan
16 24 0.15 0.001 160 nan nan
16 24 0.15 0.001 161 nan nan
16 24 0.15 0.001 162 nan nan
16 24 0.15 0.001 163 nan nan
16 24 0.15 0.001 164 nan nan
16 24 0.15 0.001 165 nan nan
16 24 0.15 0.001 166 nan nan
16 24 0.15 0.001 167 nan nan
16 24 0.15 0.001 168 nan nan
16 24 0.15 0.001 169 nan nan
16 24 0.15 0.001 170 nan nan
16 24 0.15 0.001 171 nan nan
16 24 0.15 0.001 172 nan nan
16 24 0.15 0.001 173 nan nan
16 24 0.15 0.001 174 nan nan
16 24 0.15 0.001 175 nan nan
16 24 0.15 0.001 176 nan nan
16 24 0.15 0.001 177 nan nan
16 24 0.15 0.001 178 nan nan
16 24 0.15 0.001 179 nan nan
16 24 0.15 0.001 180 nan nan
16 24 0.15 0.001 181 nan nan
16 24 0.15 0.001 182 nan nan
16 24 0.15 0.001 183 nan nan
16 24 0.15 0.001 184 nan nan
16 24 0.15 0.001 185 nan nan
16 24 0.15 0.001 186 nan nan
16 24 0.15 0.001 187 nan nan
16 24 0.15 0.001 188 nan nan
16 24 0.15 0.001 189 nan nan
16 24 0.15 0.001 190 nan nan
16 24 0.15 0.001 191 nan nan
16 24 0.15 0.001 192 nan nan
16 24 0.15 0.001 193 nan nan
16 24 0.15 0.001 194 nan nan
16 24 0.15 0.001 195 nan nan
16 24 0.15 0.001 196 nan nan
16 24 0.15 0.001 197 nan nan
16 24 0.15 0.001 198 nan nan
16 24 0.15 0.001 199 nan nan
16 24 0.15 0.001 200 nan nan
16 24 0.15 0.001 201 nan nan
16 24 0.15 0.001 202 nan nan
16 24 0.15 0.001 203 nan nan
16 24 0.15 0.001 204 nan nan
16 24 0.15 0.001 205 nan nan
16 24 0.15 0.001 206 nan nan
16 24 0.15 0.001 207 nan nan
16 24 0.15 0.001 208 nan nan
16 24 0.15 0.001 209 nan nan
16 24 0.15 0.001 210 nan nan
16 24 0.15 0.001 211 nan nan
16 24 0.15 0.001 212 nan nan
16 24 0.15 0.001 213 nan nan
16 24 0.15 0.001 214 nan nan
16 24 0.15 0.001 215 nan nan
16 24 0.15 0.001 216 nan nan
16 24 0.15 0.001 217 nan nan
16 24 0.15 0.001 218 nan nan
16 24 0.15 0.001 219 nan nan
16 24 0.15 0.001 220 nan nan
16 24 0.15 0.001 221 nan nan
16 24 0.15 0.001 222 nan nan
16 24 0.15 0.001 223 nan nan
16 24 0.15 0.001 224 nan nan
16 24 0.15 0.001 225 nan nan
16 24 0.15 0.001 226 nan nan
16 24 0.15 0.001 227 nan nan
16 24 0.15 0.001 228 nan nan
16 24 0.15 0.001 229 nan nan
16 24 0.15 0.001 230 nan nan
16 24 0.15 0.001 231 nan nan
16 24 0.15 0.001 232 nan nan
16 24 0.15 0.001 233 nan nan
16 24 0.15 0.001 234 nan nan
16 24 0.15 0.001 235 nan nan
16 24 0.15 0.001 236 nan nan
16 24 0.15 0.001 237 nan nan
16 24 0.15 0.001 238 nan nan
16 24 0.15 0.001 239 nan nan
16 24 0.15 0.001 240 nan nan
16 24 0.15 0.001 241 nan nan
16 24 0.15 0.001 242 nan nan
16 24 0.15 0.001 243 nan nan
16 24 0.15 0.001 244 nan nan
16 24 0.15 0.001 245 nan nan
16 24 0.15 0.001 246 nan nan
16 24 0.15 0.001 247 nan nan
16 24 0.15 0.001 248 nan nan
16 24 0.15 0.001 249 nan nan
16 24 0.15 0.001 250 nan nan
16 24 0.15 0.001 251 nan nan
16 24 0.15 0.001 252 nan nan
16 24 0.15 0.001 253 nan nan
16 24 0.15 0.001 254 nan nan
16 24 0.15 0.001 255 nan nan
16 24 0.15 0.001 256 nan nan
16 24 0.15 0.001 257 nan nan
16 24 0.15 0.001 258 nan nan
16 24 0.15 0.001 259 nan nan
16 24 0.15 0.001 260 nan nan
16 24 0.15 0.001 261 nan nan
16 24 0.15 0.001 262 nan nan
16 24 0.15 0.001 263 nan nan
16 24 0.15 0.001 264 nan nan
16 24 0.15 0.001 265 nan nan
16 24 0.15 0.001 266 nan nan
16 24 0.15 0.001 267 nan nan
16 24 0.15 0.001 268 nan nan
16 24 0.15 0.001 269 nan nan
16 24 0.15 0.001 270 nan nan
16 24 0.15 0.001 271 nan nan
16 24 0.15 0.001 272 nan nan
16 24 0.15 0.001 273 nan nan
16 24 0.15 0.001 274 nan nan
16 24 0.15 0.001 275 nan nan
16 24 0.15 0.001 276 nan nan
16 24 0.15 0.001 277 nan nan
16 24 0.15 0.001 278 nan nan
16 24 0.15 0.001 279 nan nan
16 24 0.15 0.001 280 nan nan
16 24 0.15 0.001 281 nan nan
16 24 0.15 0.001 282 nan nan
16 24 0.15 0.001 283 nan nan
16 24 0.15 0.001 284 nan nan
16 24 0.15 0.001 285 nan nan
16 24 0.15 0.001 286 nan nan
16 24 0.15 0.001 287 nan nan
16 24 0.15 0.001 288 nan nan
16 24 0.20 0.001 0 -0.000309212277268 0.001686751252551
16 24 0.20 0.001 1 nan nan
16 24 0.20 0.001 2 0.196301999023290 0.001476324531796
16 24 0.20 0.001 3 0.204448219670725 0.001083098255710
16 24 0.20 0.001 4 0.168528281402645 0.000995549483222
16 24 0.20 0.001 5 0.137065902252679 0.001016615092976
16 24 0.20 0.001 6 0.133588394143630 0.000974824793452
16 24 0.20 0.001 7 0.179712391023614 0.001041128370169
16 24 0.20 0.001 8 0.249323172595962 0.000863522716865
16 24 0.20 0.001 9 0.316194946880613 0.001064403182462
16 24 0.20 0.001 10 nan nan
16 24 0.20 0.001 11 0.330617017426696 0.001292375074675
16 24 0.20 0.001 12 0.287000770526638 0.001224496947686
16 24 0.20 0.001 13 0.240509858985276 0.001042079154680
16 24 0.20 0.001 14 0.212631873229025 0.001129181293054
16 24 0.20 0.001 15 0.255376479774053 0.001077913815531
16 24 0.20 0.001 16 0.210248864900277 0.001273291278276
16 24 0.20 0.001 17 0.232917240945844 0.001237116714471
16 24 0.20 0.001 18 0.232357909251333 0.001200857905028
16 24 0.20 0.001 19 0.216021892331172 0.001231435777683
16 24 0.20 0.001 20 0.197724073653855 0.000997132198356
16 24 0.20 0.001 21 0.171253152032202 0.001070931658935
16 24 0.20 0.001 22 0.159452572247559 0.001121991974561
16 24 0.20 0.001 23 0.146117537093886 0.001044577106327
16 24 0.20 0.001 24 nan nan
16 24 0.20 0.001 25 0.150260526933554 0.000981131702481
16 24 0.20 0.001 26 0.145814377501686 0.000983062751242
16 24 0.20 0.001 27 0.148188039107162 0.001101407732884
16 24 0.20 0.001 28 nan nan
16 24 0.20 0.001 29 0.103670486175710 0.001048090866321
16 24 0.20 0.001 30 0.106389091300237 0.001058547585681
16 24 0.20 0.001 31 0.074550054811848 0.000814368304513
16 24 0.20 0.001 32 nan nan
16 24 0.20 0.001 33 nan nan
16 24 0.20 0.001 34 0.147651924520224 0.000996173405376
16 24 0.20 0.001 35 nan nan
16 24 0.20 0.001 36 0.164840346071507 0.000828636826814
16 24 0.20 0.001 37 0.147171341990713 0.000954972959017
16 24 0.20 0.001 38 0.117262376203206 0.001002630473177
16 24 0.20 0.001 39 0.114165063448545 0.001015505945183
16 24 0.20 0.001 40 0.126036602475820 0.001167811491489
16 24 0.20 0.001 41 0.101289720600125 0.000922150807289
16 24 0.20 0.001 42 0.086138770095509 0.000872637207648
16 24 0.20 0.001 43 nan nan
16 24 0.20 0.001 44 0.104476181753914 0.000909825752349
16 24 0.20 0.001 45 nan nan
16 24 0.20 0.001 46 0.085888747161433 0.000938350067329
16 24 0.20 0.001 47 0.071336058414721 0.000731090350376
16 24 0.20 0.001 48 0.073087181558180 0.000805201018122
16 24 0.20 0.001 49 0.077266746902691 0.000819992996588
16 24 0.20 0.001 50 0.080554194090693 0.000887859688941
16 24 0.20 0.001 51 0.064271209320971 0.000752871833959
16 24 0.20 0.001 52 0.068686560601776 0.000792098931844
16 24 0.20 0.001 53 0.051905281016141 0.000833324131117
16 24 0.20 0.001 54 0.047033504932869 0.000894926741826
16 24 0.20 0.001 55 0.042055576074980 0.000777326515596
16 24 0.20 0.001 56 0.051874329326811 0.000865601322688
16 24 0.20 0.001 57 0.036067332465895 0.000980064964945
16 24 0.20 0.001 58 0.033080608058166 0.000701666302734
16 24 0.20 0.001 59 0.030771579063116 0.000870708027170
16 24 0.20 0.001 60 0.023296738538997 0.000740864391243
16 24 0.20 0.001 61 0.017614035579199 0.000621139375107
16 24 0.20 0.001 62 0.009824070704044 0.000893415439495
16 24 0.20 0.001 63 0.003710220285731 0.000780974171294
16 24 0.20 0.001 64 nan nan
16 24 0.20 0.001 65 -0.005210861193415 0.000930786993192
16 24 0.20 0.001 66 -0.011681572134908 0.000638537693867
16 24 0.20 0.001 67 -0.019235664497503 0.000802494355346
16 24 0.20 0.001 68 -0.021489742979407 0.000721242052796
16 24 0.20 0.001 69 -0.031349307094830 0.000790020582338
16 24 0.20 0.001 70 nan nan
16 24 0.20 0.001 71 -0.035430002824573 0.000629886474465
16 24 0.20 0.001 72 -0.052122460823782 0.000909115072979
16 24 0.20 0.001 73 -0.045013040617625 0.000918028349487
16 24 0.20 0.001 74 -0.055205959580510 0.000974141164734
16 24 0.20 0.001 75 -0.061515892763065 0.000831603792173
16 24 0.20 0.001 76 -0.067900181949659 0.000763022206152
16 24 0.20 0.001 77 -0.063143485937481 0.000868545320545
16 24 0.20 0.001 78 -0.076772240000390 0.000847245457338
16 24 0.20 0.001 79 -0.074639624682298 0.000844034527358
16 24 0.20 0.001 80 -0.072965133135660 0.000810812748119
16 24 0.20 0.001 81 -0.079498124937815 0.000856972027336
16 24 0.20 0.001 82 -0.099692596583910 0.001013308325065
16 24 0.20 0.001 83 -0.119474081516549 0.001078414269953
16 24 0.20 0.001 84 -0.110924522949323 0.000911783967768
16 24 0.20 0.001 85 -0.083060552999409 0.000824787317882
16 24 0.20 0.001 86 -0.082162607098539 0.000743989768866
16 24 0.20 0.001 87 -0.096305173109743 0.000986541217057
16 24 0.20 0.001 88 nan nan
16 24 0.20 0.001 89 -0.123509698757498 0.001061988259669
16 24 0.20 0.001 90 -0.139711119897818 0.000958801686231
16 24 0.20 0.001 91 -0.162340400035326 0.000946401860090
16 24 0.20 0.001 92 -0.180496931127555 0.000774547091219
16 24 0.20 0.001 93 -0.171010715018544 0.000984007200567
16 24 0.20 0.001 94 -0.146076786591477 0.000867898850851
16 24 0.20 0.001 95 -0.109838633965781 0.000896973372378
16 24 0.20 0.001 96 -0.093437774604034 0.000851412577046
16 24 0.20 0.001 97 -0.087302645201479 0.000742245929918
16 24 0.20 0.001 98 -0.117605108333804 0.000794814924721
16 24 0.20 0.001 99 -0.131944255878145 0.000886182625906
16 24 0.20 0.001 100 -0.156005871163740 0.001013977697491
16 24 0.20 0.001 101 -0.166224785578770 0.001091080619489
16 24 0.20 0.001 102 -0.149699597291967 0.001024247853927
16 24 0.20 0.001 103 -0.146251944642553 0.001082101166612
16 24 0.20 0.001 104 -0.181112265174320 0.001306549176373
16 24 0.20 0.001 105 nan nan
16 24 0.20 0.001 106 -0.192826796212024 0.000903689920001
16 24 0.20 0.001 107 -0.220367372874064 0.001218951782866
16 24 0.20 0.001 108 -0.246628321886451 0.001201964635132
16 24 0.20 0.001 109 -0.252399092667317 0.001544738460886
16 24 0.20 0.001 110 -0.246328233457026 0.001216176400631
16 24 0.20 0.001 111 -0.231814357019477 0.001091478561759
16 24 0.20 0.001 112 -0.207134179386034 0.001161880948703
16 24 0.20 0.001 113 -0.267118701126825 0.001130018624222
16 24 0.20 0.001 114 -0.255270308758803 0.001339681901987
16 24 0.20 0.001 115 -0.302836467174745 0.001297360341497
16 24 0.20 0.001 116 -0.354334968169360 0.001437170602448
16 24 0.20 0.001 117 -0.383532964933376 0.001202142592053
16 24 0.20 0.001 118 nan nan
16 24 0.20 0.001 119 -0.320791798827438 0.001466665969985
16 24 0.20 0.001 120 nan nan
16 24 0.20 0.001 121 -0.193421846093782 0.001192925723851
16 24 0.20 0.001 122 nan nan
16 24 0.20 0.001 123 -0.207816316114842 0.001162375575143
16 24 0.20 0.001 124 -0.250102552123542 0.001268820762807
16 24 0.20 0.001 125 -0.273750192390792 0.001215694598050
16 24 0.20 0.001 126 -0.235164829521923 0.001313539906640
16 24 0.20 0.001 127 -0.137138757525602 0.001331183779150
16 24 0.20 0.001 128 0.001596229265225 0.001231212473976
16 24 0.20 0.001 129 nan nan
16 24 0.20 0.001 130 nan nan
16 24 0.20 0.001 131 nan nan
16 24 0.20 0.001 132 nan nan
16 24 0.20 0.001 133 nan nan
16 24 0.20 0.001 134 nan nan
16 24 0.20 0.001 135 nan nan
16 24 0.20 0.001 136 nan nan
16 24 0.20 0.001 137 nan nan
16 24 0.20 0.001 138 nan nan
16 24 0.20 0.001 139 nan nan
16 24 0.20 0.001 140 nan nan
16 24 0.20 0.001 141 nan nan
16 24 0.20 0.001 142 nan nan
16 24 0.20 0.001 143 nan nan
16 24 0.20 0.001 144 nan nan
16 24 0.20 0.001 145 nan nan
16 24 0.20 0.001 146 nan nan
16 24 0.20 0.001 147 nan nan
16 24 0.20 0.001 148 nan nan
16 24 0.20 0.001 149 nan nan
16 24 0.20 0.001 150 nan nan
16 24 0.20 0.001 151 nan nan
16 24 0.20 0.001 152 nan nan
16 24 0.20 0.001 153 nan nan
16 24 0.20 0.001 154 nan nan
16 24 0.20 0.001 155 nan nan
16 24 0.20 0.001 156 nan nan
16 24 0.20 0.001 157 nan nan
16 24 0.20 0.001 158 nan nan
16 24 0.20 0.001 159 nan nan
16 24 0.20 0.001 160 nan nan
16 24 0.20 0.001 161 nan nan
16 24 0.20 0.001 162 nan nan
16 24 0.20 0.001 163 nan nan
16 24 0.20 0.001 164 nan nan
16 24 0.20 0.001 165 nan nan
16 24 0.20 0.001 166 nan nan
16 24 0.20 0.001 167 nan nan
16 24 0.20 0.001 168 nan nan
16 24 0.20 0.001 169 nan nan
16 24 0.20 0.001 170 nan nan
16 24 0.20 0.001 171 nan nan
16 24 0.20 0.001 172 nan nan
16 24 0.20 0.001 173 nan nan
16 24 0.20 0.001 174 nan nan
16 24 0.20 0.001 175 nan nan
16 24 0.20 0.001 176 nan nan
16 24 0.20 0.001 177 nan nan
16 24 0.20 0.001 178 nan nan
16 24 0.20 0.001 179 nan nan
16 24 0.20 0.001 180 nan nan
16 24 0.20 0.001 181 nan nan
16 24 0.20 0.001 182 nan nan
16 24 0.20 0.001 183 nan nan
16 24 0.20 0.001 184 nan nan
16 24 0.20 0.001 185 nan nan
16 24 0.20 0.001 186 nan nan
16 24 0.20 0.001 187 nan nan
16 24 0.20 0.001 188 nan nan
16 24 0.20 0.001 189 nan nan
16 24 0.20 0.001 190 nan nan
16 24 0.20 0.001 191 nan nan
16 24 0.20 0.001 192 nan nan
16 24 0.20 0.001 193 nan nan
16 24 0.20 0.001 194 nan nan
16 24 0.20 0.001 195 nan nan
16 24 0.20 0.001 196 nan nan
16 24 0.20 0.001 197 nan nan
16 24 0.20 0.001 198 nan nan
16 24 0.20 0.001 199 nan nan
16 24 0.20 0.001 200 nan nan
16 24 0.20 0.001 201 nan nan
16 24 0.20 0.001 202 nan nan
16 24 0.20 0.001 203 nan nan
16 24 0.20 0.001 204 nan nan
16 24 0.20 0.001 205 nan nan
16 24 0.20 0.001 206 nan nan
16 24 0.20 0.001 207 nan nan
16 24 0.20 0.001 208 nan nan
16 24 0.20 0.001 209 nan nan
16 24 0.20 0.001 210 nan nan
16 24 0.20 0.001 211 nan nan
16 24 0.20 0.001 212 nan nan
16 24 0.20 0.001 213 nan nan
16 24 0.20 0.001 214 nan nan
16 24 0.20 0.001 215 nan nan
16 24 0.20 0.001 216 nan nan
16 24 0.20 0.001 217 nan nan
16 24 0.20 0.001 218 nan nan
16 24 0.20 0.001 219 nan nan
16 24 0.20 0.001 220 nan nan
16 24 0.20 0.001 221 nan nan
16 24 0.20 0.001 222 nan nan
16 24 0.20 0.001 223 nan nan
16 24 0.20 0.001 224 nan nan
16 24 0.20 0.001 225 nan nan
16 24 0.20 0.001 226 nan nan
16 24 0.20 0.001 227 nan nan
16 24 0.20 0.001 228 nan nan
16 24 0.20 0.001 229 nan nan
16 24 0.20 0.001 230 nan nan
16 24 0.20 0.001 231 nan nan
16 24 0.20 0.001 232 nan nan
16 24 0.20 0.001 233 nan nan
16 24 0.20 0.001 234 nan nan
16 24 0.20 0.001 235 nan nan
16 24 0.20 0.001 236 nan nan
16 24 0.20 0.001 237 nan nan
16 24 0.20 0.001 238 nan nan
16 24 0.20 0.001 239 nan nan
16 24 0.20 0.001 240 nan nan
16 24 0.20 0.001 241 nan nan
16 24 0.20 0.001 242 nan nan
16 24 0.20 0.001 243 nan nan
16 24 0.20 0.001 244 nan nan
16 24 0.20 0.001 245 nan nan
16 24 0.20 0.001 246 nan nan
16 24 0.20 0.001 247 nan nan
16 24 0.20 0.001 248 nan nan
16 24 0.20 0.001 249 nan nan
16 24 0.20 0.001 250 nan nan
16 24 0.20 0.001 251 nan nan
16 24 0.20 0.001 252 nan nan
16 24 0.20 0.001 253 nan nan
16 24 0.20 0.001 254 nan nan
16 24 0.20 0.001 255 nan nan
16 24 0.20 0.001 256 nan nan
16 24 0.20 0.001 257 nan nan
16 24 0.20 0.001 258 nan nan
16 24 0.20 0.001 259 nan nan
16 24 0.20 0.001 260 nan nan
16 24 0.20 0.001 261 nan nan
16 24 0.20 0.001 262 nan nan
16 24 0.20 0.001 263 nan nan
16 24 0.20 0.001 264 nan nan
16 24 0.20 0.001 265 nan nan
16 24 0.20 0.001 266 nan nan
16 24 0.20 0.001 267 nan nan
16 24 0.20 0.001 268 nan nan
16 24 0.20 0.001 269 nan nan
16 24 0.20 0.001 270 nan nan
16 24 0.20 0.001 271 nan nan
16 24 0.20 0.001 272 nan nan
16 24 0.20 0.001 273 nan nan
16 24 0.20 0.001 274 nan nan
16 24 0.20 0.001 275 nan nan
16 24 0.20 0.001 276 nan nan
16 24 0.20 0.001 277 nan nan
16 24 0.20 0.001 278 nan nan
16 24 0.20 0.001 279 nan nan
16 24 0.20 0.001 280 nan nan
16 24 0.20 0.001 281 nan nan
16 24 0.20 0.001 282 nan nan
16 24 0.20 0.001 283 nan nan
16 24 0.20 0.001 284 nan nan
16 24 0.20 0.001 285 nan nan
16 24 0.20 0.001 286 nan nan
16 24 0.20 0.001 287 nan nan
16 24 0.20 0.001 288 nan nan
#Ls   Lt  mu  ma  nfluxes AxialCurrent Err
