10 12 0.00 0.001 0 
10 12 0.00 0.001 1 
10 12 0.00 0.001 2 
10 12 0.00 0.001 3 
10 12 0.00 0.001 4 
10 12 0.00 0.001 5 
10 12 0.00 0.001 6 
10 12 0.00 0.001 7 
10 12 0.00 0.001 8 
10 12 0.00 0.001 9 
10 12 0.00 0.001 10 
10 12 0.00 0.001 11 
10 12 0.00 0.001 12 
10 12 0.00 0.001 13 
10 12 0.00 0.001 14 
10 12 0.00 0.001 15 
10 12 0.00 0.001 16 
10 12 0.00 0.001 17 
10 12 0.00 0.001 18 
10 12 0.00 0.001 19 
10 12 0.00 0.001 20 
10 12 0.00 0.001 21 
10 12 0.00 0.001 22 
10 12 0.00 0.001 23 
10 12 0.00 0.001 24 
10 12 0.00 0.001 25 
10 12 0.00 0.001 26 
10 12 0.00 0.001 27 
10 12 0.00 0.001 28 
10 12 0.00 0.001 29 
10 12 0.00 0.001 30 
10 12 0.00 0.001 31 
10 12 0.00 0.001 32 
10 12 0.00 0.01 0 
10 12 0.00 0.01 1 
10 12 0.00 0.01 2 
10 12 0.00 0.01 3 
10 12 0.00 0.01 4 
10 12 0.00 0.01 5 
10 12 0.00 0.01 6 
10 12 0.00 0.01 7 
10 12 0.00 0.01 8 
10 12 0.00 0.01 9 
10 12 0.00 0.01 10 
10 12 0.00 0.01 11 
10 12 0.00 0.01 12 
10 12 0.00 0.01 13 
10 12 0.00 0.01 14 
10 12 0.00 0.01 15 
10 12 0.00 0.01 16 
10 12 0.00 0.01 17 
10 12 0.00 0.01 18 
10 12 0.00 0.01 19 
10 12 0.00 0.01 20 
10 12 0.00 0.01 21 
10 12 0.00 0.01 22 
10 12 0.00 0.01 23 
10 12 0.00 0.01 24 
10 12 0.00 0.01 25 
10 12 0.00 0.01 26 
10 12 0.00 0.01 27 
10 12 0.00 0.01 28 
10 12 0.00 0.01 29 
10 12 0.00 0.01 30 
10 12 0.00 0.01 31 
10 12 0.00 0.01 32 
10 12 0.00 0.0001 0 
10 12 0.00 0.0001 1 
10 12 0.00 0.0001 2 
10 12 0.00 0.0001 3 
10 12 0.00 0.0001 4 
10 12 0.00 0.0001 5 
10 12 0.00 0.0001 6 
10 12 0.00 0.0001 7 
10 12 0.00 0.0001 8 
10 12 0.00 0.0001 9 
10 12 0.00 0.0001 10 
10 12 0.00 0.0001 11 
10 12 0.00 0.0001 12 
10 12 0.00 0.0001 13 
10 12 0.00 0.0001 14 
10 12 0.00 0.0001 15 
10 12 0.00 0.0001 16 
10 12 0.00 0.0001 17 
10 12 0.00 0.0001 18 
10 12 0.00 0.0001 19 
10 12 0.00 0.0001 20 
10 12 0.00 0.0001 21 
10 12 0.00 0.0001 22 
10 12 0.00 0.0001 23 
10 12 0.00 0.0001 24 
10 12 0.00 0.0001 25 
10 12 0.00 0.0001 26 
10 12 0.00 0.0001 27 
10 12 0.00 0.0001 28 
10 12 0.00 0.0001 29 
10 12 0.00 0.0001 30 
10 12 0.00 0.0001 31 
10 12 0.00 0.0001 32 
10 12 0.10 0.001 0 
10 12 0.10 0.001 1 
10 12 0.10 0.001 2 
10 12 0.10 0.001 3 
10 12 0.10 0.001 4 
10 12 0.10 0.001 5 
10 12 0.10 0.001 6 
10 12 0.10 0.001 7 
10 12 0.10 0.001 8 
10 12 0.10 0.001 9 
10 12 0.10 0.001 10 
10 12 0.10 0.001 11 
10 12 0.10 0.001 12 
10 12 0.10 0.001 13 
10 12 0.10 0.001 14 
10 12 0.10 0.001 15 
10 12 0.10 0.001 16 
10 12 0.10 0.001 17 
10 12 0.10 0.001 18 
10 12 0.10 0.001 19 
10 12 0.10 0.001 20 
10 12 0.10 0.001 21 
10 12 0.10 0.001 22 
10 12 0.10 0.001 23 
10 12 0.10 0.001 24 
10 12 0.10 0.001 25 
10 12 0.10 0.001 26 
10 12 0.10 0.001 27 
10 12 0.10 0.001 28 
10 12 0.10 0.001 29 
10 12 0.10 0.001 30 
10 12 0.10 0.001 31 
10 12 0.10 0.001 32 
10 12 0.10 0.01 0 
10 12 0.10 0.01 1 
10 12 0.10 0.01 2 
10 12 0.10 0.01 3 
10 12 0.10 0.01 4 
10 12 0.10 0.01 5 
10 12 0.10 0.01 6 
10 12 0.10 0.01 7 
10 12 0.10 0.01 8 
10 12 0.10 0.01 9 
10 12 0.10 0.01 10 
10 12 0.10 0.01 11 
10 12 0.10 0.01 12 
10 12 0.10 0.01 13 
10 12 0.10 0.01 14 
10 12 0.10 0.01 15 
10 12 0.10 0.01 16 
10 12 0.10 0.01 17 
10 12 0.10 0.01 18 
10 12 0.10 0.01 19 
10 12 0.10 0.01 20 
10 12 0.10 0.01 21 
10 12 0.10 0.01 22 
10 12 0.10 0.01 23 
10 12 0.10 0.01 24 
10 12 0.10 0.01 25 
10 12 0.10 0.01 26 
10 12 0.10 0.01 27 
10 12 0.10 0.01 28 
10 12 0.10 0.01 29 
10 12 0.10 0.01 30 
10 12 0.10 0.01 31 
10 12 0.10 0.01 32 
