#Ls   Lt  mu  ma  nfluxes AxialCurrent Err
12 16 0.00 0.001 0 0.000570640777421 0.001912044288920
12 16 0.00 0.001 1 -0.001637012275003 0.001992600002720
12 16 0.00 0.001 2 -0.002683282769552 0.001830014707264
12 16 0.00 0.001 3 -0.000002311647494 0.001699521789511
12 16 0.00 0.001 4 0.002329396938185 0.001313563027944
12 16 0.00 0.001 5 0.002601428926454 0.001437276376077
12 16 0.00 0.001 6 0.002834905876924 0.001143106446976
12 16 0.00 0.001 7 0.000085245667329 0.001630489127961
12 16 0.00 0.001 8 0.001651119858480 0.001514087985487
12 16 0.00 0.001 9 0.002432995823240 0.001484871135300
12 16 0.00 0.001 10 0.002329390608281 0.001381028793178
12 16 0.00 0.001 11 -0.004000366477910 0.002033792170384
12 16 0.00 0.001 12 -0.001831710001333 0.001578113090577
12 16 0.00 0.001 13 0.000645014622659 0.001853733341218
12 16 0.00 0.001 14 -0.007073931161350 0.001698577163104
12 16 0.00 0.001 15 -0.002099529552994 0.001357985840336
12 16 0.00 0.001 16 0.000208888768285 0.001284291145126
12 16 0.00 0.001 17 -0.011526799381528 0.001389761560519
12 16 0.00 0.001 18 -0.001087191944688 0.001385197744406
12 16 0.00 0.001 19 -0.000887671899588 0.001277182129009
12 16 0.00 0.001 20 -0.000488611638368 0.001297222479445
12 16 0.00 0.001 21 0.001474244942220 0.001165603554503
12 16 0.00 0.001 22 -0.000781706714772 0.001147572931949
12 16 0.00 0.001 23 -0.000941070592920 0.001242324684552
12 16 0.00 0.001 24 -0.002386849044280 0.001124024023824
12 16 0.00 0.001 25 -0.000280153823036 0.001161472788444
12 16 0.00 0.001 26 -0.000561432849955 0.000996289502397
12 16 0.00 0.001 27 -0.000454186278237 0.000945707078336
12 16 0.00 0.001 28 -0.008790438782956 0.001262998003319
12 16 0.00 0.001 29 -0.003770868390376 0.001086916957256
12 16 0.00 0.001 30 -0.000800185398897 0.000935128830075
12 16 0.00 0.001 31 -0.000326442661267 0.000942771984315
12 16 0.00 0.001 32 nan nan
12 16 0.00 0.001 33 -0.000523393675242 0.000849306341316
12 16 0.00 0.001 34 0.001468670027711 0.000848287695550
12 16 0.00 0.001 35 nan nan
12 16 0.00 0.001 36 nan nan
12 16 0.00 0.001 37 -0.000498005174435 0.000761730761349
12 16 0.00 0.001 38 0.001239959676058 0.000927780633995
12 16 0.00 0.001 39 -0.000842279075717 0.000808088180814
12 16 0.00 0.001 40 -0.000895478032572 0.000896220394505
12 16 0.00 0.001 41 -0.000587016518044 0.000983135753836
12 16 0.00 0.001 42 nan nan
12 16 0.00 0.001 43 0.000420152354892 0.000873753345839
12 16 0.00 0.001 44 -0.000035247729348 0.000843998148107
12 16 0.00 0.001 45 -0.000203074629750 0.001314081738246
12 16 0.00 0.001 46 0.000560709786030 0.001091296395106
12 16 0.00 0.001 47 nan nan
12 16 0.00 0.001 48 0.001788116523107 0.001049373215884
12 16 0.00 0.001 49 -0.000524932383364 0.001252513625590
12 16 0.00 0.001 50 0.001429794850793 0.001188687096700
12 16 0.00 0.001 51 -0.000808198355923 0.001239094732822
12 16 0.00 0.001 52 -0.000902385636491 0.001164468990679
12 16 0.00 0.001 53 -0.000998378253380 0.001322098307143
12 16 0.00 0.001 54 0.001796797821793 0.001464934431080
12 16 0.00 0.001 55 -0.000275850690894 0.001345461965024
12 16 0.00 0.001 56 0.001964235751601 0.001552321535928
12 16 0.00 0.001 57 -0.001289228719294 0.001219084842056
12 16 0.00 0.001 58 -0.001297136393903 0.001528670846550
12 16 0.00 0.001 59 -0.000333281178744 0.001540923655336
12 16 0.00 0.001 60 0.001684558415898 0.001579748101509
12 16 0.00 0.001 61 -0.002684213559240 0.001637331999804
12 16 0.00 0.001 62 -0.003197122568348 0.001461172030879
12 16 0.00 0.001 63 -0.041849293232157 0.001693974603387
12 16 0.00 0.001 64 -0.002079927091211 0.001626421099356
12 16 0.00 0.001 65 -0.002574940369791 0.001822511526020
12 16 0.00 0.001 66 -0.002622691812489 0.001688478030466
12 16 0.00 0.001 67 -0.000405194346099 0.001371029680905
12 16 0.00 0.001 68 -0.001919720559611 0.001691084394847
12 16 0.00 0.001 69 -0.000666315910901 0.001402337223225
12 16 0.00 0.001 70 -0.044161154922824 0.001849018921652
12 16 0.00 0.001 71 0.000265145389696 0.001448727314851
12 16 0.00 0.001 72 -0.000483001436819 0.001740937933338
12 16 0.00 0.001 73 nan nan
12 16 0.00 0.001 74 nan nan
12 16 0.00 0.001 75 nan nan
12 16 0.00 0.001 76 nan nan
12 16 0.00 0.001 77 nan nan
12 16 0.00 0.001 78 nan nan
12 16 0.00 0.001 79 nan nan
12 16 0.00 0.001 80 nan nan
12 16 0.00 0.001 81 nan nan
12 16 0.00 0.001 82 nan nan
12 16 0.00 0.001 83 nan nan
12 16 0.00 0.001 84 nan nan
12 16 0.00 0.001 85 nan nan
12 16 0.00 0.001 86 nan nan
12 16 0.00 0.001 87 nan nan
12 16 0.00 0.001 88 nan nan
12 16 0.00 0.001 89 nan nan
12 16 0.00 0.001 90 nan nan
12 16 0.00 0.001 91 nan nan
12 16 0.00 0.001 92 nan nan
12 16 0.00 0.001 93 nan nan
12 16 0.00 0.001 94 nan nan
12 16 0.00 0.001 95 nan nan
12 16 0.00 0.001 96 nan nan
12 16 0.00 0.001 97 nan nan
12 16 0.00 0.001 98 nan nan
12 16 0.00 0.001 99 nan nan
12 16 0.00 0.001 100 nan nan
12 16 0.00 0.001 101 nan nan
12 16 0.00 0.001 102 nan nan
12 16 0.00 0.001 103 nan nan
12 16 0.00 0.001 104 nan nan
12 16 0.00 0.001 105 nan nan
12 16 0.00 0.001 106 nan nan
12 16 0.00 0.001 107 nan nan
12 16 0.00 0.001 108 nan nan
12 16 0.00 0.001 109 nan nan
12 16 0.00 0.001 110 nan nan
12 16 0.00 0.001 111 nan nan
12 16 0.00 0.001 112 nan nan
12 16 0.00 0.001 113 nan nan
12 16 0.00 0.001 114 nan nan
12 16 0.00 0.001 115 nan nan
12 16 0.00 0.001 116 nan nan
12 16 0.00 0.001 117 nan nan
12 16 0.00 0.001 118 nan nan
12 16 0.00 0.001 119 nan nan
12 16 0.00 0.001 120 nan nan
12 16 0.00 0.001 121 nan nan
12 16 0.00 0.001 122 nan nan
12 16 0.00 0.001 123 nan nan
12 16 0.00 0.001 124 nan nan
12 16 0.00 0.001 125 nan nan
12 16 0.00 0.001 126 nan nan
12 16 0.00 0.001 127 nan nan
12 16 0.00 0.001 128 nan nan
12 16 0.00 0.001 129 nan nan
12 16 0.00 0.001 130 nan nan
12 16 0.00 0.001 131 nan nan
12 16 0.00 0.001 132 nan nan
12 16 0.00 0.001 133 nan nan
12 16 0.00 0.001 134 nan nan
12 16 0.00 0.001 135 nan nan
12 16 0.00 0.001 136 nan nan
12 16 0.00 0.001 137 nan nan
12 16 0.00 0.001 138 nan nan
12 16 0.00 0.001 139 nan nan
12 16 0.00 0.001 140 nan nan
12 16 0.00 0.001 141 nan nan
12 16 0.00 0.001 142 nan nan
12 16 0.00 0.001 143 nan nan
12 16 0.00 0.001 144 nan nan
12 16 0.00 0.001 145 nan nan
12 16 0.00 0.001 146 nan nan
12 16 0.00 0.001 147 nan nan
12 16 0.00 0.001 148 nan nan
12 16 0.00 0.001 149 nan nan
12 16 0.00 0.001 150 nan nan
12 16 0.00 0.001 151 nan nan
12 16 0.00 0.001 152 nan nan
12 16 0.00 0.001 153 nan nan
12 16 0.00 0.001 154 nan nan
12 16 0.00 0.001 155 nan nan
12 16 0.00 0.001 156 nan nan
12 16 0.00 0.001 157 nan nan
12 16 0.00 0.001 158 nan nan
12 16 0.00 0.001 159 nan nan
12 16 0.00 0.001 160 nan nan
12 16 0.00 0.001 161 nan nan
12 16 0.00 0.001 162 nan nan
12 16 0.00 0.001 163 nan nan
12 16 0.00 0.001 164 nan nan
12 16 0.00 0.001 165 nan nan
12 16 0.00 0.001 166 nan nan
12 16 0.00 0.001 167 nan nan
12 16 0.00 0.001 168 nan nan
12 16 0.00 0.001 169 nan nan
12 16 0.00 0.001 170 nan nan
12 16 0.00 0.001 171 nan nan
12 16 0.00 0.001 172 nan nan
12 16 0.00 0.001 173 nan nan
12 16 0.00 0.001 174 nan nan
12 16 0.00 0.001 175 nan nan
12 16 0.00 0.001 176 nan nan
12 16 0.00 0.001 177 nan nan
12 16 0.00 0.001 178 nan nan
12 16 0.00 0.001 179 nan nan
12 16 0.00 0.001 180 nan nan
12 16 0.00 0.001 181 nan nan
12 16 0.00 0.001 182 nan nan
12 16 0.00 0.001 183 nan nan
12 16 0.00 0.001 184 nan nan
12 16 0.00 0.001 185 nan nan
12 16 0.00 0.001 186 nan nan
12 16 0.00 0.001 187 nan nan
12 16 0.00 0.001 188 nan nan
12 16 0.00 0.001 189 nan nan
12 16 0.00 0.001 190 nan nan
12 16 0.00 0.001 191 nan nan
12 16 0.00 0.001 192 nan nan
12 16 0.00 0.001 193 nan nan
12 16 0.00 0.001 194 nan nan
12 16 0.00 0.001 195 nan nan
12 16 0.00 0.001 196 nan nan
12 16 0.00 0.001 197 nan nan
12 16 0.00 0.001 198 nan nan
12 16 0.00 0.001 199 nan nan
12 16 0.00 0.001 200 nan nan
12 16 0.00 0.001 201 nan nan
12 16 0.00 0.001 202 nan nan
12 16 0.00 0.001 203 nan nan
12 16 0.00 0.001 204 nan nan
12 16 0.00 0.001 205 nan nan
12 16 0.00 0.001 206 nan nan
12 16 0.00 0.001 207 nan nan
12 16 0.00 0.001 208 nan nan
12 16 0.00 0.001 209 nan nan
12 16 0.00 0.001 210 nan nan
12 16 0.00 0.001 211 nan nan
12 16 0.00 0.001 212 nan nan
12 16 0.00 0.001 213 nan nan
12 16 0.00 0.001 214 nan nan
12 16 0.00 0.001 215 nan nan
12 16 0.00 0.001 216 nan nan
12 16 0.00 0.001 217 nan nan
12 16 0.00 0.001 218 nan nan
12 16 0.00 0.001 219 nan nan
12 16 0.00 0.001 220 nan nan
12 16 0.00 0.001 221 nan nan
12 16 0.00 0.001 222 nan nan
12 16 0.00 0.001 223 nan nan
12 16 0.00 0.001 224 nan nan
12 16 0.00 0.001 225 nan nan
12 16 0.00 0.001 226 nan nan
12 16 0.00 0.001 227 nan nan
12 16 0.00 0.001 228 nan nan
12 16 0.00 0.001 229 nan nan
12 16 0.00 0.001 230 nan nan
12 16 0.00 0.001 231 nan nan
12 16 0.00 0.001 232 nan nan
12 16 0.00 0.001 233 nan nan
12 16 0.00 0.001 234 nan nan
12 16 0.00 0.001 235 nan nan
12 16 0.00 0.001 236 nan nan
12 16 0.00 0.001 237 nan nan
12 16 0.00 0.001 238 nan nan
12 16 0.00 0.001 239 nan nan
12 16 0.00 0.001 240 nan nan
12 16 0.00 0.001 241 nan nan
12 16 0.00 0.001 242 nan nan
12 16 0.00 0.001 243 nan nan
12 16 0.00 0.001 244 nan nan
12 16 0.00 0.001 245 nan nan
12 16 0.00 0.001 246 nan nan
12 16 0.00 0.001 247 nan nan
12 16 0.00 0.001 248 nan nan
12 16 0.00 0.001 249 nan nan
12 16 0.00 0.001 250 nan nan
12 16 0.00 0.001 251 nan nan
12 16 0.00 0.001 252 nan nan
12 16 0.00 0.001 253 nan nan
12 16 0.00 0.001 254 nan nan
12 16 0.00 0.001 255 nan nan
12 16 0.00 0.001 256 nan nan
12 16 0.00 0.001 257 nan nan
12 16 0.00 0.001 258 nan nan
12 16 0.00 0.001 259 nan nan
12 16 0.00 0.001 260 nan nan
12 16 0.00 0.001 261 nan nan
12 16 0.00 0.001 262 nan nan
12 16 0.00 0.001 263 nan nan
12 16 0.00 0.001 264 nan nan
12 16 0.00 0.001 265 nan nan
12 16 0.00 0.001 266 nan nan
12 16 0.00 0.001 267 nan nan
12 16 0.00 0.001 268 nan nan
12 16 0.00 0.001 269 nan nan
12 16 0.00 0.001 270 nan nan
12 16 0.00 0.001 271 nan nan
12 16 0.00 0.001 272 nan nan
12 16 0.00 0.001 273 nan nan
12 16 0.00 0.001 274 nan nan
12 16 0.00 0.001 275 nan nan
12 16 0.00 0.001 276 nan nan
12 16 0.00 0.001 277 nan nan
12 16 0.00 0.001 278 nan nan
12 16 0.00 0.001 279 nan nan
12 16 0.00 0.001 280 nan nan
12 16 0.00 0.001 281 nan nan
12 16 0.00 0.001 282 nan nan
12 16 0.00 0.001 283 nan nan
12 16 0.00 0.001 284 nan nan
12 16 0.00 0.001 285 nan nan
12 16 0.00 0.001 286 nan nan
12 16 0.00 0.001 287 nan nan
12 16 0.00 0.001 288 nan nan
