#Ls   Lt  mu  ma  nfluxes AxialCurrent Err
12 24 0.10 0.001 0 -0.010873493702732 0.004380690385009
12 24 0.10 0.001 1 0.003478126003711 0.003491523654165
12 24 0.10 0.001 2 -0.001085969254160 0.003999191590445
12 24 0.10 0.001 3 nan nan
12 24 0.10 0.001 4 0.001031019829490 0.003205563390408
12 24 0.10 0.001 5 -0.000904067197876 0.003725079951950
12 24 0.10 0.001 6 nan nan
12 24 0.10 0.001 7 nan nan
12 24 0.10 0.001 8 -0.004960603146488 0.002827149503679
12 24 0.10 0.001 9 -0.000542303542573 0.003064277928751
12 24 0.10 0.001 10 -0.005611837949214 0.002492880600724
12 24 0.10 0.001 11 -0.002787206701404 0.002605661577374
12 24 0.10 0.001 12 -0.004807020348120 0.002669110610701
12 24 0.10 0.001 13 -0.091846895626705 0.002066244875080
12 24 0.10 0.001 14 0.003053804347818 0.002755013348187
12 24 0.10 0.001 15 0.002343141694166 0.001751227402945
12 24 0.10 0.001 16 nan nan
12 24 0.10 0.001 17 0.002501535715659 0.001809480776103
12 24 0.10 0.001 18 0.001535424641877 0.001657763787591
12 24 0.10 0.001 19 0.001736180286491 0.001867585184831
12 24 0.10 0.001 20 0.002065326601517 0.001750626303286
12 24 0.10 0.001 21 -0.003109495740146 0.001665973224933
12 24 0.10 0.001 22 -0.153875153082928 0.002550559401125
12 24 0.10 0.001 23 0.002281193840761 0.001499749554794
12 24 0.10 0.001 24 0.001395521513879 0.001805669647047
12 24 0.10 0.001 25 0.000986806734868 0.001606252951056
12 24 0.10 0.001 26 nan nan
12 24 0.10 0.001 27 -0.002712182151393 0.001220372242962
12 24 0.10 0.001 28 -0.002476949611076 0.001201994005566
12 24 0.10 0.001 29 -0.000535497183270 0.001402028281954
12 24 0.10 0.001 30 0.000210476682454 0.001365208384084
12 24 0.10 0.001 31 0.000744855921492 0.001036351382454
12 24 0.10 0.001 32 0.001077253358303 0.000917544017540
12 24 0.10 0.001 33 0.000567941922835 0.000734819712850
12 24 0.10 0.001 34 0.000241746076469 0.000667646104877
12 24 0.10 0.001 35 0.000465008392006 0.000722867232456
12 24 0.10 0.001 36 0.000120217903907 0.000545883665105
12 24 0.10 0.001 37 0.000074491895835 0.000817604676555
12 24 0.10 0.001 38 0.013268154419151 0.002006292937579
12 24 0.10 0.001 39 nan nan
12 24 0.10 0.001 40 nan nan
12 24 0.10 0.001 41 -0.001731309151684 0.001126379111417
12 24 0.10 0.001 42 -0.001282466925009 0.001244462461055
12 24 0.10 0.001 43 -0.000742311085708 0.001196375552112
12 24 0.10 0.001 44 nan nan
12 24 0.10 0.001 45 nan nan
12 24 0.10 0.001 46 0.000916957435947 0.001459348734482
12 24 0.10 0.001 47 0.137055663230412 0.002140014556154
12 24 0.10 0.001 48 0.001932204901165 0.002015479635619
12 24 0.10 0.001 49 0.000811686333144 0.001887000947202
12 24 0.10 0.001 50 0.001354646654067 0.001960755858981
12 24 0.10 0.001 51 0.002654948900733 0.001920658920747
12 24 0.10 0.001 52 0.001520514276051 0.002129772770075
12 24 0.10 0.001 53 0.000025577192455 0.001920916686504
12 24 0.10 0.001 54 0.002193164639665 0.002301555966298
12 24 0.10 0.001 55 0.000515391832409 0.002146005039992
12 24 0.10 0.001 56 0.001451585063640 0.002554878425711
12 24 0.10 0.001 57 -0.000389486153618 0.002395165847269
12 24 0.10 0.001 58 -0.000599129257125 0.002498887438418
12 24 0.10 0.001 59 0.000045159342927 0.002635654266231
12 24 0.10 0.001 60 -0.001468970356696 0.002891272952012
12 24 0.10 0.001 61 nan nan
12 24 0.10 0.001 62 nan nan
12 24 0.10 0.001 63 0.000334635365702 0.002619959289133
12 24 0.10 0.001 64 -0.000952333404731 0.003193253564930
12 24 0.10 0.001 65 nan nan
12 24 0.10 0.001 66 0.001334203443983 0.003184945528393
12 24 0.10 0.001 67 0.003545891647048 0.003642217647577
12 24 0.10 0.001 68 -0.001073088328528 0.003238356095539
12 24 0.10 0.001 69 -0.000904369362334 0.003501555332542
12 24 0.10 0.001 70 -0.001453261979406 0.003716765258848
12 24 0.10 0.001 71 -0.002026644323518 0.004022278028706
12 24 0.10 0.001 72 0.007354771709477 0.004936782195668
12 24 0.10 0.001 73 nan nan
12 24 0.10 0.001 74 nan nan
12 24 0.10 0.001 75 nan nan
12 24 0.10 0.001 76 nan nan
12 24 0.10 0.001 77 nan nan
12 24 0.10 0.001 78 nan nan
12 24 0.10 0.001 79 nan nan
12 24 0.10 0.001 80 nan nan
12 24 0.10 0.001 81 nan nan
12 24 0.10 0.001 82 nan nan
12 24 0.10 0.001 83 nan nan
12 24 0.10 0.001 84 nan nan
12 24 0.10 0.001 85 nan nan
12 24 0.10 0.001 86 nan nan
12 24 0.10 0.001 87 nan nan
12 24 0.10 0.001 88 nan nan
12 24 0.10 0.001 89 nan nan
12 24 0.10 0.001 90 nan nan
12 24 0.10 0.001 91 nan nan
12 24 0.10 0.001 92 nan nan
12 24 0.10 0.001 93 nan nan
12 24 0.10 0.001 94 nan nan
12 24 0.10 0.001 95 nan nan
12 24 0.10 0.001 96 nan nan
12 24 0.10 0.001 97 nan nan
12 24 0.10 0.001 98 nan nan
12 24 0.10 0.001 99 nan nan
12 24 0.10 0.001 100 nan nan
12 24 0.10 0.001 101 nan nan
12 24 0.10 0.001 102 nan nan
12 24 0.10 0.001 103 nan nan
12 24 0.10 0.001 104 nan nan
12 24 0.10 0.001 105 nan nan
12 24 0.10 0.001 106 nan nan
12 24 0.10 0.001 107 nan nan
12 24 0.10 0.001 108 nan nan
12 24 0.10 0.001 109 nan nan
12 24 0.10 0.001 110 nan nan
12 24 0.10 0.001 111 nan nan
12 24 0.10 0.001 112 nan nan
12 24 0.10 0.001 113 nan nan
12 24 0.10 0.001 114 nan nan
12 24 0.10 0.001 115 nan nan
12 24 0.10 0.001 116 nan nan
12 24 0.10 0.001 117 nan nan
12 24 0.10 0.001 118 nan nan
12 24 0.10 0.001 119 nan nan
12 24 0.10 0.001 120 nan nan
12 24 0.10 0.001 121 nan nan
12 24 0.10 0.001 122 nan nan
12 24 0.10 0.001 123 nan nan
12 24 0.10 0.001 124 nan nan
12 24 0.10 0.001 125 nan nan
12 24 0.10 0.001 126 nan nan
12 24 0.10 0.001 127 nan nan
12 24 0.10 0.001 128 nan nan
12 24 0.10 0.001 129 nan nan
12 24 0.10 0.001 130 nan nan
12 24 0.10 0.001 131 nan nan
12 24 0.10 0.001 132 nan nan
12 24 0.10 0.001 133 nan nan
12 24 0.10 0.001 134 nan nan
12 24 0.10 0.001 135 nan nan
12 24 0.10 0.001 136 nan nan
12 24 0.10 0.001 137 nan nan
12 24 0.10 0.001 138 nan nan
12 24 0.10 0.001 139 nan nan
12 24 0.10 0.001 140 nan nan
12 24 0.10 0.001 141 nan nan
12 24 0.10 0.001 142 nan nan
12 24 0.10 0.001 143 nan nan
12 24 0.10 0.001 144 nan nan
12 24 0.10 0.001 145 nan nan
12 24 0.10 0.001 146 nan nan
12 24 0.10 0.001 147 nan nan
12 24 0.10 0.001 148 nan nan
12 24 0.10 0.001 149 nan nan
12 24 0.10 0.001 150 nan nan
12 24 0.10 0.001 151 nan nan
12 24 0.10 0.001 152 nan nan
12 24 0.10 0.001 153 nan nan
12 24 0.10 0.001 154 nan nan
12 24 0.10 0.001 155 nan nan
12 24 0.10 0.001 156 nan nan
12 24 0.10 0.001 157 nan nan
12 24 0.10 0.001 158 nan nan
12 24 0.10 0.001 159 nan nan
12 24 0.10 0.001 160 nan nan
12 24 0.10 0.001 161 nan nan
12 24 0.10 0.001 162 nan nan
12 24 0.10 0.001 163 nan nan
12 24 0.10 0.001 164 nan nan
12 24 0.10 0.001 165 nan nan
12 24 0.10 0.001 166 nan nan
12 24 0.10 0.001 167 nan nan
12 24 0.10 0.001 168 nan nan
12 24 0.10 0.001 169 nan nan
12 24 0.10 0.001 170 nan nan
12 24 0.10 0.001 171 nan nan
12 24 0.10 0.001 172 nan nan
12 24 0.10 0.001 173 nan nan
12 24 0.10 0.001 174 nan nan
12 24 0.10 0.001 175 nan nan
12 24 0.10 0.001 176 nan nan
12 24 0.10 0.001 177 nan nan
12 24 0.10 0.001 178 nan nan
12 24 0.10 0.001 179 nan nan
12 24 0.10 0.001 180 nan nan
12 24 0.10 0.001 181 nan nan
12 24 0.10 0.001 182 nan nan
12 24 0.10 0.001 183 nan nan
12 24 0.10 0.001 184 nan nan
12 24 0.10 0.001 185 nan nan
12 24 0.10 0.001 186 nan nan
12 24 0.10 0.001 187 nan nan
12 24 0.10 0.001 188 nan nan
12 24 0.10 0.001 189 nan nan
12 24 0.10 0.001 190 nan nan
12 24 0.10 0.001 191 nan nan
12 24 0.10 0.001 192 nan nan
12 24 0.10 0.001 193 nan nan
12 24 0.10 0.001 194 nan nan
12 24 0.10 0.001 195 nan nan
12 24 0.10 0.001 196 nan nan
12 24 0.10 0.001 197 nan nan
12 24 0.10 0.001 198 nan nan
12 24 0.10 0.001 199 nan nan
12 24 0.10 0.001 200 nan nan
12 24 0.10 0.001 201 nan nan
12 24 0.10 0.001 202 nan nan
12 24 0.10 0.001 203 nan nan
12 24 0.10 0.001 204 nan nan
12 24 0.10 0.001 205 nan nan
12 24 0.10 0.001 206 nan nan
12 24 0.10 0.001 207 nan nan
12 24 0.10 0.001 208 nan nan
12 24 0.10 0.001 209 nan nan
12 24 0.10 0.001 210 nan nan
12 24 0.10 0.001 211 nan nan
12 24 0.10 0.001 212 nan nan
12 24 0.10 0.001 213 nan nan
12 24 0.10 0.001 214 nan nan
12 24 0.10 0.001 215 nan nan
12 24 0.10 0.001 216 nan nan
12 24 0.10 0.001 217 nan nan
12 24 0.10 0.001 218 nan nan
12 24 0.10 0.001 219 nan nan
12 24 0.10 0.001 220 nan nan
12 24 0.10 0.001 221 nan nan
12 24 0.10 0.001 222 nan nan
12 24 0.10 0.001 223 nan nan
12 24 0.10 0.001 224 nan nan
12 24 0.10 0.001 225 nan nan
12 24 0.10 0.001 226 nan nan
12 24 0.10 0.001 227 nan nan
12 24 0.10 0.001 228 nan nan
12 24 0.10 0.001 229 nan nan
12 24 0.10 0.001 230 nan nan
12 24 0.10 0.001 231 nan nan
12 24 0.10 0.001 232 nan nan
12 24 0.10 0.001 233 nan nan
12 24 0.10 0.001 234 nan nan
12 24 0.10 0.001 235 nan nan
12 24 0.10 0.001 236 nan nan
12 24 0.10 0.001 237 nan nan
12 24 0.10 0.001 238 nan nan
12 24 0.10 0.001 239 nan nan
12 24 0.10 0.001 240 nan nan
12 24 0.10 0.001 241 nan nan
12 24 0.10 0.001 242 nan nan
12 24 0.10 0.001 243 nan nan
12 24 0.10 0.001 244 nan nan
12 24 0.10 0.001 245 nan nan
12 24 0.10 0.001 246 nan nan
12 24 0.10 0.001 247 nan nan
12 24 0.10 0.001 248 nan nan
12 24 0.10 0.001 249 nan nan
12 24 0.10 0.001 250 nan nan
12 24 0.10 0.001 251 nan nan
12 24 0.10 0.001 252 nan nan
12 24 0.10 0.001 253 nan nan
12 24 0.10 0.001 254 nan nan
12 24 0.10 0.001 255 nan nan
12 24 0.10 0.001 256 nan nan
12 24 0.10 0.001 257 nan nan
12 24 0.10 0.001 258 nan nan
12 24 0.10 0.001 259 nan nan
12 24 0.10 0.001 260 nan nan
12 24 0.10 0.001 261 nan nan
12 24 0.10 0.001 262 nan nan
12 24 0.10 0.001 263 nan nan
12 24 0.10 0.001 264 nan nan
12 24 0.10 0.001 265 nan nan
12 24 0.10 0.001 266 nan nan
12 24 0.10 0.001 267 nan nan
12 24 0.10 0.001 268 nan nan
12 24 0.10 0.001 269 nan nan
12 24 0.10 0.001 270 nan nan
12 24 0.10 0.001 271 nan nan
12 24 0.10 0.001 272 nan nan
12 24 0.10 0.001 273 nan nan
12 24 0.10 0.001 274 nan nan
12 24 0.10 0.001 275 nan nan
12 24 0.10 0.001 276 nan nan
12 24 0.10 0.001 277 nan nan
12 24 0.10 0.001 278 nan nan
12 24 0.10 0.001 279 nan nan
12 24 0.10 0.001 280 nan nan
12 24 0.10 0.001 281 nan nan
12 24 0.10 0.001 282 nan nan
12 24 0.10 0.001 283 nan nan
12 24 0.10 0.001 284 nan nan
12 24 0.10 0.001 285 nan nan
12 24 0.10 0.001 286 nan nan
12 24 0.10 0.001 287 nan nan
12 24 0.10 0.001 288 nan nan
