#Ls   Lt  mu  ma  nfluxes AxialCurrent Err
24 16 0.15 0.001 0 nan nan
24 16 0.15 0.001 1 nan nan
24 16 0.15 0.001 2 -0.148703098258264 0.000959670479825
24 16 0.15 0.001 3 -0.203170380595030 0.001112486464267
24 16 0.15 0.001 4 -0.225913100247919 0.000784855497073
24 16 0.15 0.001 5 -0.228564516335540 0.000991042744845
24 16 0.15 0.001 6 -0.209000398329326 0.000635540699608
24 16 0.15 0.001 7 nan nan
24 16 0.15 0.001 8 nan nan
24 16 0.15 0.001 9 -0.144850473468778 0.000580046773296
24 16 0.15 0.001 10 -0.151110594875086 0.000658853012381
24 16 0.15 0.001 11 nan nan
24 16 0.15 0.001 12 nan nan
24 16 0.15 0.001 13 nan nan
24 16 0.15 0.001 14 nan nan
24 16 0.15 0.001 15 nan nan
24 16 0.15 0.001 16 nan nan
24 16 0.15 0.001 17 -0.374572537840524 0.000810376253682
24 16 0.15 0.001 18 nan nan
24 16 0.15 0.001 19 nan nan
24 16 0.15 0.001 20 -0.311580912433557 0.001123733139652
24 16 0.15 0.001 21 -0.293336230656910 0.000906757250829
24 16 0.15 0.001 22 -0.284211974945063 0.001108346744016
24 16 0.15 0.001 23 nan nan
24 16 0.15 0.001 24 -0.285945479566934 0.000920629037947
24 16 0.15 0.001 25 nan nan
24 16 0.15 0.001 26 nan nan
24 16 0.15 0.001 27 nan nan
24 16 0.15 0.001 28 nan nan
24 16 0.15 0.001 29 nan nan
24 16 0.15 0.001 30 nan nan
24 16 0.15 0.001 31 nan nan
24 16 0.15 0.001 32 nan nan
24 16 0.15 0.001 33 nan nan
24 16 0.15 0.001 34 nan nan
24 16 0.15 0.001 35 nan nan
24 16 0.15 0.001 36 nan nan
24 16 0.15 0.001 37 nan nan
24 16 0.15 0.001 38 nan nan
24 16 0.15 0.001 39 nan nan
24 16 0.15 0.001 40 nan nan
24 16 0.15 0.001 41 nan nan
24 16 0.15 0.001 42 -0.111827976617726 0.000832272371460
24 16 0.15 0.001 43 nan nan
24 16 0.15 0.001 44 -0.100919762392244 0.000850188242794
24 16 0.15 0.001 45 nan nan
24 16 0.15 0.001 46 nan nan
24 16 0.15 0.001 47 nan nan
24 16 0.15 0.001 48 nan nan
24 16 0.15 0.001 49 -0.062172694591020 0.000720795814560
24 16 0.15 0.001 50 nan nan
24 16 0.15 0.001 51 -0.054661472613261 0.000776136034338
24 16 0.15 0.001 52 -0.046638156375507 0.000582104373852
24 16 0.15 0.001 53 nan nan
24 16 0.15 0.001 54 nan nan
24 16 0.15 0.001 55 nan nan
24 16 0.15 0.001 56 nan nan
24 16 0.15 0.001 57 -0.001767330332682 0.000721653495235
24 16 0.15 0.001 58 nan nan
24 16 0.15 0.001 59 nan nan
24 16 0.15 0.001 60 nan nan
24 16 0.15 0.001 61 nan nan
24 16 0.15 0.001 62 nan nan
24 16 0.15 0.001 63 nan nan
24 16 0.15 0.001 64 nan nan
24 16 0.15 0.001 65 nan nan
24 16 0.15 0.001 66 0.014960364458065 0.000681884670430
24 16 0.15 0.001 67 nan nan
24 16 0.15 0.001 68 0.032516971301197 0.000607076009855
24 16 0.15 0.001 69 0.049289744609058 0.000655574721131
24 16 0.15 0.001 70 nan nan
24 16 0.15 0.001 71 0.048586025932911 0.000525773705036
24 16 0.15 0.001 72 0.040743947737310 0.000545039883632
24 16 0.15 0.001 73 0.032063977638168 0.000531067187870
24 16 0.15 0.001 74 0.010943071380058 0.000662726769597
24 16 0.15 0.001 75 nan nan
24 16 0.15 0.001 76 -0.035427320353358 0.000659438761591
24 16 0.15 0.001 77 nan nan
24 16 0.15 0.001 78 -0.074302145042549 0.000564264547412
24 16 0.15 0.001 79 -0.084767174578547 0.000855665288966
24 16 0.15 0.001 80 nan nan
24 16 0.15 0.001 81 -0.077358424830329 0.000799092035146
24 16 0.15 0.001 82 nan nan
24 16 0.15 0.001 83 nan nan
24 16 0.15 0.001 84 nan nan
24 16 0.15 0.001 85 nan nan
24 16 0.15 0.001 86 nan nan
24 16 0.15 0.001 87 nan nan
24 16 0.15 0.001 88 nan nan
24 16 0.15 0.001 89 nan nan
24 16 0.15 0.001 90 nan nan
24 16 0.15 0.001 91 -0.020920919071610 0.000663300374157
24 16 0.15 0.001 92 nan nan
24 16 0.15 0.001 93 nan nan
24 16 0.15 0.001 94 nan nan
24 16 0.15 0.001 95 nan nan
24 16 0.15 0.001 96 nan nan
24 16 0.15 0.001 97 nan nan
24 16 0.15 0.001 98 -0.003545606761780 0.000531992030534
24 16 0.15 0.001 99 -0.022724304394698 0.000565173437775
24 16 0.15 0.001 100 -0.038472380365481 0.000660315953577
24 16 0.15 0.001 101 nan nan
24 16 0.15 0.001 102 nan nan
24 16 0.15 0.001 103 nan nan
24 16 0.15 0.001 104 nan nan
24 16 0.15 0.001 105 nan nan
24 16 0.15 0.001 106 nan nan
24 16 0.15 0.001 107 nan nan
24 16 0.15 0.001 108 0.007486216710147 0.000601865273766
24 16 0.15 0.001 109 nan nan
24 16 0.15 0.001 110 nan nan
24 16 0.15 0.001 111 nan nan
24 16 0.15 0.001 112 nan nan
24 16 0.15 0.001 113 nan nan
24 16 0.15 0.001 114 nan nan
24 16 0.15 0.001 115 0.008255904011129 0.000535164663793
24 16 0.15 0.001 116 nan nan
24 16 0.15 0.001 117 nan nan
24 16 0.15 0.001 118 nan nan
24 16 0.15 0.001 119 -0.006717824994595 0.000586174675567
24 16 0.15 0.001 120 -0.003614392292001 0.000481929402330
24 16 0.15 0.001 121 nan nan
24 16 0.15 0.001 122 -0.010098893354244 0.000703528380717
24 16 0.15 0.001 123 nan nan
24 16 0.15 0.001 124 nan nan
24 16 0.15 0.001 125 nan nan
24 16 0.15 0.001 126 -0.001157046615599 0.000632966478061
24 16 0.15 0.001 127 nan nan
24 16 0.15 0.001 128 nan nan
24 16 0.15 0.001 129 nan nan
24 16 0.15 0.001 130 nan nan
24 16 0.15 0.001 131 nan nan
24 16 0.15 0.001 132 -0.011869856780932 0.000658876317760
24 16 0.15 0.001 133 nan nan
24 16 0.15 0.001 134 -0.003593931106130 0.000563408112481
24 16 0.15 0.001 135 nan nan
24 16 0.15 0.001 136 nan nan
24 16 0.15 0.001 137 nan nan
24 16 0.15 0.001 138 -0.002133637710353 0.000677789801943
24 16 0.15 0.001 139 nan nan
24 16 0.15 0.001 140 -0.002033674507967 0.000695278972078
24 16 0.15 0.001 141 -0.002430010184593 0.000554953562360
24 16 0.15 0.001 142 nan nan
24 16 0.15 0.001 143 nan nan
24 16 0.15 0.001 144 nan nan
24 16 0.15 0.001 145 nan nan
24 16 0.15 0.001 146 0.001969978720960 0.000535345291587
24 16 0.15 0.001 147 nan nan
24 16 0.15 0.001 148 nan nan
24 16 0.15 0.001 149 nan nan
24 16 0.15 0.001 150 0.002669106970583 0.000625220336875
24 16 0.15 0.001 151 0.005112722860034 0.000467830508018
24 16 0.15 0.001 152 nan nan
24 16 0.15 0.001 153 0.004780632880807 0.000606989667058
24 16 0.15 0.001 154 nan nan
24 16 0.15 0.001 155 nan nan
24 16 0.15 0.001 156 nan nan
24 16 0.15 0.001 157 nan nan
24 16 0.15 0.001 158 nan nan
24 16 0.15 0.001 159 0.004118366830220 0.000476580220223
24 16 0.15 0.001 160 nan nan
24 16 0.15 0.001 161 nan nan
24 16 0.15 0.001 162 nan nan
24 16 0.15 0.001 163 nan nan
24 16 0.15 0.001 164 0.003885065086858 0.000495114807178
24 16 0.15 0.001 165 nan nan
24 16 0.15 0.001 166 nan nan
24 16 0.15 0.001 167 0.007469452029162 0.000683767420465
24 16 0.15 0.001 168 nan nan
24 16 0.15 0.001 169 nan nan
24 16 0.15 0.001 170 nan nan
24 16 0.15 0.001 171 nan nan
24 16 0.15 0.001 172 nan nan
24 16 0.15 0.001 173 -0.007996289462540 0.000530423593817
24 16 0.15 0.001 174 nan nan
24 16 0.15 0.001 175 nan nan
24 16 0.15 0.001 176 0.020035595041868 0.000597985671062
24 16 0.15 0.001 177 nan nan
24 16 0.15 0.001 178 nan nan
24 16 0.15 0.001 179 nan nan
24 16 0.15 0.001 180 -0.008551312090640 0.000529607794048
24 16 0.15 0.001 181 nan nan
24 16 0.15 0.001 182 0.000476974142294 0.000629608061007
24 16 0.15 0.001 183 nan nan
24 16 0.15 0.001 184 nan nan
24 16 0.15 0.001 185 0.026333855850721 0.000500961163605
24 16 0.15 0.001 186 nan nan
24 16 0.15 0.001 187 nan nan
24 16 0.15 0.001 188 nan nan
24 16 0.15 0.001 189 nan nan
24 16 0.15 0.001 190 nan nan
24 16 0.15 0.001 191 nan nan
24 16 0.15 0.001 192 nan nan
24 16 0.15 0.001 193 nan nan
24 16 0.15 0.001 194 -0.020065449546854 0.000511808681004
24 16 0.15 0.001 195 -0.008873684711059 0.000592444338235
24 16 0.15 0.001 196 nan nan
24 16 0.15 0.001 197 nan nan
24 16 0.15 0.001 198 nan nan
24 16 0.15 0.001 199 nan nan
24 16 0.15 0.001 200 nan nan
24 16 0.15 0.001 201 nan nan
24 16 0.15 0.001 202 nan nan
24 16 0.15 0.001 203 nan nan
24 16 0.15 0.001 204 0.066958955586190 0.000879587558977
24 16 0.15 0.001 205 nan nan
24 16 0.15 0.001 206 nan nan
24 16 0.15 0.001 207 0.059897004170010 0.000689497423037
24 16 0.15 0.001 208 nan nan
24 16 0.15 0.001 209 nan nan
24 16 0.15 0.001 210 0.062531562364550 0.000858840402833
24 16 0.15 0.001 211 0.050103520516891 0.000644515926485
24 16 0.15 0.001 212 nan nan
24 16 0.15 0.001 213 0.013087571258237 0.000598592213416
24 16 0.15 0.001 214 -0.007816203271139 0.000591523054367
24 16 0.15 0.001 215 -0.028569114373080 0.000522780485738
24 16 0.15 0.001 216 nan nan
24 16 0.15 0.001 217 nan nan
24 16 0.15 0.001 218 -0.055103671069528 0.000512480957457
24 16 0.15 0.001 219 nan nan
24 16 0.15 0.001 220 nan nan
24 16 0.15 0.001 221 -0.043240793532925 0.000745576236177
24 16 0.15 0.001 222 -0.032554912152526 0.000886294721499
24 16 0.15 0.001 223 -0.021217500858098 0.000667383888424
24 16 0.15 0.001 224 nan nan
24 16 0.15 0.001 225 -0.002125471458154 0.000684244178984
24 16 0.15 0.001 226 nan nan
24 16 0.15 0.001 227 nan nan
24 16 0.15 0.001 228 nan nan
24 16 0.15 0.001 229 nan nan
24 16 0.15 0.001 230 nan nan
24 16 0.15 0.001 231 nan nan
24 16 0.15 0.001 232 nan nan
24 16 0.15 0.001 233 nan nan
24 16 0.15 0.001 234 0.009863866882562 0.000652063057190
24 16 0.15 0.001 235 nan nan
24 16 0.15 0.001 236 nan nan
24 16 0.15 0.001 237 nan nan
24 16 0.15 0.001 238 0.059350819659016 0.000801527600042
24 16 0.15 0.001 239 nan nan
24 16 0.15 0.001 240 nan nan
24 16 0.15 0.001 241 0.069183657188652 0.001022811507200
24 16 0.15 0.001 242 0.077169237363333 0.000933945574241
24 16 0.15 0.001 243 nan nan
24 16 0.15 0.001 244 0.068309801133852 0.000889335355522
24 16 0.15 0.001 245 nan nan
24 16 0.15 0.001 246 0.074708891412240 0.000850001840918
24 16 0.15 0.001 247 0.084007937283511 0.000658655511713
24 16 0.15 0.001 248 nan nan
24 16 0.15 0.001 249 0.118521445388050 0.000833153893803
24 16 0.15 0.001 250 nan nan
24 16 0.15 0.001 251 nan nan
24 16 0.15 0.001 252 nan nan
24 16 0.15 0.001 253 nan nan
24 16 0.15 0.001 254 nan nan
24 16 0.15 0.001 255 nan nan
24 16 0.15 0.001 256 0.155876972744571 0.000935446795616
24 16 0.15 0.001 257 nan nan
24 16 0.15 0.001 258 0.217416542135873 0.001132340609710
24 16 0.15 0.001 259 0.247480873707139 0.000915805226752
24 16 0.15 0.001 260 0.274136905808668 0.000862601813755
24 16 0.15 0.001 261 nan nan
24 16 0.15 0.001 262 nan nan
24 16 0.15 0.001 263 0.294416882534061 0.000940302126110
24 16 0.15 0.001 264 nan nan
24 16 0.15 0.001 265 0.321691209380380 0.001021929730564
24 16 0.15 0.001 266 nan nan
24 16 0.15 0.001 267 nan nan
24 16 0.15 0.001 268 nan nan
24 16 0.15 0.001 269 nan nan
24 16 0.15 0.001 270 0.296044064800530 0.001080651804688
24 16 0.15 0.001 271 0.317094877692516 0.001011729801910
24 16 0.15 0.001 272 0.326446132427082 0.001051980097095
24 16 0.15 0.001 273 0.322119757368488 0.000866592187252
24 16 0.15 0.001 274 0.300597074156495 0.000982666820023
24 16 0.15 0.001 275 nan nan
24 16 0.15 0.001 276 0.215883701728234 0.000946940094988
24 16 0.15 0.001 277 0.169721393171414 0.000745112299305
24 16 0.15 0.001 278 0.130513414562692 0.000868022293335
24 16 0.15 0.001 279 0.106214918488867 0.000544572739878
24 16 0.15 0.001 280 0.102072773639808 0.000667618791670
24 16 0.15 0.001 281 0.114849369347336 0.000774688686903
24 16 0.15 0.001 282 0.136617612112254 0.000637692265829
24 16 0.15 0.001 283 0.160618915745495 0.000835657276453
24 16 0.15 0.001 284 0.172145976562646 0.000692927528638
24 16 0.15 0.001 285 0.164129806303407 0.000803333341026
24 16 0.15 0.001 286 nan nan
24 16 0.15 0.001 287 nan nan
24 16 0.15 0.001 288 nan nan
