24 16 0.00 0.001 0 -0.000358977369788 0.000770551140425
24 16 0.00 0.001 1 -0.000082170758801 0.000693397849525
24 16 0.00 0.001 2 -0.007404888164183 0.000641046747959
24 16 0.00 0.001 3 -0.000409941239752 0.000812126448538
24 16 0.00 0.001 4 0.001338729404734 0.000679556377001
24 16 0.00 0.001 5 0.000354853030993 0.000584092123271
24 16 0.00 0.001 6 -0.030279783413766 0.000559358797080
24 16 0.00 0.001 7 0.000210697798152 0.000538739656578
24 16 0.00 0.001 8 0.000372434081234 0.000501540445748
24 16 0.00 0.001 9 0.000613728153129 0.000495495495754
24 16 0.00 0.001 10 0.000504024509833 0.000477147590719
24 16 0.00 0.001 11 0.001138615488409 0.000635353599425
24 16 0.00 0.001 12 0.000619749018152 0.000442416391487
24 16 0.00 0.001 13 0.000866960236887 0.000610068888691
24 16 0.00 0.001 14 0.000647632353441 0.000509403369827
24 16 0.00 0.001 15 -0.011496586879511 0.000460522040148
24 16 0.00 0.001 16 0.000892442808744 0.000538010377654
24 16 0.00 0.001 17 0.001006392576331 0.000617227144519
24 16 0.00 0.001 18 -0.027740977366425 0.000509073367175
24 16 0.00 0.001 19 0.001047676164075 0.000645975524192
24 16 0.00 0.001 20 0.000541728291302 0.000695419033582
24 16 0.00 0.001 21 0.001131479754791 0.000705689986664
24 16 0.00 0.001 22 0.001236685332044 0.000733313782210
24 16 0.00 0.001 23 0.000852820692031 0.000674149793931
24 16 0.00 0.001 24 0.000241090140958 0.000716957305981
24 16 0.00 0.001 25 nan nan
24 16 0.00 0.001 26 nan nan
24 16 0.00 0.001 27 0.000030593739503 0.000701973343350
24 16 0.00 0.001 28 -0.014227398710926 0.000643154484099
24 16 0.00 0.001 29 0.000576117009146 0.000644071292724
24 16 0.00 0.001 30 0.000547882486397 0.000632631255540
24 16 0.00 0.001 31 0.000536886355218 0.000609395128475
24 16 0.00 0.001 32 0.000521007519482 0.000680506217776
24 16 0.00 0.001 33 0.000353433508020 0.000598995666780
24 16 0.00 0.001 34 0.000315123121596 0.000493704129279
24 16 0.00 0.001 35 0.000138578751791 0.000602550978022
24 16 0.00 0.001 36 -0.000123155845735 0.000602442941242
24 16 0.00 0.001 37 -0.000152954108498 0.000558562556384
24 16 0.00 0.001 38 0.000004180663139 0.000621774652774
24 16 0.00 0.001 39 -0.000140769593912 0.000571074350019
24 16 0.00 0.001 40 -0.000103104403855 0.000570195055189
24 16 0.00 0.001 41 -0.015196491197055 0.000735949065688
24 16 0.00 0.001 42 -0.000192482362982 0.000567076531266
24 16 0.00 0.001 43 -0.000283593288461 0.000461732381501
24 16 0.00 0.001 44 -0.000211879306023 0.000543374087299
24 16 0.00 0.001 45 -0.012502652599995 0.000706466611638
24 16 0.00 0.001 46 -0.003618504630098 0.000516894440365
24 16 0.00 0.001 47 -0.000359547645808 0.000578750384543
24 16 0.00 0.001 48 -0.000067405762232 0.000675883045525
24 16 0.00 0.001 49 nan nan
24 16 0.00 0.001 50 -0.000190898899158 0.000510311281415
24 16 0.00 0.001 51 -0.000121740866845 0.000508405341674
24 16 0.00 0.001 52 -0.000470130313117 0.000524923881670
24 16 0.00 0.001 53 -0.000348341023708 0.000511296702968
24 16 0.00 0.001 54 -0.000289740956028 0.000480159411623
24 16 0.00 0.001 55 -0.000213137304320 0.000479106197454
24 16 0.00 0.001 56 -0.012782999149978 0.000730119411529
24 16 0.00 0.001 57 -0.000225964042610 0.000478015416987
24 16 0.00 0.001 58 nan nan
24 16 0.00 0.001 59 -0.003198611263528 0.000644837599714
24 16 0.00 0.001 60 nan nan
24 16 0.00 0.001 61 -0.000305475471652 0.000439292099257
24 16 0.00 0.001 62 nan nan
24 16 0.00 0.001 63 -0.000315597399324 0.000427126944025
24 16 0.00 0.001 64 -0.000354510581978 0.000370256463094
24 16 0.00 0.001 65 nan nan
24 16 0.00 0.001 66 -0.000348436787973 0.000373762541745
24 16 0.00 0.001 67 -0.009128441970231 0.000590230473184
24 16 0.00 0.001 68 -0.000953947617137 0.000460507051441
24 16 0.00 0.001 69 -0.000491857308774 0.000318350297554
24 16 0.00 0.001 70 0.000191616860793 0.000450077774833
24 16 0.00 0.001 71 0.000260622239246 0.000425487496155
24 16 0.00 0.001 72 -0.000640017046222 0.000575646646476
24 16 0.00 0.001 73 -0.000291036291123 0.000469313478058
24 16 0.00 0.001 74 -0.000056796980739 0.000300374422552
24 16 0.00 0.001 75 -0.000325953473795 0.000323912767562
24 16 0.00 0.001 76 nan nan
24 16 0.00 0.001 77 -0.000001922821936 0.000326505859459
24 16 0.00 0.001 78 -0.000223412461417 0.000389545699354
24 16 0.00 0.001 79 0.000119033108579 0.000336350505969
24 16 0.00 0.001 80 nan nan
24 16 0.00 0.001 81 0.000204287904947 0.000421763784447
24 16 0.00 0.001 82 0.000359938969822 0.000381884544425
24 16 0.00 0.001 83 0.000161028423586 0.000401640555936
24 16 0.00 0.001 84 -0.000115212942520 0.000548646503891
24 16 0.00 0.001 85 -0.000468375635649 0.000413534925003
24 16 0.00 0.001 86 0.000468566098169 0.000497958111401
24 16 0.00 0.001 87 0.000201725906153 0.000337288109461
24 16 0.00 0.001 88 0.000562127790196 0.000425384074519
24 16 0.00 0.001 89 0.000024004156104 0.000314316226392
24 16 0.00 0.001 90 0.000023859341392 0.000328892623685
24 16 0.00 0.001 91 nan nan
24 16 0.00 0.001 92 0.000359048325286 0.000431814785090
24 16 0.00 0.001 93 0.000391161606363 0.000433929511622
24 16 0.00 0.001 94 -0.004002339122920 0.000465223855454
24 16 0.00 0.001 95 0.000417003090321 0.000426308663162
24 16 0.00 0.001 96 -0.000746083093822 0.000534845304572
24 16 0.00 0.001 97 0.000324304341023 0.000299549032315
24 16 0.00 0.001 98 0.000502009353774 0.000313136254741
24 16 0.00 0.001 99 0.000156015624136 0.000386023554386
24 16 0.00 0.001 100 0.000142489517312 0.000368218915591
24 16 0.00 0.001 101 0.000052911029941 0.000370812663563
24 16 0.00 0.001 102 0.000056207747064 0.000357113782339
24 16 0.00 0.001 103 nan nan
24 16 0.00 0.001 104 -0.000017153909189 0.000367051854800
24 16 0.00 0.001 105 0.000041315766352 0.000372785198312
24 16 0.00 0.001 106 -0.002274234911675 0.000504888852606
24 16 0.00 0.001 107 nan nan
24 16 0.00 0.001 108 -0.000092232803825 0.000384428470237
24 16 0.00 0.001 109 0.000061101998606 0.000243441714959
24 16 0.00 0.001 110 0.000037610860072 0.000366193891910
24 16 0.00 0.001 111 0.000059336978055 0.000389443922494
24 16 0.00 0.001 112 -0.000275609242234 0.000285727383575
24 16 0.00 0.001 113 -0.000029708138208 0.000336838160853
24 16 0.00 0.001 114 0.000032794158689 0.000380993010188
24 16 0.00 0.001 115 -0.000026499806595 0.000378357931929
24 16 0.00 0.001 116 0.000011719157853 0.000396539597610
24 16 0.00 0.001 117 nan nan
24 16 0.00 0.001 118 0.000085802927674 0.000386045475445
24 16 0.00 0.001 119 -0.000408371231584 0.000307035140039
24 16 0.00 0.001 120 0.000082571442363 0.000368043305892
24 16 0.00 0.001 121 -0.000163297649586 0.000364949193255
24 16 0.00 0.001 122 -0.000044006770152 0.000335689099033
24 16 0.00 0.001 123 0.000019506596579 0.000341368521473
24 16 0.00 0.001 124 -0.000123653828929 0.000356011077212
24 16 0.00 0.001 125 0.000022508911582 0.000318968672203
24 16 0.00 0.001 126 -0.000052569878840 0.000336212851816
24 16 0.00 0.001 127 -0.000070159751972 0.000334066290992
24 16 0.00 0.001 128 -0.001433467857538 0.000506819743845
24 16 0.00 0.001 129 0.000205637141623 0.000338470251353
24 16 0.00 0.001 130 0.000123802342861 0.000295175271302
24 16 0.00 0.001 131 -0.000104279601412 0.000335655954370
24 16 0.00 0.001 132 0.000221459735202 0.000374673052654
24 16 0.00 0.001 133 0.000050270052036 0.000297933365666
24 16 0.00 0.001 134 0.000080956093543 0.000346465876672
24 16 0.00 0.001 135 0.000027016093761 0.000311932811072
24 16 0.00 0.001 136 0.000101937931102 0.000303622133604
24 16 0.00 0.001 137 0.000131590072639 0.000305679167086
24 16 0.00 0.001 138 0.000717083560793 0.000394196407007
24 16 0.00 0.001 139 0.000337516323236 0.000437169229103
24 16 0.00 0.001 140 0.000235714889760 0.000314325958620
24 16 0.00 0.001 141 0.000281516952563 0.000296809849887
24 16 0.00 0.001 142 0.000125910677949 0.000256928695616
24 16 0.00 0.001 143 nan nan
24 16 0.00 0.001 144 -0.000085345900715 0.000255465130083
24 16 0.00 0.001 145 0.000312232990095 0.000324181449795
24 16 0.00 0.001 146 -0.000154834348634 0.000426714550793
24 16 0.00 0.001 147 0.000157454021066 0.000312215443576
24 16 0.00 0.001 148 nan nan
24 16 0.00 0.001 149 nan nan
24 16 0.00 0.001 150 0.000107748222001 0.000348925941080
24 16 0.00 0.001 151 0.000372832405467 0.000514127183121
24 16 0.00 0.001 152 nan nan
24 16 0.00 0.001 153 0.000156833987309 0.000329308634418
24 16 0.00 0.001 154 0.000068212244058 0.000316547263349
24 16 0.00 0.001 155 0.000142980947029 0.000339633227345
24 16 0.00 0.001 156 0.000100824241109 0.000345440567031
24 16 0.00 0.001 157 0.000067336740967 0.000378280175932
24 16 0.00 0.001 158 -0.000063723857726 0.000328619117462
24 16 0.00 0.001 159 -0.000012041486117 0.000313490799368
24 16 0.00 0.001 160 -0.000338401068450 0.000258010981413
24 16 0.00 0.001 161 -0.000078973144523 0.000330569111078
24 16 0.00 0.001 162 0.000017073940782 0.000304969480039
24 16 0.00 0.001 163 -0.000138870859504 0.000324298134861
24 16 0.00 0.001 164 0.000286696763557 0.000343842325861
24 16 0.00 0.001 165 0.001846239140083 0.000461627506869
24 16 0.00 0.001 166 -0.000147478738142 0.000326609063007
24 16 0.00 0.001 167 0.000565545225850 0.000355740885764
24 16 0.00 0.001 168 -0.000255138286885 0.000335703017100
24 16 0.00 0.001 169 -0.000253843364371 0.000339669720588
24 16 0.00 0.001 170 0.000355610694208 0.000386038537852
24 16 0.00 0.001 171 -0.000385337167207 0.000325266561390
24 16 0.00 0.001 172 nan nan
24 16 0.00 0.001 173 -0.000401391660643 0.000326784710014
24 16 0.00 0.001 174 -0.000461087347372 0.000331978670374
24 16 0.00 0.001 175 -0.000485586344622 0.000324985400787
24 16 0.00 0.001 176 0.000120136644381 0.000373096896309
24 16 0.00 0.001 177 nan nan
24 16 0.00 0.001 178 -0.000469285754259 0.000329041144965
24 16 0.00 0.001 179 -0.000475403807819 0.000310002158078
24 16 0.00 0.001 180 -0.000473904628409 0.000308775679599
24 16 0.00 0.001 181 0.000164967412425 0.000387668507825
24 16 0.00 0.001 182 nan nan
24 16 0.00 0.001 183 0.000305467350340 0.000348792451162
24 16 0.00 0.001 184 0.000159297066495 0.000328336654516
24 16 0.00 0.001 185 -0.000304392933180 0.000291656371428
24 16 0.00 0.001 186 -0.000282746319644 0.000272217061631
24 16 0.00 0.001 187 -0.000193042521345 0.000277904920752
24 16 0.00 0.001 188 nan nan
24 16 0.00 0.001 189 -0.000019710518320 0.000283115488262
24 16 0.00 0.001 190 0.000000366982764 0.000298267870987
24 16 0.00 0.001 191 0.000112334669330 0.000330374043416
24 16 0.00 0.001 192 0.000123926085879 0.000381347911113
24 16 0.00 0.001 193 0.000090180679257 0.000285441442842
24 16 0.00 0.001 194 0.000192574021379 0.000328557585478
24 16 0.00 0.001 195 0.000412594825918 0.000310525854579
24 16 0.00 0.001 196 -0.000000208125981 0.000319822034094
24 16 0.00 0.001 197 0.000495376922185 0.000291319652312
24 16 0.00 0.001 198 -0.003747043244783 0.000500511512004
24 16 0.00 0.001 199 -0.002890374638123 0.000646825447784
24 16 0.00 0.001 200 -0.000162036184288 0.000414709024287
24 16 0.00 0.001 201 nan nan
24 16 0.00 0.001 202 0.000772197350283 0.000317047827074
24 16 0.00 0.001 203 0.000110135389331 0.000476901544358
24 16 0.00 0.001 204 -0.000372636709224 0.000482182468301
24 16 0.00 0.001 205 -0.002203474930504 0.000513246454725
24 16 0.00 0.001 206 0.000958021019628 0.000373404146121
24 16 0.00 0.001 207 0.000862501247822 0.000386418191947
24 16 0.00 0.001 208 0.000208507669912 0.000368508909142
24 16 0.00 0.001 209 0.000836599198758 0.000407442834404
24 16 0.00 0.001 210 0.000857667888772 0.000404258772493
24 16 0.00 0.001 211 0.000282261318565 0.000413765810702
24 16 0.00 0.001 212 0.000878239526377 0.000424387529169
24 16 0.00 0.001 213 0.000844660256936 0.000409364545138
24 16 0.00 0.001 214 0.001002910997301 0.000472774059965
24 16 0.00 0.001 215 0.000978702679322 0.000532882892250
24 16 0.00 0.001 216 -0.000039651120038 0.000392516721124
24 16 0.00 0.001 217 -0.000548518114319 0.000451697980146
24 16 0.00 0.001 218 0.000701957837058 0.000470578523253
24 16 0.00 0.001 219 0.000652084834562 0.000487565462333
24 16 0.00 0.001 220 0.000521669849177 0.000510077179170
24 16 0.00 0.001 221 0.000638142874120 0.000506400477556
24 16 0.00 0.001 222 -0.000729780362398 0.000389184683255
24 16 0.00 0.001 223 0.000381914686805 0.000536287405744
24 16 0.00 0.001 224 -0.000648740642250 0.000392577206631
24 16 0.00 0.001 225 0.000272822507777 0.000552340511465
24 16 0.00 0.001 226 0.000202168291156 0.000552542093081
24 16 0.00 0.001 227 0.001192691720584 0.000582135813189
24 16 0.00 0.001 228 0.000196351380618 0.000600185212652
24 16 0.00 0.001 229 -0.002039767193136 0.000594787082415
24 16 0.00 0.001 230 -0.000432834529713 0.000395420256383
24 16 0.00 0.001 231 -0.000337752134924 0.000371774537010
24 16 0.00 0.001 232 -0.000342764424417 0.000365045504033
24 16 0.00 0.001 233 -0.013907380348923 0.000500195375084
24 16 0.00 0.001 234 -0.000021311947104 0.000519333827629
24 16 0.00 0.001 235 -0.000102852732319 0.000507330129282
24 16 0.00 0.001 236 -0.006778776924074 0.000639184359277
24 16 0.00 0.001 237 -0.000711980297966 0.000525357621925
24 16 0.00 0.001 238 -0.000174194450617 0.000358930415085
24 16 0.00 0.001 239 0.001189357966496 0.000666698923390
24 16 0.00 0.001 240 nan nan
24 16 0.00 0.001 241 -0.000111507333220 0.000521750853375
24 16 0.00 0.001 242 -0.000146639906112 0.000524105444032
24 16 0.00 0.001 243 -0.000234440773847 0.000523631926507
24 16 0.00 0.001 244 nan nan
24 16 0.00 0.001 245 -0.017782804417650 0.000607299555549
24 16 0.00 0.001 246 -0.000221099388803 0.000548638738559
24 16 0.00 0.001 247 -0.000274441390051 0.000549667762764
24 16 0.00 0.001 248 nan nan
24 16 0.00 0.001 249 -0.000393730073554 0.000486493882163
24 16 0.00 0.001 250 nan nan
24 16 0.00 0.001 251 -0.000180945543936 0.000623794449382
24 16 0.00 0.001 252 -0.000139670875029 0.000617929786606
24 16 0.00 0.001 253 0.000736591387677 0.000521026383209
24 16 0.00 0.001 254 0.000386420542507 0.000603975385452
24 16 0.00 0.001 255 -0.000369832436759 0.000638093086140
24 16 0.00 0.001 256 -0.019938070084598 0.000783236189180
24 16 0.00 0.001 257 -0.023620206517832 0.000631132789343
24 16 0.00 0.001 258 -0.000286246043554 0.000554841571884
24 16 0.00 0.001 259 -0.000247025474992 0.000561691886795
24 16 0.00 0.001 260 -0.000269256482236 0.000526806473506
24 16 0.00 0.001 261 -0.000119655138728 0.000509538693533
24 16 0.00 0.001 262 -0.000258074090387 0.000488885799230
24 16 0.00 0.001 263 nan nan
24 16 0.00 0.001 264 0.000014771095724 0.000522187914277
24 16 0.00 0.001 265 -0.000887260388691 0.000621804770793
24 16 0.00 0.001 266 -0.000017402344131 0.000481518295736
24 16 0.00 0.001 267 nan nan
24 16 0.00 0.001 268 0.000155437744045 0.000455112348236
24 16 0.00 0.001 269 0.000157061797161 0.000492183920282
24 16 0.00 0.001 270 0.000122944226848 0.000501728178629
24 16 0.00 0.001 271 0.000096575624685 0.000490837520456
24 16 0.00 0.001 272 0.000202114764268 0.000532620812723
24 16 0.00 0.001 273 0.000134686192016 0.000538909408253
24 16 0.00 0.001 274 -0.004676355261737 0.000561152684746
24 16 0.00 0.001 275 0.000174643413265 0.000512237287007
24 16 0.00 0.001 276 0.000121886474937 0.000572826660453
24 16 0.00 0.001 277 0.000041947339503 0.000519877958769
24 16 0.00 0.001 278 0.000177047696577 0.000573167738814
24 16 0.00 0.001 279 0.000164068037370 0.000575912869837
24 16 0.00 0.001 280 0.000339250767013 0.000527822581280
24 16 0.00 0.001 281 0.000156156294903 0.000521470309575
24 16 0.00 0.001 282 0.000156995055870 0.000517108676852
24 16 0.00 0.001 283 0.000120285361071 0.000471107807127
24 16 0.00 0.001 284 0.000244155926560 0.000472926790513
24 16 0.00 0.001 285 -0.000116835098473 0.000431927066382
24 16 0.00 0.001 286 -0.000001924878327 0.000477295102549
24 16 0.00 0.001 287 -0.000171679303317 0.000493730561812
24 16 0.00 0.001 288 -0.000336793092825 0.000451023023175
24 16 0.05 0.001 0 -0.000237204520953 0.000892126720890
24 16 0.05 0.001 1 0.001400478022141 0.000741526621270
24 16 0.05 0.001 2 0.000165693834880 0.000736307535575
24 16 0.05 0.001 3 0.001273899645227 0.000679772279759
24 16 0.05 0.001 4 0.000326779858249 0.000642246867119
24 16 0.05 0.001 5 0.000426242205463 0.000594738339804
24 16 0.05 0.001 6 0.000225274037561 0.000564612988497
24 16 0.05 0.001 7 0.000275505448554 0.000555192782396
24 16 0.05 0.001 8 0.000437129444922 0.000519350650618
24 16 0.05 0.001 9 nan nan
24 16 0.05 0.001 10 0.000571283332679 0.000495456553752
24 16 0.05 0.001 11 nan nan
24 16 0.05 0.001 12 0.001280523766935 0.000581963835723
24 16 0.05 0.001 13 nan nan
24 16 0.05 0.001 14 0.000797773471225 0.000590035304997
24 16 0.05 0.001 15 0.000960924407444 0.000549222224659
24 16 0.05 0.001 16 0.000929746127286 0.000548042544083
24 16 0.05 0.001 17 nan nan
24 16 0.05 0.001 18 0.001003557815936 0.000625940017510
24 16 0.05 0.001 19 -0.000338176975237 0.000525046196600
24 16 0.05 0.001 20 0.000509907062549 0.000692996988220
24 16 0.05 0.001 21 0.001105347087869 0.000710488098399
24 16 0.05 0.001 22 -0.055984078139079 0.000598579647901
24 16 0.05 0.001 23 nan nan
24 16 0.05 0.001 24 0.000883081584668 0.000748863093806
24 16 0.05 0.001 25 0.001003506789591 0.000713246486130
24 16 0.05 0.001 26 0.000890579728184 0.000697458564332
24 16 0.05 0.001 27 0.000900212252742 0.000658827222766
24 16 0.05 0.001 28 0.000860387204324 0.000649447121809
24 16 0.05 0.001 29 0.000071327157232 0.000699915516584
24 16 0.05 0.001 30 -0.079905621289155 0.000550025923732
24 16 0.05 0.001 31 nan nan
24 16 0.05 0.001 32 0.000440482828974 0.000591087058541
24 16 0.05 0.001 33 0.000212603231428 0.000588522178440
24 16 0.05 0.001 34 -0.048422150803102 0.000749029560854
24 16 0.05 0.001 35 nan nan
24 16 0.05 0.001 36 -0.001530078794647 0.000472621244700
24 16 0.05 0.001 37 -0.000037728300360 0.000611267843257
24 16 0.05 0.001 38 0.000215921542761 0.000528232409643
24 16 0.05 0.001 39 -0.000254292889193 0.000576877558687
24 16 0.05 0.001 40 0.000193300686104 0.000590883811838
24 16 0.05 0.001 41 -0.000279401894103 0.000569894920160
24 16 0.05 0.001 42 0.000298346270812 0.000588962658654
24 16 0.05 0.001 43 0.000100013378377 0.000579796214386
24 16 0.05 0.001 44 -0.000281170546289 0.000560240159195
24 16 0.05 0.001 45 0.000775593492747 0.000514364446771
24 16 0.05 0.001 46 -0.000518991126072 0.000590197739079
24 16 0.05 0.001 47 -0.000401525880490 0.000592576457174
24 16 0.05 0.001 48 -0.019591341603063 0.000641243689090
24 16 0.05 0.001 49 -0.000040369072678 0.000560083880585
24 16 0.05 0.001 50 -0.000205495032931 0.000521758904626
24 16 0.05 0.001 51 -0.000094497544275 0.000428409363223
24 16 0.05 0.001 52 nan nan
24 16 0.05 0.001 53 -0.021969042705202 0.000768956469980
24 16 0.05 0.001 54 nan nan
24 16 0.05 0.001 55 nan nan
24 16 0.05 0.001 56 -0.016977074866695 0.000719450998213
24 16 0.05 0.001 57 nan nan
24 16 0.05 0.001 58 -0.000053063749213 0.000487910575770
24 16 0.05 0.001 59 -0.000401644250209 0.000499345484948
24 16 0.05 0.001 60 0.000169678658600 0.000443544623675
24 16 0.05 0.001 61 nan nan
24 16 0.05 0.001 62 -0.000421566682396 0.000419002564063
24 16 0.05 0.001 63 0.000180408989897 0.000451197261983
24 16 0.05 0.001 64 nan nan
24 16 0.05 0.001 65 0.000278075532201 0.000435680780338
24 16 0.05 0.001 66 nan nan
24 16 0.05 0.001 67 -0.000231143201665 0.000452812192858
24 16 0.05 0.001 68 0.000251785394960 0.000428007015013
24 16 0.05 0.001 69 -0.000480001884935 0.000325407385902
24 16 0.05 0.001 70 0.000453351423281 0.000427168607842
24 16 0.05 0.001 71 nan nan
24 16 0.05 0.001 72 0.013269006463361 0.000582026240518
24 16 0.05 0.001 73 nan nan
24 16 0.05 0.001 74 nan nan
24 16 0.05 0.001 75 0.000772064714090 0.000436311892059
24 16 0.05 0.001 76 0.001369431420441 0.000396999016088
24 16 0.05 0.001 77 0.000036625018274 0.000330649949614
24 16 0.05 0.001 78 -0.000216044916592 0.000456934356148
24 16 0.05 0.001 79 0.000488367850328 0.000454681216261
24 16 0.05 0.001 80 0.000455131707793 0.000418856037484
24 16 0.05 0.001 81 nan nan
24 16 0.05 0.001 82 0.000183087874769 0.000414115270232
24 16 0.05 0.001 83 0.000191892832079 0.000402334906269
24 16 0.05 0.001 84 0.000453518265008 0.000436317602842
24 16 0.05 0.001 85 0.000467910936056 0.000360050036233
24 16 0.05 0.001 86 -0.009559850067404 0.000438885203539
24 16 0.05 0.001 87 0.000552123190908 0.000436649463890
24 16 0.05 0.001 88 -0.008227760960905 0.000486535761397
24 16 0.05 0.001 89 0.000534909842534 0.000440999377821
24 16 0.05 0.001 90 -0.007710465280362 0.000516174121430
24 16 0.05 0.001 91 nan nan
24 16 0.05 0.001 92 0.000359978584876 0.000436566692321
24 16 0.05 0.001 93 0.000394075907753 0.000440854866859
24 16 0.05 0.001 94 0.000416445210467 0.000350652991553
24 16 0.05 0.001 95 0.000411791701028 0.000430593216639
24 16 0.05 0.001 96 0.000218019263762 0.000327157912106
24 16 0.05 0.001 97 nan nan
24 16 0.05 0.001 98 0.000549854371857 0.000312709102329
24 16 0.05 0.001 99 0.001079420854371 0.000416919880879
24 16 0.05 0.001 100 0.000152679388976 0.000368013168602
24 16 0.05 0.001 101 nan nan
24 16 0.05 0.001 102 -0.006794004585281 0.000463393905938
24 16 0.05 0.001 103 -0.000327902217475 0.000330735814310
24 16 0.05 0.001 104 -0.000015448017919 0.000368303354584
24 16 0.05 0.001 105 0.000041690761297 0.000373524950886
24 16 0.05 0.001 106 -0.000177910450051 0.000344341222390
24 16 0.05 0.001 107 0.000005411908920 0.000386765247124
24 16 0.05 0.001 108 -0.000773713199313 0.000337775789908
24 16 0.05 0.001 109 -0.000092830362958 0.000340048811999
24 16 0.05 0.001 110 -0.000825047010158 0.000283937348709
24 16 0.05 0.001 111 nan nan
24 16 0.05 0.001 112 -0.000049759507751 0.000364018040099
24 16 0.05 0.001 113 0.000041441171801 0.000383004400069
24 16 0.05 0.001 114 0.000185105793498 0.000313951422448
24 16 0.05 0.001 115 -0.000066779824032 0.000337468886441
24 16 0.05 0.001 116 0.000017380371521 0.000399157188764
24 16 0.05 0.001 117 -0.003767601074081 0.000519213208701
24 16 0.05 0.001 118 -0.000074029844184 0.000345055557572
24 16 0.05 0.001 119 -0.000449872510084 0.000323242787067
24 16 0.05 0.001 120 -0.000114473418065 0.000339264236246
24 16 0.05 0.001 121 0.000126867071208 0.000336635751353
24 16 0.05 0.001 122 -0.000848213392590 0.000521541387094
24 16 0.05 0.001 123 -0.000204770439892 0.000298717696804
24 16 0.05 0.001 124 -0.000565906465502 0.000569264290854
24 16 0.05 0.001 125 -0.001789563738886 0.000500620544323
24 16 0.05 0.001 126 -0.000033040768276 0.000335795035246
24 16 0.05 0.001 127 -0.000037977786280 0.000343187059609
24 16 0.05 0.001 128 -0.000011649631820 0.000335857406052
24 16 0.05 0.001 129 -0.000164856516610 0.000320080427009
24 16 0.05 0.001 130 0.000144813456070 0.000355259318451
24 16 0.05 0.001 131 -0.000262029210572 0.000271984550711
24 16 0.05 0.001 132 0.000193956547665 0.000372386181686
24 16 0.05 0.001 133 nan nan
24 16 0.05 0.001 134 nan nan
24 16 0.05 0.001 135 0.000119309529117 0.000318920485534
24 16 0.05 0.001 136 -0.000900166312220 0.000402870690438
24 16 0.05 0.001 137 -0.000219718227022 0.000251518181862
24 16 0.05 0.001 138 0.000186017570989 0.000440887905395
24 16 0.05 0.001 139 0.000154066570440 0.000328402865300
24 16 0.05 0.001 140 0.000069193753786 0.000329759164830
24 16 0.05 0.001 141 0.000294014289802 0.000293564410305
24 16 0.05 0.001 142 -0.000324152156229 0.000542307884420
24 16 0.05 0.001 143 nan nan
24 16 0.05 0.001 144 0.000046835895387 0.000526864186264
24 16 0.05 0.001 145 -0.000439688852501 0.000521576992456
24 16 0.05 0.001 146 -0.000333378716787 0.000329170502429
24 16 0.05 0.001 147 -0.000032571848046 0.000242020839605
24 16 0.05 0.001 148 nan nan
24 16 0.05 0.001 149 nan nan
24 16 0.05 0.001 150 0.000090126053123 0.000351169362528
24 16 0.05 0.001 151 0.001295825727394 0.000514912467085
24 16 0.05 0.001 152 0.000058937378146 0.000352900137433
24 16 0.05 0.001 153 0.000172214166400 0.000330395493399
24 16 0.05 0.001 154 0.000089601835533 0.000328116449030
24 16 0.05 0.001 155 0.000166779879029 0.000340097739622
24 16 0.05 0.001 156 -0.000671572233341 0.000320260381598
24 16 0.05 0.001 157 0.001033046404115 0.000436028684427
24 16 0.05 0.001 158 -0.000170638228920 0.000368198548162
24 16 0.05 0.001 159 nan nan
24 16 0.05 0.001 160 nan nan
24 16 0.05 0.001 161 0.000232953815612 0.000338460340373
24 16 0.05 0.001 162 -0.000456993470581 0.000300667023055
24 16 0.05 0.001 163 -0.000203185797354 0.000260107232950
24 16 0.05 0.001 164 -0.000120374309955 0.000331391611050
24 16 0.05 0.001 165 0.000252745316818 0.000341128748255
24 16 0.05 0.001 166 0.003539310855987 0.000459669425921
24 16 0.05 0.001 167 nan nan
24 16 0.05 0.001 168 0.000375315441399 0.000355377272080
24 16 0.05 0.001 169 nan nan
24 16 0.05 0.001 170 -0.000225636046887 0.000352261552209
24 16 0.05 0.001 171 -0.001484648515635 0.000587631540342
24 16 0.05 0.001 172 0.000255583016348 0.000385182050732
24 16 0.05 0.001 173 nan nan
24 16 0.05 0.001 174 -0.000309587484848 0.000343242166493
24 16 0.05 0.001 175 0.000361859066285 0.000269978768242
24 16 0.05 0.001 176 0.000127578965133 0.000398068978304
24 16 0.05 0.001 177 0.003447756837940 0.000534448694377
24 16 0.05 0.001 178 0.002797743888913 0.000505754295654
24 16 0.05 0.001 179 0.000621201567238 0.000422892330995
24 16 0.05 0.001 180 -0.000315435861974 0.000396751643768
24 16 0.05 0.001 181 -0.000074538578939 0.000316526101851
24 16 0.05 0.001 182 -0.000406650763999 0.000299018542413
24 16 0.05 0.001 183 -0.000262034433921 0.000425262749702
24 16 0.05 0.001 184 nan nan
24 16 0.05 0.001 185 0.002652973582725 0.000368375196474
24 16 0.05 0.001 186 0.002473749651388 0.000526567187226
24 16 0.05 0.001 187 0.000084586696569 0.000337696961188
24 16 0.05 0.001 188 -0.000122729473073 0.000274958425107
24 16 0.05 0.001 189 0.000693543757086 0.000481921858387
24 16 0.05 0.001 190 -0.000011537295325 0.000291067159668
24 16 0.05 0.001 191 0.000292446548480 0.000428555142666
24 16 0.05 0.001 192 -0.000131361002438 0.000373536382431
24 16 0.05 0.001 193 -0.000298704141270 0.000298111412055
24 16 0.05 0.001 194 -0.008443714735269 0.000401189029675
24 16 0.05 0.001 195 0.000019945540810 0.000346427743452
24 16 0.05 0.001 196 -0.001229774527056 0.000565601875524
24 16 0.05 0.001 197 0.000140870569309 0.000365796601308
24 16 0.05 0.001 198 -0.000487971411075 0.000377623619088
24 16 0.05 0.001 199 nan nan
24 16 0.05 0.001 200 nan nan
24 16 0.05 0.001 201 0.010631947410579 0.000533804807626
24 16 0.05 0.001 202 0.000835548106426 0.000320027186775
24 16 0.05 0.001 203 0.012417636627823 0.000528723080974
24 16 0.05 0.001 204 0.000035817204810 0.000405095207979
24 16 0.05 0.001 205 0.000132623645620 0.000344613826765
24 16 0.05 0.001 206 -0.000068156060329 0.000488992778935
24 16 0.05 0.001 207 0.000073727556765 0.000419265597092
24 16 0.05 0.001 208 0.000982203432395 0.000409010784016
24 16 0.05 0.001 209 -0.000251736075889 0.000397170120519
24 16 0.05 0.001 210 -0.001504545318849 0.000542558749710
24 16 0.05 0.001 211 0.000341836158919 0.000414529931491
24 16 0.05 0.001 212 -0.000198699649053 0.000479301298844
24 16 0.05 0.001 213 -0.004770539357348 0.000532281385993
24 16 0.05 0.001 214 0.000625382606141 0.000488671015720
24 16 0.05 0.001 215 -0.000224576971532 0.000418124794300
24 16 0.05 0.001 216 -0.000042314655591 0.000394345529552
24 16 0.05 0.001 217 -0.000052988148306 0.000469452460616
24 16 0.05 0.001 218 -0.000186709601234 0.000399000150383
24 16 0.05 0.001 219 -0.019848321343618 0.000632201722245
24 16 0.05 0.001 220 -0.000241398926983 0.000362062279725
24 16 0.05 0.001 221 -0.022664142985728 0.000614433277088
24 16 0.05 0.001 222 0.000106242140601 0.000500592222894
24 16 0.05 0.001 223 -0.016229621013756 0.000555177729817
24 16 0.05 0.001 224 -0.011850257925468 0.000712011005746
24 16 0.05 0.001 225 -0.006969717075400 0.000566971606065
24 16 0.05 0.001 226 -0.001311942459665 0.000430307717017
24 16 0.05 0.001 227 nan nan
24 16 0.05 0.001 228 -0.001492166715261 0.000496986280982
24 16 0.05 0.001 229 nan nan
24 16 0.05 0.001 230 nan nan
24 16 0.05 0.001 231 -0.005148179248973 0.000535978427351
24 16 0.05 0.001 232 -0.007167351677518 0.000569859845952
24 16 0.05 0.001 233 nan nan
24 16 0.05 0.001 234 nan nan
24 16 0.05 0.001 235 0.001131619598118 0.000593840556061
24 16 0.05 0.001 236 nan nan
24 16 0.05 0.001 237 -0.000085227071297 0.000449313361802
24 16 0.05 0.001 238 -0.000266074781651 0.000448455050938
24 16 0.05 0.001 239 -0.000353502795313 0.000457206483737
24 16 0.05 0.001 240 0.000300743505173 0.000497954793696
24 16 0.05 0.001 241 0.000404012629949 0.000453635357282
24 16 0.05 0.001 242 0.000415220905461 0.000513889184789
24 16 0.05 0.001 243 0.000341609397514 0.000516126363028
24 16 0.05 0.001 244 0.008815736076849 0.000647226334462
24 16 0.05 0.001 245 0.009088771795464 0.000611725553438
24 16 0.05 0.001 246 -0.000203518370660 0.000577850274598
24 16 0.05 0.001 247 -0.000134766939790 0.000570327347628
24 16 0.05 0.001 248 0.000308196849332 0.000573117544238
24 16 0.05 0.001 249 0.000011829961568 0.000614365261714
24 16 0.05 0.001 250 -0.000106630014363 0.000655697123130
24 16 0.05 0.001 251 -0.000171801136538 0.000616515805524
24 16 0.05 0.001 252 -0.000475896900105 0.000667889595969
24 16 0.05 0.001 253 0.000269337886924 0.000628884077461
24 16 0.05 0.001 254 -0.000242086041779 0.000635647177292
24 16 0.05 0.001 255 -0.000357989257397 0.000640150745286
24 16 0.05 0.001 256 -0.000097780618503 0.000538797447610
24 16 0.05 0.001 257 -0.000352338588483 0.000585700576055
24 16 0.05 0.001 258 -0.000342614398292 0.000597760882675
24 16 0.05 0.001 259 -0.000094437760424 0.000472222633106
24 16 0.05 0.001 260 -0.000309132960483 0.000548674512151
24 16 0.05 0.001 261 0.054160693250456 0.000847997365564
24 16 0.05 0.001 262 -0.000522160888136 0.000574044872800
24 16 0.05 0.001 263 -0.000119862612966 0.000470998134835
24 16 0.05 0.001 264 -0.000009230970759 0.000478398994138
24 16 0.05 0.001 265 -0.000019568288173 0.000471081494826
24 16 0.05 0.001 266 -0.000261592487112 0.000608711780333
24 16 0.05 0.001 267 -0.000324645965696 0.000618524458148
24 16 0.05 0.001 268 -0.000468769684097 0.000460491517841
24 16 0.05 0.001 269 -0.000033139360831 0.000526870222475
24 16 0.05 0.001 270 -0.000346028280262 0.000646646261491
24 16 0.05 0.001 271 -0.000395707901919 0.000629787046823
24 16 0.05 0.001 272 -0.000216334322156 0.000610644226780
24 16 0.05 0.001 273 -0.000210103894320 0.000539025644053
24 16 0.05 0.001 274 -0.000334805967921 0.000583983394107
24 16 0.05 0.001 275 -0.000636668100914 0.000588649204483
24 16 0.05 0.001 276 -0.000217479630656 0.000620466099733
24 16 0.05 0.001 277 nan nan
24 16 0.05 0.001 278 -0.000324980712403 0.000544785447813
24 16 0.05 0.001 279 -0.000243326402816 0.000531606154562
24 16 0.05 0.001 280 -0.000381172935125 0.000592709776097
24 16 0.05 0.001 281 -0.000109914995919 0.000444662428307
24 16 0.05 0.001 282 nan nan
24 16 0.05 0.001 283 nan nan
24 16 0.05 0.001 284 -0.000242016649735 0.000581879269502
24 16 0.05 0.001 285 -0.000311535295059 0.000577340420887
24 16 0.05 0.001 286 0.000491468599261 0.000418975918666
24 16 0.05 0.001 287 0.000500090616571 0.000449081188756
24 16 0.05 0.001 288 -0.000351587847225 0.000609072272980
24 16 0.10 0.001 0 -0.000423641097465 0.000867108503497
24 16 0.10 0.001 1 -0.000536265516429 0.000726806534298
24 16 0.10 0.001 2 -0.000758286250661 0.000727548286846
24 16 0.10 0.001 3 -0.000274323988956 0.000831096129920
24 16 0.10 0.001 4 -0.000591976440617 0.000684573090365
24 16 0.10 0.001 5 nan nan
24 16 0.10 0.001 6 -0.000646725355350 0.000667117911509
24 16 0.10 0.001 7 -0.000480903894818 0.000734265665253
24 16 0.10 0.001 8 -0.000221555491736 0.000734464073459
24 16 0.10 0.001 9 -0.000575444523718 0.000641707849389
24 16 0.10 0.001 10 -0.000539040786042 0.000634695316040
24 16 0.10 0.001 11 0.000060139436295 0.000660812474337
24 16 0.10 0.001 12 -0.000142977935053 0.000615293432154
24 16 0.10 0.001 13 -0.000720802867773 0.000598762490288
24 16 0.10 0.001 14 0.000138226771835 0.000617493058119
24 16 0.10 0.001 15 -0.000599177950038 0.000585894488782
24 16 0.10 0.001 16 nan nan
24 16 0.10 0.001 17 0.000362552436034 0.000570023899923
24 16 0.10 0.001 18 0.000479080095685 0.000606826460897
24 16 0.10 0.001 19 0.000503130812297 0.000582371108323
24 16 0.10 0.001 20 -0.000582273234591 0.000579306035448
24 16 0.10 0.001 21 0.000775929929109 0.000599526758827
24 16 0.10 0.001 22 0.000496630966003 0.000647417526981
24 16 0.10 0.001 23 -0.000495610323220 0.000504684097167
24 16 0.10 0.001 24 0.000606404900352 0.000672663534305
24 16 0.10 0.001 25 nan nan
24 16 0.10 0.001 26 0.000669035379338 0.000652447016624
24 16 0.10 0.001 27 0.000335685238352 0.000617307339771
24 16 0.10 0.001 28 0.000341631228921 0.000619343560425
24 16 0.10 0.001 29 -0.000406674358011 0.000558311194794
24 16 0.10 0.001 30 0.000215313345045 0.000599130754168
24 16 0.10 0.001 31 -0.000364938151247 0.000558176085519
24 16 0.10 0.001 32 -0.000268653036540 0.000541588601252
24 16 0.10 0.001 33 0.000100449708980 0.000605831644560
24 16 0.10 0.001 34 0.000246831075066 0.000594861557932
24 16 0.10 0.001 35 0.000174869283586 0.000541267398286
24 16 0.10 0.001 36 0.000097643445290 0.000581339512963
24 16 0.10 0.001 37 0.000025539361309 0.000576011932120
24 16 0.10 0.001 38 -0.000119758883929 0.000526361762480
24 16 0.10 0.001 39 -0.000096637907843 0.000557074179061
24 16 0.10 0.001 40 nan nan
24 16 0.10 0.001 41 0.000221056554972 0.000537524524878
24 16 0.10 0.001 42 0.000173752448614 0.000511549604031
24 16 0.10 0.001 43 0.000175027095964 0.000517168152616
24 16 0.10 0.001 44 0.000258691117169 0.000590995197606
24 16 0.10 0.001 45 0.000294420885277 0.000577632447033
24 16 0.10 0.001 46 0.000289680056041 0.000557905210490
24 16 0.10 0.001 47 0.000364610523790 0.000562798369093
24 16 0.10 0.001 48 -0.000041247797492 0.000617610363106
24 16 0.10 0.001 49 0.000527436620490 0.000583532417158
24 16 0.10 0.001 50 0.000296492757730 0.000567538494581
24 16 0.10 0.001 51 -0.000187587692106 0.000580676530532
24 16 0.10 0.001 52 0.000417802071075 0.000614467491037
24 16 0.10 0.001 53 -0.000103830927707 0.000564605587916
24 16 0.10 0.001 54 0.000570877903883 0.000600922463465
24 16 0.10 0.001 55 0.000603909736254 0.000593495623479
24 16 0.10 0.001 56 0.000509101792417 0.000594423960841
24 16 0.10 0.001 57 0.000671547031606 0.000595704427898
24 16 0.10 0.001 58 0.000605060627862 0.000571774135453
24 16 0.10 0.001 59 0.000628830079711 0.000570518676611
24 16 0.10 0.001 60 0.000590223427557 0.000558812308471
24 16 0.10 0.001 61 -0.000229170136026 0.000406709685529
24 16 0.10 0.001 62 0.000515329851546 0.000552774216491
24 16 0.10 0.001 63 0.000660843734445 0.000526707209905
24 16 0.10 0.001 64 0.000808588010580 0.000503919560897
24 16 0.10 0.001 65 0.000821247902304 0.000522391096410
24 16 0.10 0.001 66 0.000777780502751 0.000479193271567
24 16 0.10 0.001 67 0.000886994314805 0.000497496086908
24 16 0.10 0.001 68 nan nan
24 16 0.10 0.001 69 0.000775480344488 0.000395096862249
24 16 0.10 0.001 70 0.000807669268598 0.000423308876583
24 16 0.10 0.001 71 0.000786110797457 0.000419740860675
24 16 0.10 0.001 72 0.000810353709500 0.000385253066202
24 16 0.10 0.001 73 -0.000149893442034 0.000437840243191
24 16 0.10 0.001 74 -0.000494482145743 0.000439182166331
24 16 0.10 0.001 75 -0.000383823549769 0.000463102696532
24 16 0.10 0.001 76 -0.000358486500416 0.000462600907326
24 16 0.10 0.001 77 -0.000459519837515 0.000443745007125
24 16 0.10 0.001 78 -0.000502539226529 0.000447487327921
24 16 0.10 0.001 79 0.000192578408965 0.000374716772631
24 16 0.10 0.001 80 0.000198615610825 0.000403012038625
24 16 0.10 0.001 81 0.000065643057153 0.000409324454692
24 16 0.10 0.001 82 -0.000871185041809 0.000416070905302
24 16 0.10 0.001 83 -0.000160323142522 0.000466649930982
24 16 0.10 0.001 84 -0.000114669786662 0.000464050944980
24 16 0.10 0.001 85 -0.000395863667408 0.000453567167451
24 16 0.10 0.001 86 -0.000478212421842 0.000374078876543
24 16 0.10 0.001 87 -0.000632759209921 0.000357049903039
24 16 0.10 0.001 88 -0.000740286591427 0.000342288987201
24 16 0.10 0.001 89 -0.000680040135996 0.000342186109316
24 16 0.10 0.001 90 -0.000252819131735 0.000517173254922
24 16 0.10 0.001 91 -0.000504720481142 0.000315741972743
24 16 0.10 0.001 92 -0.000615449256208 0.000335445588188
24 16 0.10 0.001 93 -0.000210161794317 0.000498169946086
24 16 0.10 0.001 94 -0.000182773717471 0.000530396856007
24 16 0.10 0.001 95 -0.000119751405625 0.000495322295876
24 16 0.10 0.001 96 -0.000286456229508 0.000356530194839
24 16 0.10 0.001 97 -0.000541109705581 0.000340394905687
24 16 0.10 0.001 98 -0.000061532768814 0.000415425186172
24 16 0.10 0.001 99 -0.000100988405492 0.000348841825294
24 16 0.10 0.001 100 -0.000117468779720 0.000336332010443
24 16 0.10 0.001 101 nan nan
24 16 0.10 0.001 102 -0.000075994754265 0.000364461990555
24 16 0.10 0.001 103 -0.000049990092561 0.000366228603867
24 16 0.10 0.001 104 0.000219389422110 0.000349672160917
24 16 0.10 0.001 105 0.000075025524500 0.000353965195092
24 16 0.10 0.001 106 -0.000220977308886 0.000376959950854
24 16 0.10 0.001 107 -0.000162950256872 0.000390721771887
24 16 0.10 0.001 108 -0.000411047679669 0.000371036055549
24 16 0.10 0.001 109 0.000719007192379 0.000366981245159
24 16 0.10 0.001 110 -0.000139740108986 0.000340781617193
24 16 0.10 0.001 111 -0.000231050452136 0.000412179194127
24 16 0.10 0.001 112 -0.000380052018539 0.000404619034919
24 16 0.10 0.001 113 0.000690129438849 0.000340826176367
24 16 0.10 0.001 114 0.000795840361515 0.000340949154545
24 16 0.10 0.001 115 -0.000446797199974 0.000408961662275
24 16 0.10 0.001 116 -0.000418524502123 0.000404857380734
24 16 0.10 0.001 117 0.000750392684793 0.000303208096575
24 16 0.10 0.001 118 0.000968296585402 0.000327083095643
24 16 0.10 0.001 119 0.000877383285960 0.000328442503768
24 16 0.10 0.001 120 0.000563461336619 0.000313636756802
24 16 0.10 0.001 121 0.000731887533821 0.000315381595140
24 16 0.10 0.001 122 0.000883424806337 0.000319443023556
24 16 0.10 0.001 123 -0.000331120220444 0.000407054550711
24 16 0.10 0.001 124 -0.000332429545413 0.000428759471429
24 16 0.10 0.001 125 0.000715971547764 0.000299849979984
24 16 0.10 0.001 126 -0.000185903194336 0.000390724121403
24 16 0.10 0.001 127 0.000609904329767 0.000294514411395
24 16 0.10 0.001 128 nan nan
24 16 0.10 0.001 129 -0.000109144776321 0.000352728561106
24 16 0.10 0.001 130 0.000414871048072 0.000306423713728
24 16 0.10 0.001 131 0.000340937509757 0.000331510561063
24 16 0.10 0.001 132 -0.000010418558216 0.000319855421901
24 16 0.10 0.001 133 0.000174096538638 0.000299002057844
24 16 0.10 0.001 134 0.000160182081334 0.000331890298762
24 16 0.10 0.001 135 0.000317735588862 0.000326162406139
24 16 0.10 0.001 136 -0.000037207051662 0.000245601830334
24 16 0.10 0.001 137 0.000242825732909 0.000278053271265
24 16 0.10 0.001 138 0.000263968038100 0.000270763993890
24 16 0.10 0.001 139 0.000295030868465 0.000268820549065
24 16 0.10 0.001 140 -0.000116959626547 0.000320269702787
24 16 0.10 0.001 141 -0.000022833802623 0.000340938425438
24 16 0.10 0.001 142 -0.000136452109085 0.000343238818244
24 16 0.10 0.001 143 0.000431210298031 0.000303669731599
24 16 0.10 0.001 144 -0.000356658923782 0.000344445843403
24 16 0.10 0.001 145 0.000481858512795 0.000306569846364
24 16 0.10 0.001 146 -0.000364779495755 0.000313448252562
24 16 0.10 0.001 147 0.000238233652547 0.000314957722351
24 16 0.10 0.001 148 0.000391291480979 0.000295628433244
24 16 0.10 0.001 149 0.000336092348528 0.000280964771751
24 16 0.10 0.001 150 0.000351168617304 0.000284874779536
24 16 0.10 0.001 151 0.000353399073976 0.000282657986930
24 16 0.10 0.001 152 0.000329313620029 0.000286419296796
24 16 0.10 0.001 153 0.000352844846200 0.000288600862729
24 16 0.10 0.001 154 -0.000695146606053 0.000277634421144
24 16 0.10 0.001 155 -0.000493135061181 0.000275715361061
24 16 0.10 0.001 156 0.000447545900007 0.000262907267629
24 16 0.10 0.001 157 -0.000696615605813 0.000252253424016
24 16 0.10 0.001 158 -0.000399399388559 0.000282878162866
24 16 0.10 0.001 159 -0.000681692148642 0.000257447673197
24 16 0.10 0.001 160 -0.000532722188711 0.000264130942245
24 16 0.10 0.001 161 -0.000415267640878 0.000264780705837
24 16 0.10 0.001 162 -0.000383006325071 0.000276095814438
24 16 0.10 0.001 163 0.000383444038276 0.000277510675002
24 16 0.10 0.001 164 -0.000197835318105 0.000281375358449
24 16 0.10 0.001 165 -0.000136506049419 0.000279040932358
24 16 0.10 0.001 166 0.000475650795582 0.000297089252746
24 16 0.10 0.001 167 0.000506022700940 0.000296873442980
24 16 0.10 0.001 168 0.000187764879246 0.000316680009938
24 16 0.10 0.001 169 0.000192049112851 0.000293176665681
24 16 0.10 0.001 170 0.000234822291490 0.000366538363389
24 16 0.10 0.001 171 0.000257079272180 0.000291050273071
24 16 0.10 0.001 172 0.000116813267294 0.000300370996758
24 16 0.10 0.001 173 0.000397727664284 0.000328081011826
24 16 0.10 0.001 174 0.000472203733201 0.000339242658493
24 16 0.10 0.001 175 -0.000021401378055 0.000284871278966
24 16 0.10 0.001 176 0.000430018805642 0.000353201978118
24 16 0.10 0.001 177 0.000415529531975 0.000363605613598
24 16 0.10 0.001 178 -0.000211848601434 0.000325574737087
24 16 0.10 0.001 179 -0.000155246376431 0.000304916797629
24 16 0.10 0.001 180 0.000359716217695 0.000365446926919
24 16 0.10 0.001 181 -0.000251959881586 0.000336306437166
24 16 0.10 0.001 182 0.000194688680660 0.000356712286006
24 16 0.10 0.001 183 0.000285772972323 0.000357160697441
24 16 0.10 0.001 184 -0.000228061545455 0.000305009172781
24 16 0.10 0.001 185 -0.000303120532069 0.000318351472858
24 16 0.10 0.001 186 0.000215318741434 0.000333411280954
24 16 0.10 0.001 187 0.000212059445575 0.000336948263517
24 16 0.10 0.001 188 0.000229264315560 0.000336413598918
24 16 0.10 0.001 189 0.000030125890145 0.000365019628411
24 16 0.10 0.001 190 0.000105011220900 0.000335544328442
24 16 0.10 0.001 191 0.000016572089198 0.000387406102381
24 16 0.10 0.001 192 -0.000145886303702 0.000380963665886
24 16 0.10 0.001 193 0.000266152240601 0.000393514451507
24 16 0.10 0.001 194 0.000255787416821 0.000378915020377
24 16 0.10 0.001 195 0.000314062507886 0.000421067009281
24 16 0.10 0.001 196 0.000207670704757 0.000428823161538
24 16 0.10 0.001 197 0.000082539008087 0.000415300507852
24 16 0.10 0.001 198 0.000416680535185 0.000446764554122
24 16 0.10 0.001 199 0.000402780579426 0.000465981244000
24 16 0.10 0.001 200 0.000455126642462 0.000464294737905
24 16 0.10 0.001 201 0.000588137759597 0.000455710833671
24 16 0.10 0.001 202 0.000716248795960 0.000481342772198
24 16 0.10 0.001 203 0.000928919224510 0.000473476711986
24 16 0.10 0.001 204 0.000832810546524 0.000477973049403
24 16 0.10 0.001 205 0.000861039166408 0.000430451534420
24 16 0.10 0.001 206 0.000746515169304 0.000425293202414
24 16 0.10 0.001 207 0.001058766177394 0.000478382413270
24 16 0.10 0.001 208 0.000953122864087 0.000419393280280
24 16 0.10 0.001 209 0.000916976929349 0.000437732053115
24 16 0.10 0.001 210 0.000420403038399 0.000475782464174
24 16 0.10 0.001 211 0.001021508717198 0.000424838367042
24 16 0.10 0.001 212 0.000281031504569 0.000460233601112
24 16 0.10 0.001 213 0.001202366271092 0.000428835654999
24 16 0.10 0.001 214 0.000364756318772 0.000439366735687
24 16 0.10 0.001 215 0.000858330403960 0.000449832916634
24 16 0.10 0.001 216 0.000252284389583 0.000438261614097
24 16 0.10 0.001 217 0.001015486381800 0.000471040444874
24 16 0.10 0.001 218 0.000851898839346 0.000459940622308
24 16 0.10 0.001 219 0.000762459842628 0.000441609279183
24 16 0.10 0.001 220 0.000130371490201 0.000454696561474
24 16 0.10 0.001 221 0.000745966757603 0.000445229043106
24 16 0.10 0.001 222 0.000539470927291 0.000468334368963
24 16 0.10 0.001 223 -0.000040568016633 0.000529013532872
24 16 0.10 0.001 224 0.000487294008798 0.000432694954539
24 16 0.10 0.001 225 0.000129900266290 0.000536355370654
24 16 0.10 0.001 226 -0.000006125518605 0.000582543604827
24 16 0.10 0.001 227 0.000307160889025 0.000441919086174
24 16 0.10 0.001 228 0.000200360517612 0.000419423670933
24 16 0.10 0.001 229 0.000039902130000 0.000568615215748
24 16 0.10 0.001 230 0.000203558005898 0.000475999916733
24 16 0.10 0.001 231 -0.000057160526076 0.000388279373564
24 16 0.10 0.001 232 0.000156162367041 0.000569994896652
24 16 0.10 0.001 233 0.000132286481210 0.000517634546987
24 16 0.10 0.001 234 -0.000210071896632 0.000428511752942
24 16 0.10 0.001 235 -0.000218682156290 0.000439151817281
24 16 0.10 0.001 236 -0.000062582584567 0.000437471797643
24 16 0.10 0.001 237 -0.000224691175541 0.000459114399331
24 16 0.10 0.001 238 -0.000399197826575 0.000466829306946
24 16 0.10 0.001 239 0.000392525331163 0.000476717390655
24 16 0.10 0.001 240 -0.000181149027815 0.000506054751429
24 16 0.10 0.001 241 0.000366792704589 0.000469163943498
24 16 0.10 0.001 242 -0.000356432291277 0.000540691552474
24 16 0.10 0.001 243 0.000305786722594 0.000539610286266
24 16 0.10 0.001 244 0.000225085121773 0.000526620010397
24 16 0.10 0.001 245 0.000038406868785 0.000564159262171
24 16 0.10 0.001 246 -0.000268662955650 0.000603114853059
24 16 0.10 0.001 247 -0.000326803373420 0.000493322994379
24 16 0.10 0.001 248 0.000245543996125 0.000593698184985
24 16 0.10 0.001 249 0.000055859070672 0.000615277193981
24 16 0.10 0.001 250 -0.000140858869844 0.000680770692354
24 16 0.10 0.001 251 -0.000189285355404 0.000598006969188
24 16 0.10 0.001 252 -0.000488634166851 0.000695254640105
24 16 0.10 0.001 253 0.000183324096117 0.000655291313664
24 16 0.10 0.001 254 0.000062137959110 0.000573806262893
24 16 0.10 0.001 255 -0.000343964770405 0.000673513805026
24 16 0.10 0.001 256 -0.000186531366523 0.000555782712517
24 16 0.10 0.001 257 -0.000034136271189 0.000548887709747
24 16 0.10 0.001 258 -0.000105918504601 0.000524312885609
24 16 0.10 0.001 259 -0.000200273611660 0.000493802221999
24 16 0.10 0.001 260 -0.000100417116648 0.000502715791756
24 16 0.10 0.001 261 nan nan
24 16 0.10 0.001 262 -0.000458190690358 0.000596822870456
24 16 0.10 0.001 263 -0.000189015781697 0.000496809783429
24 16 0.10 0.001 264 -0.000104002385418 0.000492075340854
24 16 0.10 0.001 265 -0.000078247474653 0.000490665662635
24 16 0.10 0.001 266 -0.000259389467644 0.000469285859428
24 16 0.10 0.001 267 -0.000204519409534 0.000631413444762
24 16 0.10 0.001 268 -0.000514775731022 0.000479405460861
24 16 0.10 0.001 269 -0.000348143197030 0.000509043224777
24 16 0.10 0.001 270 -0.000493431744452 0.000512931245013
24 16 0.10 0.001 271 -0.000221499284150 0.000522303623701
24 16 0.10 0.001 272 -0.000085119165659 0.000611180005703
24 16 0.10 0.001 273 -0.000153227063809 0.000605656022098
24 16 0.10 0.001 274 -0.000196796533823 0.000578244118701
24 16 0.10 0.001 275 -0.000463913663500 0.000578444018900
24 16 0.10 0.001 276 0.000048755847154 0.000571610120491
24 16 0.10 0.001 277 -0.000316849164802 0.000570586098336
24 16 0.10 0.001 278 -0.000236033308719 0.000533665607968
24 16 0.10 0.001 279 -0.000538102678835 0.000615734433897
24 16 0.10 0.001 280 -0.000153705593657 0.000463561008914
24 16 0.10 0.001 281 -0.000378253920434 0.000632858670975
24 16 0.10 0.001 282 -0.000482459652090 0.000605206614989
24 16 0.10 0.001 283 0.000147230716281 0.000438228964833
24 16 0.10 0.001 284 -0.000232841728384 0.000597148420150
24 16 0.10 0.001 285 0.000143515925921 0.000444634549884
24 16 0.10 0.001 286 0.000459529715517 0.000425028103062
24 16 0.10 0.001 287 0.000461455679534 0.000456980676085
24 16 0.10 0.001 288 0.000399735290749 0.000476025966412
24 16 0.15 0.001 0 -0.000884863500698 0.000872469932522
24 16 0.15 0.001 1 -0.000383339755504 0.000886795289531
24 16 0.15 0.001 2 -0.000460657524362 0.000887746892163
24 16 0.15 0.001 3 -0.200998820523574 0.001060477359047
24 16 0.15 0.001 4 -0.000576801922112 0.000843498975387
24 16 0.15 0.001 5 -0.000476655869079 0.000827631699111
24 16 0.15 0.001 6 -0.000490324384138 0.000784084380304
24 16 0.15 0.001 7 -0.001001247281664 0.000760714134056
24 16 0.15 0.001 8 -0.000849086900438 0.000719883324489
24 16 0.15 0.001 9 -0.000153102033192 0.000767409340778
24 16 0.15 0.001 10 -0.000219145097474 0.000733990243387
24 16 0.15 0.001 11 0.000063260060870 0.000737926217672
24 16 0.15 0.001 12 0.000072165909293 0.000728936892477
24 16 0.15 0.001 13 0.000141209217989 0.000719350340068
24 16 0.15 0.001 14 0.000247678109931 0.000729715527803
24 16 0.15 0.001 15 0.000384285481697 0.000698092418888
24 16 0.15 0.001 16 0.000251173928292 0.000657120834560
24 16 0.15 0.001 17 0.000442522024157 0.000666310432963
24 16 0.15 0.001 18 -0.000305893052077 0.000639527730607
24 16 0.15 0.001 19 0.000589976377318 0.000678914150276
24 16 0.15 0.001 20 0.000668858183378 0.000690989912215
24 16 0.15 0.001 21 0.000943442316722 0.000702938527411
24 16 0.15 0.001 22 -0.000308216555993 0.000627403141821
24 16 0.15 0.001 23 0.000686974126338 0.000715853553533
24 16 0.15 0.001 24 -0.000353711487968 0.000671890546789
24 16 0.15 0.001 25 0.000656813020216 0.000706137451868
24 16 0.15 0.001 26 0.000818229884194 0.000749024120765
24 16 0.15 0.001 27 0.000405507202497 0.000709874933992
24 16 0.15 0.001 28 0.000451680962238 0.000704236740008
24 16 0.15 0.001 29 -0.000369971576778 0.000647767339876
24 16 0.15 0.001 30 0.000302088571889 0.000689624449870
24 16 0.15 0.001 31 0.000362121874962 0.000717716037401
24 16 0.15 0.001 32 0.000284615166951 0.000677437859639
24 16 0.15 0.001 33 0.000085931684292 0.000684690947826
24 16 0.15 0.001 34 0.000210605549652 0.000692163963687
24 16 0.15 0.001 35 0.000096227318907 0.000625851096902
24 16 0.15 0.001 36 -0.000330156610096 0.000605210269970
24 16 0.15 0.001 37 0.000005229254691 0.000650036635776
24 16 0.15 0.001 38 0.000051826709921 0.000627533295072
24 16 0.15 0.001 39 -0.000192102690968 0.000614706266558
24 16 0.15 0.001 40 -0.000085492741315 0.000572526709107
24 16 0.15 0.001 41 0.000271715625273 0.000640384196370
24 16 0.15 0.001 42 0.000014032302423 0.000573785831607
24 16 0.15 0.001 43 0.000044026986102 0.000566527068092
24 16 0.15 0.001 44 0.000271550965172 0.000686671698494
24 16 0.15 0.001 45 0.000270999448901 0.000681314126777
24 16 0.15 0.001 46 0.000079645554230 0.000592382719838
24 16 0.15 0.001 47 0.000141940049812 0.000660850028536
24 16 0.15 0.001 48 -0.000096342126789 0.000714600691479
24 16 0.15 0.001 49 0.000199016110918 0.000694684497400
24 16 0.15 0.001 50 0.000073468741518 0.000592912125562
24 16 0.15 0.001 51 -0.000212092256555 0.000646591134058
24 16 0.15 0.001 52 -0.000110204059436 0.000662052818596
24 16 0.15 0.001 53 -0.000150322678503 0.000621553238520
24 16 0.15 0.001 54 -0.000162950377532 0.000599648056263
24 16 0.15 0.001 55 0.000432697497255 0.000628753874007
24 16 0.15 0.001 56 -0.000120646079562 0.000541899894661
24 16 0.15 0.001 57 0.000540839374516 0.000651704921622
24 16 0.15 0.001 58 0.000096448160240 0.000479929887350
24 16 0.15 0.001 59 0.000526199508613 0.000629073417568
24 16 0.15 0.001 60 -0.000415235331595 0.000451496071110
24 16 0.15 0.001 61 -0.000290874888999 0.000459027641568
24 16 0.15 0.001 62 -0.000140293408174 0.000454607069292
24 16 0.15 0.001 63 0.000659001192074 0.000600054695406
24 16 0.15 0.001 64 0.000039483538110 0.000412531187002
24 16 0.15 0.001 65 -0.000134431066710 0.000552795570069
24 16 0.15 0.001 66 0.000878836789165 0.000546388764821
24 16 0.15 0.001 67 0.001006427366181 0.000561343077615
24 16 0.15 0.001 68 0.000884009886420 0.000510478289725
24 16 0.15 0.001 69 0.000871999052980 0.000446408797983
24 16 0.15 0.001 70 -0.000024802394393 0.000465504825621
24 16 0.15 0.001 71 0.000874834542890 0.000456603754406
24 16 0.15 0.001 72 0.000081319086409 0.000483446386642
24 16 0.15 0.001 73 -0.000067213675217 0.000474096251599
24 16 0.15 0.001 74 0.000770171585479 0.000411783602433
24 16 0.15 0.001 75 0.000624916596048 0.000408034828568
24 16 0.15 0.001 76 0.000632002314716 0.000390975823800
24 16 0.15 0.001 77 -0.000375778915953 0.000473456981189
24 16 0.15 0.001 78 0.000450174588145 0.000398241973408
24 16 0.15 0.001 79 0.000293888704068 0.000411308503688
24 16 0.15 0.001 80 -0.000500507791363 0.000434449411823
24 16 0.15 0.001 81 -0.000414480362163 0.000484070145571
24 16 0.15 0.001 82 -0.000865282680817 0.000447735963562
24 16 0.15 0.001 83 -0.000922501088270 0.000438637238598
24 16 0.15 0.001 84 nan nan
24 16 0.15 0.001 85 -0.000273884109031 0.000502134613760
24 16 0.15 0.001 86 -0.000473737363904 0.000394674625809
24 16 0.15 0.001 87 -0.000066463642233 0.000557409408855
24 16 0.15 0.001 88 nan nan
24 16 0.15 0.001 89 -0.000161008219498 0.000563880410853
24 16 0.15 0.001 90 -0.000101929501768 0.000562694254709
24 16 0.15 0.001 91 -0.000579978759158 0.000330044676700
24 16 0.15 0.001 92 -0.000158114304352 0.000593825307337
24 16 0.15 0.001 93 -0.000031941098416 0.000531388883678
24 16 0.15 0.001 94 -0.000660591071410 0.000341195167234
24 16 0.15 0.001 95 -0.000322881220317 0.000352425236569
24 16 0.15 0.001 96 -0.000132036405772 0.000504860899722
24 16 0.15 0.001 97 0.000068935668615 0.000465189129966
24 16 0.15 0.001 98 -0.000372427709094 0.000355504176738
24 16 0.15 0.001 99 -0.000182613747068 0.000375954489763
24 16 0.15 0.001 100 -0.000194343728554 0.000361151499321
24 16 0.15 0.001 101 -0.000007075291564 0.000395265514137
24 16 0.15 0.001 102 0.000005033700516 0.000375813852706
24 16 0.15 0.001 103 0.000051141651305 0.000383881627209
24 16 0.15 0.001 104 -0.000060989508546 0.000397351493288
24 16 0.15 0.001 105 nan nan
24 16 0.15 0.001 106 0.000039500201236 0.000368337326827
24 16 0.15 0.001 107 -0.000173293676155 0.000409448515186
24 16 0.15 0.001 108 -0.000412934928974 0.000382309483839
24 16 0.15 0.001 109 0.000734426813435 0.000387979220883
24 16 0.15 0.001 110 -0.000231006539478 0.000402585091976
24 16 0.15 0.001 111 0.000537915815094 0.000370187390220
24 16 0.15 0.001 112 -0.000387904275877 0.000410938076248
24 16 0.15 0.001 113 -0.000392538396381 0.000409326699581
24 16 0.15 0.001 114 -0.000403892784248 0.000402191572168
24 16 0.15 0.001 115 -0.000456077127689 0.000410492864578
24 16 0.15 0.001 116 -0.000388543181836 0.000405364997052
24 16 0.15 0.001 117 0.000785844445264 0.000311316288061
24 16 0.15 0.001 118 -0.000368226558548 0.000413560272729
24 16 0.15 0.001 119 0.000938849727616 0.000341243875223
24 16 0.15 0.001 120 0.000618532055067 0.000325993569429
24 16 0.15 0.001 121 -0.000292144249729 0.000430358018270
24 16 0.15 0.001 122 0.000081352598680 0.000334414530037
24 16 0.15 0.001 123 -0.000287288614938 0.000408187165306
24 16 0.15 0.001 124 0.000771075486227 0.000314639573575
24 16 0.15 0.001 125 -0.000189063745162 0.000402153596170
24 16 0.15 0.001 126 0.000692916414641 0.000305646088915
24 16 0.15 0.001 127 -0.000114972700711 0.000370810711767
24 16 0.15 0.001 128 0.000482181821699 0.000315215412292
24 16 0.15 0.001 129 -0.000061085126828 0.000354049971462
24 16 0.15 0.001 130 0.000004891356543 0.000347432056860
24 16 0.15 0.001 131 0.000369580856391 0.000340234507348
24 16 0.15 0.001 132 0.000559469884624 0.000315021709956
24 16 0.15 0.001 133 0.000310167651104 0.000320008831806
24 16 0.15 0.001 134 0.000293606560415 0.000307697092778
24 16 0.15 0.001 135 0.000294095457806 0.000330047514052
24 16 0.15 0.001 136 0.000223186894074 0.000285292450170
24 16 0.15 0.001 137 0.000270637976928 0.000278002823920
24 16 0.15 0.001 138 0.000288472647407 0.000270579990112
24 16 0.15 0.001 139 0.000332032153739 0.000269464473121
24 16 0.15 0.001 140 0.000295017203916 0.000269592486550
24 16 0.15 0.001 141 -0.000040706774392 0.000342009521806
24 16 0.15 0.001 142 0.000313761803892 0.000275444999594
24 16 0.15 0.001 143 0.000483406417837 0.000302608362798
24 16 0.15 0.001 144 -0.000349731370941 0.000342487254186
24 16 0.15 0.001 145 -0.000201133933990 0.000330106034628
24 16 0.15 0.001 146 -0.000343027505746 0.000312504808974
24 16 0.15 0.001 147 0.000259924355451 0.000324938276971
24 16 0.15 0.001 148 0.000221894251184 0.000275341178784
24 16 0.15 0.001 149 0.000334192712997 0.000286625438186
24 16 0.15 0.001 150 0.000346897277991 0.000289349887104
24 16 0.15 0.001 151 0.000339891343126 0.000287270487564
24 16 0.15 0.001 152 -0.000663251750531 0.000277935611347
24 16 0.15 0.001 153 -0.000614849779552 0.000274027447762
24 16 0.15 0.001 154 0.000208931890705 0.000268942905702
24 16 0.15 0.001 155 -0.000408272626837 0.000277813554741
24 16 0.15 0.001 156 -0.000546082059707 0.000277473216666
24 16 0.15 0.001 157 0.000509181016518 0.000274178447877
24 16 0.15 0.001 158 -0.000337481011236 0.000284593750276
24 16 0.15 0.001 159 0.000361654224836 0.000272270856332
24 16 0.15 0.001 160 -0.000484581537082 0.000267947761917
24 16 0.15 0.001 161 0.000424023387370 0.000261196279381
24 16 0.15 0.001 162 -0.000354124638323 0.000278601954000
24 16 0.15 0.001 163 -0.000336069947665 0.000283153299379
24 16 0.15 0.001 164 0.000347410014220 0.000280158184175
24 16 0.15 0.001 165 0.000364458308711 0.000293181524945
24 16 0.15 0.001 166 0.000480460100785 0.000292977404601
24 16 0.15 0.001 167 -0.000100232412014 0.000297941536465
24 16 0.15 0.001 168 0.000172583161410 0.000321324154764
24 16 0.15 0.001 169 0.000167757985390 0.000320196611272
24 16 0.15 0.001 170 0.000222364017705 0.000378719090825
24 16 0.15 0.001 171 0.000277148258276 0.000334653905828
24 16 0.15 0.001 172 0.000125004269909 0.000306790005787
24 16 0.15 0.001 173 -0.007996289462540 0.000530423593817
24 16 0.15 0.001 174 0.000446030564230 0.000349121857874
24 16 0.15 0.001 175 -0.000000638884304 0.000291989036714
24 16 0.15 0.001 176 0.000385096706946 0.000361767170911
24 16 0.15 0.001 177 0.000403310012106 0.000371552046149
24 16 0.15 0.001 178 -0.000221815370086 0.000335599275558
24 16 0.15 0.001 179 0.000216563500363 0.000341993627431
24 16 0.15 0.001 180 -0.000059317366756 0.000352482847490
24 16 0.15 0.001 181 0.000638196138525 0.000354514670356
24 16 0.15 0.001 182 -0.000279620869263 0.000319009176164
24 16 0.15 0.001 183 0.000282348919747 0.000376101646346
24 16 0.15 0.001 184 0.000388182697946 0.000355798394229
24 16 0.15 0.001 185 0.000303339430381 0.000335892790318
24 16 0.15 0.001 186 -0.000327221697092 0.000331822578515
24 16 0.15 0.001 187 0.000219350786987 0.000347093639312
24 16 0.15 0.001 188 -0.000207652708804 0.000348738431721
24 16 0.15 0.001 189 0.000023318190522 0.000374237688067
24 16 0.15 0.001 190 0.000073045109438 0.000369364885404
24 16 0.15 0.001 191 0.000315057149350 0.000397425032467
24 16 0.15 0.001 192 0.000301773749612 0.000431501641861
24 16 0.15 0.001 193 0.000305769221674 0.000424401902030
24 16 0.15 0.001 194 0.000306187679908 0.000414402354798
24 16 0.15 0.001 195 0.000358300902892 0.000458273377411
24 16 0.15 0.001 196 0.000398085110892 0.000479311718296
24 16 0.15 0.001 197 0.000560956839246 0.000509368195189
24 16 0.15 0.001 198 0.000442869485489 0.000481408028119
24 16 0.15 0.001 199 0.000441212097144 0.000513264452407
24 16 0.15 0.001 200 0.000728320020993 0.000523560786771
24 16 0.15 0.001 201 0.000624462855033 0.000525027485752
24 16 0.15 0.001 202 0.001016030759473 0.000550378839827
24 16 0.15 0.001 203 0.000308694023066 0.000384714048198
24 16 0.15 0.001 204 0.000958762793429 0.000548202245714
24 16 0.15 0.001 205 0.000481729010218 0.000548051094432
24 16 0.15 0.001 206 0.001107161560032 0.000501064854520
24 16 0.15 0.001 207 0.059897004170010 0.000689497423037
24 16 0.15 0.001 208 0.001243184574534 0.000479589056956
24 16 0.15 0.001 209 0.000631542140356 0.000527752781749
24 16 0.15 0.001 210 0.001215677205785 0.000520481036667
24 16 0.15 0.001 211 0.000629395761978 0.000536048110810
24 16 0.15 0.001 212 0.001334490182729 0.000502363477921
24 16 0.15 0.001 213 0.000392896590018 0.000506012408551
24 16 0.15 0.001 214 0.000399083096913 0.000531713166236
24 16 0.15 0.001 215 0.001051674946711 0.000507533075349
24 16 0.15 0.001 216 0.000421815816242 0.000516129616684
24 16 0.15 0.001 217 0.001137647419919 0.000543529437363
24 16 0.15 0.001 218 0.000914843175035 0.000511155701198
24 16 0.15 0.001 219 0.000314149970506 0.000531610555142
24 16 0.15 0.001 220 0.000856001433731 0.000500597428551
24 16 0.15 0.001 221 0.000166798053909 0.000554647648112
24 16 0.15 0.001 222 0.000487111498787 0.000504107712423
24 16 0.15 0.001 223 0.000429105103211 0.000472772261529
24 16 0.15 0.001 224 0.000351292732749 0.000468079924240
24 16 0.15 0.001 225 0.000289304273867 0.000470849232161
24 16 0.15 0.001 226 nan nan
24 16 0.15 0.001 227 0.000418926977086 0.000669001839379
24 16 0.15 0.001 228 -0.000078483940569 0.000643012076394
24 16 0.15 0.001 229 0.000095332793297 0.000647852627264
24 16 0.15 0.001 230 0.000369617411522 0.000654571673921
24 16 0.15 0.001 231 0.000289624246610 0.000624368554954
24 16 0.15 0.001 232 -0.000417579150925 0.000465403623161
24 16 0.15 0.001 233 0.000154734152818 0.000588901418748
24 16 0.15 0.001 234 -0.000491016056121 0.000471743096208
24 16 0.15 0.001 235 -0.000517524126154 0.000487305753216
24 16 0.15 0.001 236 -0.000345190789430 0.000495300130568
24 16 0.15 0.001 237 -0.000528653947332 0.000516231048717
24 16 0.15 0.001 238 -0.000685134904884 0.000546070961136
24 16 0.15 0.001 239 0.000345600779616 0.000562107646473
24 16 0.15 0.001 240 0.000258439267184 0.000606571238810
24 16 0.15 0.001 241 -0.000592799803049 0.000576567381895
24 16 0.15 0.001 242 0.000327281597224 0.000599230006692
24 16 0.15 0.001 243 -0.000430445518961 0.000640661625453
24 16 0.15 0.001 244 -0.000482695445118 0.000648483055238
24 16 0.15 0.001 245 -0.000601050647620 0.000686453846724
24 16 0.15 0.001 246 -0.000009947671977 0.000647436118611
24 16 0.15 0.001 247 -0.000449230168846 0.000681693587615
24 16 0.15 0.001 248 0.000063006801628 0.000669648682665
24 16 0.15 0.001 249 -0.000225636400685 0.000735697302378
24 16 0.15 0.001 250 0.000123550268317 0.000703652782328
24 16 0.15 0.001 251 -0.000306261816244 0.000726678005455
24 16 0.15 0.001 252 -0.000279628893418 0.000687264430511
24 16 0.15 0.001 253 0.000477583459887 0.000723670744210
24 16 0.15 0.001 254 -0.000173413066283 0.000638015596505
24 16 0.15 0.001 255 -0.000374104972929 0.000783684236318
24 16 0.15 0.001 256 0.155876972744571 0.000935446795616
24 16 0.15 0.001 257 -0.000327793418034 0.000711099225930
24 16 0.15 0.001 258 -0.000310286841851 0.000712502756591
24 16 0.15 0.001 259 0.247480873707139 0.000915805226752
24 16 0.15 0.001 260 -0.000377099036543 0.000580706961910
24 16 0.15 0.001 261 -0.000248326833977 0.000554032668491
24 16 0.15 0.001 262 -0.000316709147706 0.000672571768956
24 16 0.15 0.001 263 0.000033551412725 0.000736597116586
24 16 0.15 0.001 264 -0.000370786174889 0.000584821763437
24 16 0.15 0.001 265 -0.000301986895862 0.000585174337097
24 16 0.15 0.001 266 nan nan
24 16 0.15 0.001 267 nan nan
24 16 0.15 0.001 268 -0.000100560414427 0.000640795699274
24 16 0.15 0.001 269 -0.000551160337353 0.000606833639722
24 16 0.15 0.001 270 -0.000668260322808 0.000605074485139
24 16 0.15 0.001 271 -0.000379457628421 0.000602551736551
24 16 0.15 0.001 272 -0.000531437119909 0.000641578439590
24 16 0.15 0.001 273 -0.000293325647024 0.000619218944101
24 16 0.15 0.001 274 0.000159658712865 0.000605922833617
24 16 0.15 0.001 275 -0.000540277393151 0.000671455715846
24 16 0.15 0.001 276 0.000311636410220 0.000617791435720
24 16 0.15 0.001 277 -0.000049759543288 0.000596490826909
24 16 0.15 0.001 278 -0.000493361906283 0.000700161037886
24 16 0.15 0.001 279 -0.000523441354780 0.000716571228356
24 16 0.15 0.001 280 0.102072773639808 0.000667618791670
24 16 0.15 0.001 281 -0.000383846928587 0.000742093006446
24 16 0.15 0.001 282 -0.000502120481481 0.000725911954224
24 16 0.15 0.001 283 0.000098285258259 0.000503857269074
24 16 0.15 0.001 284 -0.000199534470667 0.000740884241167
24 16 0.15 0.001 285 -0.000002171663057 0.000512045291593
24 16 0.15 0.001 286 0.000321032157879 0.000519054693012
24 16 0.15 0.001 287 -0.000378240434879 0.000792126121681
24 16 0.15 0.001 288 0.000299971234284 0.000603872641854
24 16 0.20 0.001 0 -0.000197194542778 0.006007882886471
24 16 0.20 0.001 1 -0.001623024390837 0.005450060227061
24 16 0.20 0.001 2 0.003382242620771 0.005454608379563
24 16 0.20 0.001 3 -0.001681162685406 0.005527652647116
24 16 0.20 0.001 4 0.002463559909531 0.005292003417935
24 16 0.20 0.001 5 0.002261707842839 0.005196751681312
24 16 0.20 0.001 6 2.485882574375792 0.006841805873777
24 16 0.20 0.001 7 2.133050897994891 0.005771661419309
24 16 0.20 0.001 8 0.000726800090085 0.004457826187736
24 16 0.20 0.001 9 -0.000308677129992 0.004536787202057
24 16 0.20 0.001 10 nan nan
24 16 0.20 0.001 11 -0.000235919660841 0.004483653646160
24 16 0.20 0.001 12 nan nan
24 16 0.20 0.001 13 0.000076950236357 0.003417362841058
24 16 0.20 0.001 14 -0.002621725643024 0.004725995906902
24 16 0.20 0.001 15 -0.002454522988895 0.004376379783880
24 16 0.20 0.001 16 0.002015406470532 0.003904647938226
24 16 0.20 0.001 17 nan nan
24 16 0.20 0.001 18 -0.002423854496194 0.003712201463263
24 16 0.20 0.001 19 -0.001388729742218 0.003951608255929
24 16 0.20 0.001 20 -0.002908660719021 0.004625221530991
24 16 0.20 0.001 21 -0.001910680232766 0.004310242079949
24 16 0.20 0.001 22 nan nan
24 16 0.20 0.001 23 -0.002690423549935 0.004731933366650
24 16 0.20 0.001 24 -0.002650844017272 0.004959164580851
24 16 0.20 0.001 25 nan nan
24 16 0.20 0.001 26 -0.001718395584460 0.004759935760820
24 16 0.20 0.001 27 nan nan
24 16 0.20 0.001 28 1.155392487627386 0.004963843155545
24 16 0.20 0.001 29 -0.001221294040915 0.004026722265129
24 16 0.20 0.001 30 -0.001572966891323 0.005089209271405
24 16 0.20 0.001 31 0.005676745497005 0.003396331693349
24 16 0.20 0.001 32 -0.000509196107394 0.004913311866274
24 16 0.20 0.001 33 0.744200392565861 0.004084961100196
24 16 0.20 0.001 34 0.000157577106967 0.004596174674177
24 16 0.20 0.001 35 0.000625864460868 0.004097686965463
24 16 0.20 0.001 36 -0.000530568501789 0.004280240930456
24 16 0.20 0.001 37 0.000371116216183 0.004506851340165
24 16 0.20 0.001 38 -0.000195477113734 0.004258736329969
24 16 0.20 0.001 39 -0.000688764135796 0.003473339187520
24 16 0.20 0.001 40 -0.000522852032150 0.004249600243898
24 16 0.20 0.001 41 -0.004351742563307 0.003739515364544
24 16 0.20 0.001 42 0.004831275816536 0.004189863072210
24 16 0.20 0.001 43 0.004515022505494 0.004158808465820
24 16 0.20 0.001 44 -0.000199007469876 0.003795250269178
24 16 0.20 0.001 45 0.006272517739983 0.004189574480227
24 16 0.20 0.001 46 0.002215828451923 0.003198067484085
24 16 0.20 0.001 47 0.005016604815336 0.004049856321089
24 16 0.20 0.001 48 0.000421624018643 0.003680274622384
24 16 0.20 0.001 49 0.004896675695043 0.003977042127888
24 16 0.20 0.001 50 nan nan
24 16 0.20 0.001 51 0.005199257312545 0.003674496383914
24 16 0.20 0.001 52 nan nan
24 16 0.20 0.001 53 0.002513686622336 0.003609144296435
24 16 0.20 0.001 54 -0.000607984766096 0.002981834496669
24 16 0.20 0.001 55 0.004916906792004 0.003678648231329
24 16 0.20 0.001 56 nan nan
24 16 0.20 0.001 57 0.328683630227609 0.003659969341802
24 16 0.20 0.001 58 0.000454344451989 0.003641624561650
24 16 0.20 0.001 59 0.002978923751929 0.003702831412003
24 16 0.20 0.001 60 0.000503239199624 0.003376145039826
24 16 0.20 0.001 61 nan nan
24 16 0.20 0.001 62 0.275373091896596 0.003208942770772
24 16 0.20 0.001 63 0.001645868329248 0.003458664156397
24 16 0.20 0.001 64 -0.000985169137536 0.003371977011033
24 16 0.20 0.001 65 0.000976103271582 0.003496430710785
24 16 0.20 0.001 66 nan nan
24 16 0.20 0.001 67 nan nan
24 16 0.20 0.001 68 nan nan
24 16 0.20 0.001 69 0.205405109745809 0.003747968970773
24 16 0.20 0.001 70 nan nan
24 16 0.20 0.001 71 nan nan
24 16 0.20 0.001 72 0.001469580901842 0.002364372035496
24 16 0.20 0.001 73 nan nan
24 16 0.20 0.001 74 -0.000981220687635 0.002284427482251
24 16 0.20 0.001 75 -0.001314475286861 0.002422680019591
24 16 0.20 0.001 76 nan nan
24 16 0.20 0.001 77 0.003484442356283 0.002443040676153
24 16 0.20 0.001 78 -0.002834952378757 0.002288500745808
24 16 0.20 0.001 79 -0.000787473619100 0.002942308982805
24 16 0.20 0.001 80 0.000687526649128 0.002437266988205
24 16 0.20 0.001 81 -0.000763130673005 0.002504600665544
24 16 0.20 0.001 82 0.000620603015282 0.002677556875739
24 16 0.20 0.001 83 nan nan
24 16 0.20 0.001 84 1.240529848113418 0.005766238008919
24 16 0.20 0.001 85 -0.001122397518491 0.002354092862603
24 16 0.20 0.001 86 0.317496825670508 0.002842835083893
24 16 0.20 0.001 87 nan nan
24 16 0.20 0.001 88 0.001397779277862 0.002626333670050
24 16 0.20 0.001 89 0.001687833469942 0.002549894405280
24 16 0.20 0.001 90 0.001491179552028 0.002495611293684
24 16 0.20 0.001 91 nan nan
24 16 0.20 0.001 92 0.394456049712638 0.003192056959527
24 16 0.20 0.001 93 nan nan
24 16 0.20 0.001 94 -0.000305272139707 0.001557529346089
24 16 0.20 0.001 95 -0.003386177702577 0.002591353948845
24 16 0.20 0.001 96 -0.002652989751876 0.002039625040626
24 16 0.20 0.001 97 0.001858237145949 0.002000147413459
24 16 0.20 0.001 98 0.000551626319886 0.001461924127805
24 16 0.20 0.001 99 nan nan
24 16 0.20 0.001 100 0.000844429772025 0.001384494927562
24 16 0.20 0.001 101 -0.001193077802601 0.001954260338238
24 16 0.20 0.001 102 0.524358150798030 0.004094840473942
24 16 0.20 0.001 103 nan nan
24 16 0.20 0.001 104 nan nan
24 16 0.20 0.001 105 0.230683168335737 0.003397735367318
24 16 0.20 0.001 106 0.000475578775000 0.001591665039592
24 16 0.20 0.001 107 nan nan
24 16 0.20 0.001 108 nan nan
24 16 0.20 0.001 109 0.000022330904122 0.001582445460666
24 16 0.20 0.001 110 nan nan
24 16 0.20 0.001 111 0.000074369221833 0.001585133436247
24 16 0.20 0.001 112 nan nan
24 16 0.20 0.001 113 -0.000586894202721 0.001386683892689
24 16 0.20 0.001 114 0.001278030259909 0.001436134423194
24 16 0.20 0.001 115 0.000196712751684 0.001301992476219
24 16 0.20 0.001 116 0.003410748137277 0.001161556905809
24 16 0.20 0.001 117 0.001082044364841 0.001275065358612
24 16 0.20 0.001 118 0.003441083542723 0.001336405487622
24 16 0.20 0.001 119 nan nan
24 16 0.20 0.001 120 -0.000740816084275 0.001097020400048
24 16 0.20 0.001 121 0.002955099120426 0.000999461659677
24 16 0.20 0.001 122 0.000466051079044 0.000951430930664
24 16 0.20 0.001 123 -0.000795138086127 0.001016364131178
24 16 0.20 0.001 124 -0.000643447878038 0.000973822543431
24 16 0.20 0.001 125 -0.001374464724096 0.000846452421457
24 16 0.20 0.001 126 nan nan
24 16 0.20 0.001 127 -0.000292453544425 0.000877108888302
24 16 0.20 0.001 128 0.050484965560984 0.001890612326099
24 16 0.20 0.001 129 0.000297325364942 0.000804803590528
24 16 0.20 0.001 130 0.000955312311020 0.000769388533957
24 16 0.20 0.001 131 nan nan
24 16 0.20 0.001 132 0.000141185480890 0.000855086726243
24 16 0.20 0.001 133 nan nan
24 16 0.20 0.001 134 -0.000147957762415 0.000760595286584
24 16 0.20 0.001 135 0.000410662435765 0.000659570272209
24 16 0.20 0.001 136 0.000717946062901 0.000658541482725
24 16 0.20 0.001 137 -0.000436206989719 0.000634421191084
24 16 0.20 0.001 138 -0.000854003826612 0.000528600239994
24 16 0.20 0.001 139 0.000416231585197 0.000585748637158
24 16 0.20 0.001 140 nan nan
24 16 0.20 0.001 141 nan nan
24 16 0.20 0.001 142 0.000050581237195 0.000573428775142
24 16 0.20 0.001 143 0.000589726075828 0.000641758382853
24 16 0.20 0.001 144 0.000488402276687 0.000307098999136
24 16 0.20 0.001 145 nan nan
24 16 0.20 0.001 146 nan nan
24 16 0.20 0.001 147 0.001241501443167 0.000646565166611
24 16 0.20 0.001 148 nan nan
24 16 0.20 0.001 149 0.000706303379099 0.000637794807378
24 16 0.20 0.001 150 -0.071846275820791 0.003913125876609
24 16 0.20 0.001 151 -0.040638386727000 0.002228221499680
24 16 0.20 0.001 152 0.000774023094129 0.000699515984396
24 16 0.20 0.001 153 0.000403409494193 0.000715810812420
24 16 0.20 0.001 154 0.001082348179173 0.000785184385239
24 16 0.20 0.001 155 -0.002462512415967 0.000820423745549
24 16 0.20 0.001 156 -0.001217832222751 0.000913107999558
24 16 0.20 0.001 157 0.001940646854199 0.000996646184116
24 16 0.20 0.001 158 nan nan
24 16 0.20 0.001 159 nan nan
24 16 0.20 0.001 160 -0.001300234617246 0.001112940476276
24 16 0.20 0.001 161 -0.001328466488792 0.001265024674111
24 16 0.20 0.001 162 nan nan
24 16 0.20 0.001 163 -0.001536391557261 0.001244833161083
24 16 0.20 0.001 164 nan nan
24 16 0.20 0.001 165 0.001244254646079 0.001147341330072
24 16 0.20 0.001 166 nan nan
24 16 0.20 0.001 167 nan nan
24 16 0.20 0.001 168 0.000996186806016 0.001431727385891
24 16 0.20 0.001 169 nan nan
24 16 0.20 0.001 170 -0.142243185638652 0.002388024515947
24 16 0.20 0.001 171 -0.000262617114347 0.001716754228823
24 16 0.20 0.001 172 -0.279660167951887 0.003444508342636
24 16 0.20 0.001 173 0.000277790138374 0.001544819704359
24 16 0.20 0.001 174 0.000046131333868 0.001488244878777
24 16 0.20 0.001 175 -0.001840214484935 0.001587622424290
24 16 0.20 0.001 176 -0.264165391000913 0.003175465029626
24 16 0.20 0.001 177 -0.000719020510466 0.001822644763460
24 16 0.20 0.001 178 -0.277481138389534 0.003193123944803
24 16 0.20 0.001 179 0.000600176174963 0.001685623603609
24 16 0.20 0.001 180 nan nan
24 16 0.20 0.001 181 0.000385194447707 0.001955243290582
24 16 0.20 0.001 182 nan nan
24 16 0.20 0.001 183 -0.000403115745973 0.001959784885934
24 16 0.20 0.001 184 nan nan
24 16 0.20 0.001 185 -0.000700526297881 0.001762137452458
24 16 0.20 0.001 186 -0.526904269840017 0.003731182291862
24 16 0.20 0.001 187 0.000445983422887 0.001868350568105
24 16 0.20 0.001 188 0.000143410670406 0.002052147022125
24 16 0.20 0.001 189 0.000495331070073 0.002120797999891
24 16 0.20 0.001 190 -0.000831615485697 0.001934171481624
24 16 0.20 0.001 191 nan nan
24 16 0.20 0.001 192 -0.001257684411038 0.002368027386037
24 16 0.20 0.001 193 0.000638025638732 0.002154101981130
24 16 0.20 0.001 194 nan nan
24 16 0.20 0.001 195 -0.002584034163061 0.002410094559525
24 16 0.20 0.001 196 -0.000800555380021 0.002135730646631
24 16 0.20 0.001 197 -0.001192702055966 0.002157788109578
24 16 0.20 0.001 198 -0.001185168730353 0.002187010390628
24 16 0.20 0.001 199 -0.000909275062937 0.002077629875388
24 16 0.20 0.001 200 nan nan
24 16 0.20 0.001 201 -0.003034194595403 0.001953471260134
24 16 0.20 0.001 202 -0.000225080045112 0.002300241212253
24 16 0.20 0.001 203 -0.289822483831663 0.002581506465036
24 16 0.20 0.001 204 -0.000417254329227 0.002882404421939
24 16 0.20 0.001 205 -0.001279971874162 0.002382320414434
24 16 0.20 0.001 206 nan nan
24 16 0.20 0.001 207 -0.007265046578652 0.003174293446189
24 16 0.20 0.001 208 -0.627344005382297 0.003970499899504
24 16 0.20 0.001 209 -0.007461409482269 0.003015125049251
24 16 0.20 0.001 210 -0.002217913006394 0.002863744454448
24 16 0.20 0.001 211 nan nan
24 16 0.20 0.001 212 -1.140720674652473 0.004374588534714
24 16 0.20 0.001 213 -0.002337291354853 0.002863802307826
24 16 0.20 0.001 214 -0.002806710533968 0.002913229046572
24 16 0.20 0.001 215 0.000416764249453 0.002729426582628
24 16 0.20 0.001 216 nan nan
24 16 0.20 0.001 217 nan nan
24 16 0.20 0.001 218 -0.003834322424405 0.003189519501134
24 16 0.20 0.001 219 -0.003378962398584 0.003108878968911
24 16 0.20 0.001 220 nan nan
24 16 0.20 0.001 221 0.001132623737525 0.003101373952571
24 16 0.20 0.001 222 -0.003770623125108 0.003424860315039
24 16 0.20 0.001 223 nan nan
24 16 0.20 0.001 224 -0.003649867743490 0.003481717738261
24 16 0.20 0.001 225 -0.001167357555966 0.003699352687711
24 16 0.20 0.001 226 nan nan
24 16 0.20 0.001 227 nan nan
24 16 0.20 0.001 228 0.002820030652503 0.002908886442299
24 16 0.20 0.001 229 0.002828157626546 0.003103797153292
24 16 0.20 0.001 230 0.001209509715938 0.003394378072992
24 16 0.20 0.001 231 0.004952997504991 0.002961428434186
24 16 0.20 0.001 232 nan nan
24 16 0.20 0.001 233 0.005266125629234 0.003064896355375
24 16 0.20 0.001 234 -0.001541919344255 0.002973360596283
24 16 0.20 0.001 235 nan nan
24 16 0.20 0.001 236 nan nan
24 16 0.20 0.001 237 0.000296345872302 0.003259220828023
24 16 0.20 0.001 238 0.001288049973962 0.002538425642521
24 16 0.20 0.001 239 nan nan
24 16 0.20 0.001 240 0.000847483796805 0.003917768137204
24 16 0.20 0.001 241 nan nan
24 16 0.20 0.001 242 nan nan
24 16 0.20 0.001 243 0.005973743201355 0.003925659171316
24 16 0.20 0.001 244 -0.718051095516821 0.003911534878775
24 16 0.20 0.001 245 0.005518611150762 0.004032175395827
24 16 0.20 0.001 246 0.005611417985602 0.003837051386490
24 16 0.20 0.001 247 -0.304231978767141 0.002231475059438
24 16 0.20 0.001 248 0.005887257727332 0.004040352818964
24 16 0.20 0.001 249 nan nan
24 16 0.20 0.001 250 nan nan
24 16 0.20 0.001 251 0.003764451833425 0.003895962391949
24 16 0.20 0.001 252 -0.749482599266260 0.004041357565346
24 16 0.20 0.001 253 0.003655271261276 0.003693430299576
24 16 0.20 0.001 254 nan nan
24 16 0.20 0.001 255 0.001369973899621 0.003715352976762
24 16 0.20 0.001 256 nan nan
24 16 0.20 0.001 257 0.000895147799708 0.003407132154316
24 16 0.20 0.001 258 -1.379091486567173 0.006434826373871
24 16 0.20 0.001 259 -0.000848205444418 0.003338839141883
24 16 0.20 0.001 260 nan nan
24 16 0.20 0.001 261 -0.744465728823032 0.003101371283218
24 16 0.20 0.001 262 nan nan
24 16 0.20 0.001 263 nan nan
24 16 0.20 0.001 264 0.000621771950187 0.004348300758855
24 16 0.20 0.001 265 nan nan
24 16 0.20 0.001 266 -0.984888989191260 0.004258611014469
24 16 0.20 0.001 267 0.005258320744378 0.004224519653293
24 16 0.20 0.001 268 nan nan
24 16 0.20 0.001 269 0.005106468287810 0.004111689054293
24 16 0.20 0.001 270 -0.007303440984371 0.003829419020139
24 16 0.20 0.001 271 nan nan
24 16 0.20 0.001 272 nan nan
24 16 0.20 0.001 273 -0.007300239287307 0.004014278673574
24 16 0.20 0.001 274 -0.007923781362424 0.003925619235076
24 16 0.20 0.001 275 0.002469154627671 0.004321391149050
24 16 0.20 0.001 276 -2.999816146027060 0.007479428311241
24 16 0.20 0.001 277 nan nan
24 16 0.20 0.001 278 -1.941101569091925 0.007569714463637
24 16 0.20 0.001 279 -1.711349562452454 0.005674322100689
24 16 0.20 0.001 280 nan nan
24 16 0.20 0.001 281 -0.000162001683025 0.004088352316704
24 16 0.20 0.001 282 -2.339152071987377 0.006241796899788
24 16 0.20 0.001 283 nan nan
24 16 0.20 0.001 284 0.006224974245436 0.004832712129586
24 16 0.20 0.001 285 0.002905299733430 0.005277877445784
24 16 0.20 0.001 286 0.003220223217807 0.004409998588668
24 16 0.20 0.001 287 -1.065936745872432 0.006184519956842
24 16 0.20 0.001 288 0.002559338273965 0.004845231424087
#Ls   Lt  mu  ma  nfluxes AxialCurrent Err
