#Ls   Lt  mu  ma  nfluxes AxialCurrent Err
12 16 0.15 0.001 0 0.001888618327729 0.003625942940317
12 16 0.15 0.001 1 0.000140697421068 0.003274932962403
12 16 0.15 0.001 2 0.000499159710088 0.003181444482138
12 16 0.15 0.001 3 0.003162737196139 0.004102027134480
12 16 0.15 0.001 4 0.002426450768935 0.002842926648877
12 16 0.15 0.001 5 -0.001005727605906 0.003952241346366
12 16 0.15 0.001 6 -0.001263947820168 0.003024894967981
12 16 0.15 0.001 7 -0.002995685417421 0.003044918177899
12 16 0.15 0.001 8 0.002966548631615 0.002731312231528
12 16 0.15 0.001 9 -0.005230908390443 0.002609024398810
12 16 0.15 0.001 10 0.001183661963078 0.002632389949795
12 16 0.15 0.001 11 0.002228678643206 0.002715276694351
12 16 0.15 0.001 12 0.000891074042908 0.003168654707684
12 16 0.15 0.001 13 -0.003951825783219 0.002169681527089
12 16 0.15 0.001 14 -0.000896777825670 0.002507684840768
12 16 0.15 0.001 15 0.000950742711488 0.002741818376521
12 16 0.15 0.001 16 0.000622224270296 0.002522673559855
12 16 0.15 0.001 17 -0.000557533678573 0.002488193435569
12 16 0.15 0.001 18 -0.003675591067407 0.002457543906531
12 16 0.15 0.001 19 -0.000145898096515 0.002166383632138
12 16 0.15 0.001 20 0.002896905547146 0.001583107383849
12 16 0.15 0.001 21 -0.002842151647762 0.001907343051783
12 16 0.15 0.001 22 0.001227098547874 0.001834942076699
12 16 0.15 0.001 23 -0.081430746790271 0.002497622025365
12 16 0.15 0.001 24 -0.001345868090289 0.001926154413629
12 16 0.15 0.001 25 -0.123047025069203 0.001994690998256
12 16 0.15 0.001 26 -0.136259546056635 0.002223521128558
12 16 0.15 0.001 27 -0.001599814149568 0.001374280664171
12 16 0.15 0.001 28 -0.001060977299502 0.001406758705903
12 16 0.15 0.001 29 -0.001888859131168 0.001217242263431
12 16 0.15 0.001 30 0.000617693132458 0.001229896341161
12 16 0.15 0.001 31 -0.019809761334317 0.001493909797733
12 16 0.15 0.001 32 0.000051895974041 0.000930561746368
12 16 0.15 0.001 33 0.001662435530351 0.000886222844886
12 16 0.15 0.001 34 -0.000698208176298 0.000997838441293
12 16 0.15 0.001 35 -0.000652178972181 0.001085345816894
12 16 0.15 0.001 36 nan nan
12 16 0.15 0.001 37 0.000194597865436 0.001006726041839
12 16 0.15 0.001 38 0.000314770304569 0.001088267098668
12 16 0.15 0.001 39 0.000428836826379 0.001038091127083
12 16 0.15 0.001 40 0.000184943820021 0.001128912583587
12 16 0.15 0.001 41 nan nan
12 16 0.15 0.001 42 0.000608990766544 0.001283096481045
12 16 0.15 0.001 43 0.022971349830713 0.001921818808308
12 16 0.15 0.001 44 0.001095936288871 0.001250110880867
12 16 0.15 0.001 45 0.000016481984337 0.001210955949485
12 16 0.15 0.001 46 -0.000231310616090 0.001390922793120
12 16 0.15 0.001 47 -0.001207812520926 0.001665781025255
12 16 0.15 0.001 48 -0.001940667017483 0.001872805506197
12 16 0.15 0.001 49 -0.001026328223999 0.001923690827955
12 16 0.15 0.001 50 nan nan
12 16 0.15 0.001 51 0.002675258632663 0.001912873840699
12 16 0.15 0.001 52 -0.001638284593471 0.002328430628039
12 16 0.15 0.001 53 -0.002734116959140 0.001945957994164
12 16 0.15 0.001 54 -0.001383849228508 0.001979696055585
12 16 0.15 0.001 55 -0.033517062833749 0.002709318520836
12 16 0.15 0.001 56 0.002376246316237 0.002495550813875
12 16 0.15 0.001 57 0.112866056455736 0.002109621864539
12 16 0.15 0.001 58 0.003353502602525 0.002665775608363
12 16 0.15 0.001 59 -0.001056636529381 0.002293832461220
12 16 0.15 0.001 60 nan nan
12 16 0.15 0.001 61 0.272605448657639 0.002868522068636
12 16 0.15 0.001 62 -0.002992377228623 0.002775677168746
12 16 0.15 0.001 63 -0.000735650999035 0.002220961872431
12 16 0.15 0.001 64 0.000345528547468 0.003209054549857
12 16 0.15 0.001 65 nan nan
12 16 0.15 0.001 66 -0.000946759504542 0.002928033504131
12 16 0.15 0.001 67 -0.001024653329141 0.003448625505137
12 16 0.15 0.001 68 -0.005854982614898 0.002866610960965
12 16 0.15 0.001 69 0.000219675390001 0.003349185306673
12 16 0.15 0.001 70 0.734336729464661 0.004573247018032
12 16 0.15 0.001 71 0.000046513472207 0.003647284012673
12 16 0.15 0.001 72 -0.001702497105676 0.003622182642779
12 16 0.15 0.001 73 nan nan
12 16 0.15 0.001 74 nan nan
12 16 0.15 0.001 75 nan nan
12 16 0.15 0.001 76 nan nan
12 16 0.15 0.001 77 nan nan
12 16 0.15 0.001 78 nan nan
12 16 0.15 0.001 79 nan nan
12 16 0.15 0.001 80 nan nan
12 16 0.15 0.001 81 nan nan
12 16 0.15 0.001 82 nan nan
12 16 0.15 0.001 83 nan nan
12 16 0.15 0.001 84 nan nan
12 16 0.15 0.001 85 nan nan
12 16 0.15 0.001 86 nan nan
12 16 0.15 0.001 87 nan nan
12 16 0.15 0.001 88 nan nan
12 16 0.15 0.001 89 nan nan
12 16 0.15 0.001 90 nan nan
12 16 0.15 0.001 91 nan nan
12 16 0.15 0.001 92 nan nan
12 16 0.15 0.001 93 nan nan
12 16 0.15 0.001 94 nan nan
12 16 0.15 0.001 95 nan nan
12 16 0.15 0.001 96 nan nan
12 16 0.15 0.001 97 nan nan
12 16 0.15 0.001 98 nan nan
12 16 0.15 0.001 99 nan nan
12 16 0.15 0.001 100 nan nan
12 16 0.15 0.001 101 nan nan
12 16 0.15 0.001 102 nan nan
12 16 0.15 0.001 103 nan nan
12 16 0.15 0.001 104 nan nan
12 16 0.15 0.001 105 nan nan
12 16 0.15 0.001 106 nan nan
12 16 0.15 0.001 107 nan nan
12 16 0.15 0.001 108 nan nan
12 16 0.15 0.001 109 nan nan
12 16 0.15 0.001 110 nan nan
12 16 0.15 0.001 111 nan nan
12 16 0.15 0.001 112 nan nan
12 16 0.15 0.001 113 nan nan
12 16 0.15 0.001 114 nan nan
12 16 0.15 0.001 115 nan nan
12 16 0.15 0.001 116 nan nan
12 16 0.15 0.001 117 nan nan
12 16 0.15 0.001 118 nan nan
12 16 0.15 0.001 119 nan nan
12 16 0.15 0.001 120 nan nan
12 16 0.15 0.001 121 nan nan
12 16 0.15 0.001 122 nan nan
12 16 0.15 0.001 123 nan nan
12 16 0.15 0.001 124 nan nan
12 16 0.15 0.001 125 nan nan
12 16 0.15 0.001 126 nan nan
12 16 0.15 0.001 127 nan nan
12 16 0.15 0.001 128 nan nan
12 16 0.15 0.001 129 nan nan
12 16 0.15 0.001 130 nan nan
12 16 0.15 0.001 131 nan nan
12 16 0.15 0.001 132 nan nan
12 16 0.15 0.001 133 nan nan
12 16 0.15 0.001 134 nan nan
12 16 0.15 0.001 135 nan nan
12 16 0.15 0.001 136 nan nan
12 16 0.15 0.001 137 nan nan
12 16 0.15 0.001 138 nan nan
12 16 0.15 0.001 139 nan nan
12 16 0.15 0.001 140 nan nan
12 16 0.15 0.001 141 nan nan
12 16 0.15 0.001 142 nan nan
12 16 0.15 0.001 143 nan nan
12 16 0.15 0.001 144 nan nan
12 16 0.15 0.001 145 nan nan
12 16 0.15 0.001 146 nan nan
12 16 0.15 0.001 147 nan nan
12 16 0.15 0.001 148 nan nan
12 16 0.15 0.001 149 nan nan
12 16 0.15 0.001 150 nan nan
12 16 0.15 0.001 151 nan nan
12 16 0.15 0.001 152 nan nan
12 16 0.15 0.001 153 nan nan
12 16 0.15 0.001 154 nan nan
12 16 0.15 0.001 155 nan nan
12 16 0.15 0.001 156 nan nan
12 16 0.15 0.001 157 nan nan
12 16 0.15 0.001 158 nan nan
12 16 0.15 0.001 159 nan nan
12 16 0.15 0.001 160 nan nan
12 16 0.15 0.001 161 nan nan
12 16 0.15 0.001 162 nan nan
12 16 0.15 0.001 163 nan nan
12 16 0.15 0.001 164 nan nan
12 16 0.15 0.001 165 nan nan
12 16 0.15 0.001 166 nan nan
12 16 0.15 0.001 167 nan nan
12 16 0.15 0.001 168 nan nan
12 16 0.15 0.001 169 nan nan
12 16 0.15 0.001 170 nan nan
12 16 0.15 0.001 171 nan nan
12 16 0.15 0.001 172 nan nan
12 16 0.15 0.001 173 nan nan
12 16 0.15 0.001 174 nan nan
12 16 0.15 0.001 175 nan nan
12 16 0.15 0.001 176 nan nan
12 16 0.15 0.001 177 nan nan
12 16 0.15 0.001 178 nan nan
12 16 0.15 0.001 179 nan nan
12 16 0.15 0.001 180 nan nan
12 16 0.15 0.001 181 nan nan
12 16 0.15 0.001 182 nan nan
12 16 0.15 0.001 183 nan nan
12 16 0.15 0.001 184 nan nan
12 16 0.15 0.001 185 nan nan
12 16 0.15 0.001 186 nan nan
12 16 0.15 0.001 187 nan nan
12 16 0.15 0.001 188 nan nan
12 16 0.15 0.001 189 nan nan
12 16 0.15 0.001 190 nan nan
12 16 0.15 0.001 191 nan nan
12 16 0.15 0.001 192 nan nan
12 16 0.15 0.001 193 nan nan
12 16 0.15 0.001 194 nan nan
12 16 0.15 0.001 195 nan nan
12 16 0.15 0.001 196 nan nan
12 16 0.15 0.001 197 nan nan
12 16 0.15 0.001 198 nan nan
12 16 0.15 0.001 199 nan nan
12 16 0.15 0.001 200 nan nan
12 16 0.15 0.001 201 nan nan
12 16 0.15 0.001 202 nan nan
12 16 0.15 0.001 203 nan nan
12 16 0.15 0.001 204 nan nan
12 16 0.15 0.001 205 nan nan
12 16 0.15 0.001 206 nan nan
12 16 0.15 0.001 207 nan nan
12 16 0.15 0.001 208 nan nan
12 16 0.15 0.001 209 nan nan
12 16 0.15 0.001 210 nan nan
12 16 0.15 0.001 211 nan nan
12 16 0.15 0.001 212 nan nan
12 16 0.15 0.001 213 nan nan
12 16 0.15 0.001 214 nan nan
12 16 0.15 0.001 215 nan nan
12 16 0.15 0.001 216 nan nan
12 16 0.15 0.001 217 nan nan
12 16 0.15 0.001 218 nan nan
12 16 0.15 0.001 219 nan nan
12 16 0.15 0.001 220 nan nan
12 16 0.15 0.001 221 nan nan
12 16 0.15 0.001 222 nan nan
12 16 0.15 0.001 223 nan nan
12 16 0.15 0.001 224 nan nan
12 16 0.15 0.001 225 nan nan
12 16 0.15 0.001 226 nan nan
12 16 0.15 0.001 227 nan nan
12 16 0.15 0.001 228 nan nan
12 16 0.15 0.001 229 nan nan
12 16 0.15 0.001 230 nan nan
12 16 0.15 0.001 231 nan nan
12 16 0.15 0.001 232 nan nan
12 16 0.15 0.001 233 nan nan
12 16 0.15 0.001 234 nan nan
12 16 0.15 0.001 235 nan nan
12 16 0.15 0.001 236 nan nan
12 16 0.15 0.001 237 nan nan
12 16 0.15 0.001 238 nan nan
12 16 0.15 0.001 239 nan nan
12 16 0.15 0.001 240 nan nan
12 16 0.15 0.001 241 nan nan
12 16 0.15 0.001 242 nan nan
12 16 0.15 0.001 243 nan nan
12 16 0.15 0.001 244 nan nan
12 16 0.15 0.001 245 nan nan
12 16 0.15 0.001 246 nan nan
12 16 0.15 0.001 247 nan nan
12 16 0.15 0.001 248 nan nan
12 16 0.15 0.001 249 nan nan
12 16 0.15 0.001 250 nan nan
12 16 0.15 0.001 251 nan nan
12 16 0.15 0.001 252 nan nan
12 16 0.15 0.001 253 nan nan
12 16 0.15 0.001 254 nan nan
12 16 0.15 0.001 255 nan nan
12 16 0.15 0.001 256 nan nan
12 16 0.15 0.001 257 nan nan
12 16 0.15 0.001 258 nan nan
12 16 0.15 0.001 259 nan nan
12 16 0.15 0.001 260 nan nan
12 16 0.15 0.001 261 nan nan
12 16 0.15 0.001 262 nan nan
12 16 0.15 0.001 263 nan nan
12 16 0.15 0.001 264 nan nan
12 16 0.15 0.001 265 nan nan
12 16 0.15 0.001 266 nan nan
12 16 0.15 0.001 267 nan nan
12 16 0.15 0.001 268 nan nan
12 16 0.15 0.001 269 nan nan
12 16 0.15 0.001 270 nan nan
12 16 0.15 0.001 271 nan nan
12 16 0.15 0.001 272 nan nan
12 16 0.15 0.001 273 nan nan
12 16 0.15 0.001 274 nan nan
12 16 0.15 0.001 275 nan nan
12 16 0.15 0.001 276 nan nan
12 16 0.15 0.001 277 nan nan
12 16 0.15 0.001 278 nan nan
12 16 0.15 0.001 279 nan nan
12 16 0.15 0.001 280 nan nan
12 16 0.15 0.001 281 nan nan
12 16 0.15 0.001 282 nan nan
12 16 0.15 0.001 283 nan nan
12 16 0.15 0.001 284 nan nan
12 16 0.15 0.001 285 nan nan
12 16 0.15 0.001 286 nan nan
12 16 0.15 0.001 287 nan nan
12 16 0.15 0.001 288 nan nan
