16 16 0.00 0.001 0 0.001371675126194 0.001229738457617
16 16 0.00 0.001 1 -0.005358076983229 0.001030994684842
16 16 0.00 0.001 2 -0.019538495506021 0.001029673318004
16 16 0.00 0.001 3 -0.036812040425753 0.001207645939679
16 16 0.00 0.001 4 -0.043737532692290 0.001174644433243
16 16 0.00 0.001 5 -0.039965162926348 0.000933033451293
16 16 0.00 0.001 6 nan nan
16 16 0.00 0.001 7 -0.007861557394735 0.000881694131484
16 16 0.00 0.001 8 0.001068330599590 0.000798728434459
16 16 0.00 0.001 9 -0.002830626389773 0.000843901663784
16 16 0.00 0.001 10 -0.015168240230737 0.001072055001276
16 16 0.00 0.001 11 -0.028301733245629 0.001005882578551
16 16 0.00 0.001 12 nan nan
16 16 0.00 0.001 13 -0.035097025045825 0.001171418511020
16 16 0.00 0.001 14 -0.023193960330218 0.000955360158392
16 16 0.00 0.001 15 -0.005047731051530 0.000914081649494
16 16 0.00 0.001 16 -0.001784958496643 0.001032483182090
16 16 0.00 0.001 17 0.000196908517222 0.001116896510018
16 16 0.00 0.001 18 -0.008030131598276 0.001366419930521
16 16 0.00 0.001 19 -0.016595520032609 0.001157519506366
16 16 0.00 0.001 20 -0.025709941356748 0.001064035202971
16 16 0.00 0.001 21 -0.021272522771128 0.001038782135911
16 16 0.00 0.001 22 -0.015905815748642 0.001240881177944
16 16 0.00 0.001 23 -0.007461735108888 0.001086475045947
16 16 0.00 0.001 24 0.002515763120749 0.001005899819595
16 16 0.00 0.001 25 0.003817507152158 0.000854894069054
16 16 0.00 0.001 26 -0.001111758047633 0.000869775740921
16 16 0.00 0.001 27 -0.007580036812794 0.000920461338555
16 16 0.00 0.001 28 -0.013092972955776 0.001038974686462
16 16 0.00 0.001 29 -0.014475127658580 0.001139667315041
16 16 0.00 0.001 30 -0.002372926283933 0.001034454208356
16 16 0.00 0.001 31 -0.005323713664993 0.000950761582688
16 16 0.00 0.001 32 0.000736452780751 0.000844936850211
16 16 0.00 0.001 33 0.003839755090582 0.000911083128958
16 16 0.00 0.001 34 0.001671233767358 0.000941148546732
16 16 0.00 0.001 35 nan nan
16 16 0.00 0.001 36 -0.006650887827633 0.000859766394978
16 16 0.00 0.001 37 -0.007106633923166 0.000920239099996
16 16 0.00 0.001 38 -0.009770010598091 0.001042491393455
16 16 0.00 0.001 39 -0.004222480153161 0.001057069908346
16 16 0.00 0.001 40 0.000764562387032 0.000903780219895
16 16 0.00 0.001 41 0.002973033255307 0.000882390320456
16 16 0.00 0.001 42 0.001422236243436 0.000830219564499
16 16 0.00 0.001 43 -0.000322050131025 0.001080239790437
16 16 0.00 0.001 44 nan nan
16 16 0.00 0.001 45 0.000993983716968 0.000841068190549
16 16 0.00 0.001 46 -0.008314027908160 0.000817459575355
16 16 0.00 0.001 47 nan nan
16 16 0.00 0.001 48 -0.000727363658391 0.000784001813556
16 16 0.00 0.001 49 0.001527656052068 0.000834729852914
16 16 0.00 0.001 50 0.002851391253858 0.000727450373637
16 16 0.00 0.001 51 -0.000171030043502 0.001014005972054
16 16 0.00 0.001 52 0.000311710853737 0.000705210010351
16 16 0.00 0.001 53 -0.003788773228192 0.000977975510028
16 16 0.00 0.001 54 -0.003514534523331 0.000981875357452
16 16 0.00 0.001 55 nan nan
16 16 0.00 0.001 56 0.000182149987449 0.000884935342214
16 16 0.00 0.001 57 0.001286198550694 0.000834981989899
16 16 0.00 0.001 58 0.001578576352236 0.000788567537673
16 16 0.00 0.001 59 0.001504311912531 0.000778597429180
16 16 0.00 0.001 60 -0.000155843961511 0.000823535553268
16 16 0.00 0.001 61 nan nan
16 16 0.00 0.001 62 -0.000194564402067 0.000830058580807
16 16 0.00 0.001 63 -0.000388578737227 0.000749632576138
16 16 0.00 0.001 64 0.000725906225156 0.000909598921329
16 16 0.00 0.001 65 0.000330127290611 0.000671658927887
16 16 0.00 0.001 66 0.000464586370117 0.000726871713423
16 16 0.00 0.001 67 -0.001268823637171 0.000816033638957
16 16 0.00 0.001 68 0.000762464775504 0.000780998873344
16 16 0.00 0.001 69 0.000390375218290 0.000745340878436
16 16 0.00 0.001 70 0.000773088160835 0.000768849284218
16 16 0.00 0.001 71 0.001594134859746 0.001064478345601
16 16 0.00 0.001 72 0.000231763688365 0.000920837960571
16 16 0.00 0.001 73 -0.000763658704085 0.000827907027359
16 16 0.00 0.001 74 -0.004165824378951 0.000979813494703
16 16 0.00 0.001 75 -0.004916361602141 0.001049341255719
16 16 0.00 0.001 76 -0.000074899373803 0.000814885860612
16 16 0.00 0.001 77 0.001319781574684 0.000736726943231
16 16 0.00 0.001 78 nan nan
16 16 0.00 0.001 79 nan nan
16 16 0.00 0.001 80 nan nan
16 16 0.00 0.001 81 -0.002753902695546 0.000811889190297
16 16 0.00 0.001 82 -0.007598513063693 0.001067957225144
16 16 0.00 0.001 83 0.001140428736051 0.001008931490485
16 16 0.00 0.001 84 -0.002523047097693 0.000775067346518
16 16 0.00 0.001 85 0.000031764176145 0.000740458555163
16 16 0.00 0.001 86 nan nan
16 16 0.00 0.001 87 0.002654981884114 0.000775786893985
16 16 0.00 0.001 88 0.000425399848378 0.000887312461341
16 16 0.00 0.001 89 nan nan
16 16 0.00 0.001 90 -0.010570801766671 0.001040096724483
16 16 0.00 0.001 91 -0.007916822381188 0.000813559398574
16 16 0.00 0.001 92 -0.007973577592326 0.000850496257210
16 16 0.00 0.001 93 -0.005240810245610 0.000910112773294
16 16 0.00 0.001 94 0.001685341975042 0.001106079915989
16 16 0.00 0.001 95 0.004450847378754 0.001114694920241
16 16 0.00 0.001 96 0.000103989887036 0.000721286769776
16 16 0.00 0.001 97 -0.006677281135907 0.000938861398764
16 16 0.00 0.001 98 nan nan
16 16 0.00 0.001 99 -0.015335426423198 0.000959071020793
16 16 0.00 0.001 100 -0.014074355701110 0.000871381404510
16 16 0.00 0.001 101 -0.009724551822887 0.000961070034631
16 16 0.00 0.001 102 -0.001062272458442 0.001110074665850
16 16 0.00 0.001 103 0.001783387573292 0.000983080847017
16 16 0.00 0.001 104 -0.001217378293799 0.000957558301374
16 16 0.00 0.001 105 -0.009250104244399 0.001201513843420
16 16 0.00 0.001 106 -0.016393578710985 0.001127994600507
16 16 0.00 0.001 107 -0.022670894358586 0.000984508117229
16 16 0.00 0.001 108 -0.023272193021476 0.001237907239541
16 16 0.00 0.001 109 -0.017933468213528 0.001493032054277
16 16 0.00 0.001 110 -0.005163327537241 0.001034402588758
16 16 0.00 0.001 111 0.001396674384326 0.000922229356509
16 16 0.00 0.001 112 -0.000101922828787 0.000997186625027
16 16 0.00 0.001 113 -0.004486744839981 0.001289129099543
16 16 0.00 0.001 114 -0.021689708195929 0.001069443015554
16 16 0.00 0.001 115 -0.034541275522224 0.001011064472280
16 16 0.00 0.001 116 -0.036598038859732 0.001128705229055
16 16 0.00 0.001 117 -0.027905776968172 0.001263612800605
16 16 0.00 0.001 118 -0.014646750003226 0.000926475138863
16 16 0.00 0.001 119 -0.001677051539586 0.001282136250374
16 16 0.00 0.001 120 0.000399223494387 0.000847595365898
16 16 0.00 0.001 121 -0.007829853444089 0.000906508650229
16 16 0.00 0.001 122 -0.024480520407909 0.000838398236478
16 16 0.00 0.001 123 -0.039657110618766 0.000944032699514
16 16 0.00 0.001 124 -0.045882038364045 0.000842479753134
16 16 0.00 0.001 125 nan nan
16 16 0.00 0.001 126 -0.019642125108805 0.001313478741057
16 16 0.00 0.001 127 -0.007560160445741 0.001360398629576
16 16 0.00 0.001 128 0.001193409867369 0.001410364296025
16 16 0.00 0.001 129 nan nan
16 16 0.00 0.001 130 nan nan
16 16 0.00 0.001 131 nan nan
16 16 0.00 0.001 132 nan nan
16 16 0.00 0.001 133 nan nan
16 16 0.00 0.001 134 nan nan
16 16 0.00 0.001 135 nan nan
16 16 0.00 0.001 136 nan nan
16 16 0.00 0.001 137 nan nan
16 16 0.00 0.001 138 nan nan
16 16 0.00 0.001 139 nan nan
16 16 0.00 0.001 140 nan nan
16 16 0.00 0.001 141 nan nan
16 16 0.00 0.001 142 nan nan
16 16 0.00 0.001 143 nan nan
16 16 0.00 0.001 144 nan nan
16 16 0.00 0.001 145 nan nan
16 16 0.00 0.001 146 nan nan
16 16 0.00 0.001 147 nan nan
16 16 0.00 0.001 148 nan nan
16 16 0.00 0.001 149 nan nan
16 16 0.00 0.001 150 nan nan
16 16 0.00 0.001 151 nan nan
16 16 0.00 0.001 152 nan nan
16 16 0.00 0.001 153 nan nan
16 16 0.00 0.001 154 nan nan
16 16 0.00 0.001 155 nan nan
16 16 0.00 0.001 156 nan nan
16 16 0.00 0.001 157 nan nan
16 16 0.00 0.001 158 nan nan
16 16 0.00 0.001 159 nan nan
16 16 0.00 0.001 160 nan nan
16 16 0.00 0.001 161 nan nan
16 16 0.00 0.001 162 nan nan
16 16 0.00 0.001 163 nan nan
16 16 0.00 0.001 164 nan nan
16 16 0.00 0.001 165 nan nan
16 16 0.00 0.001 166 nan nan
16 16 0.00 0.001 167 nan nan
16 16 0.00 0.001 168 nan nan
16 16 0.00 0.001 169 nan nan
16 16 0.00 0.001 170 nan nan
16 16 0.00 0.001 171 nan nan
16 16 0.00 0.001 172 nan nan
16 16 0.00 0.001 173 nan nan
16 16 0.00 0.001 174 nan nan
16 16 0.00 0.001 175 nan nan
16 16 0.00 0.001 176 nan nan
16 16 0.00 0.001 177 nan nan
16 16 0.00 0.001 178 nan nan
16 16 0.00 0.001 179 nan nan
16 16 0.00 0.001 180 nan nan
16 16 0.00 0.001 181 nan nan
16 16 0.00 0.001 182 nan nan
16 16 0.00 0.001 183 nan nan
16 16 0.00 0.001 184 nan nan
16 16 0.00 0.001 185 nan nan
16 16 0.00 0.001 186 nan nan
16 16 0.00 0.001 187 nan nan
16 16 0.00 0.001 188 nan nan
16 16 0.00 0.001 189 nan nan
16 16 0.00 0.001 190 nan nan
16 16 0.00 0.001 191 nan nan
16 16 0.00 0.001 192 nan nan
16 16 0.00 0.001 193 nan nan
16 16 0.00 0.001 194 nan nan
16 16 0.00 0.001 195 nan nan
16 16 0.00 0.001 196 nan nan
16 16 0.00 0.001 197 nan nan
16 16 0.00 0.001 198 nan nan
16 16 0.00 0.001 199 nan nan
16 16 0.00 0.001 200 nan nan
16 16 0.00 0.001 201 nan nan
16 16 0.00 0.001 202 nan nan
16 16 0.00 0.001 203 nan nan
16 16 0.00 0.001 204 nan nan
16 16 0.00 0.001 205 nan nan
16 16 0.00 0.001 206 nan nan
16 16 0.00 0.001 207 nan nan
16 16 0.00 0.001 208 nan nan
16 16 0.00 0.001 209 nan nan
16 16 0.00 0.001 210 nan nan
16 16 0.00 0.001 211 nan nan
16 16 0.00 0.001 212 nan nan
16 16 0.00 0.001 213 nan nan
16 16 0.00 0.001 214 nan nan
16 16 0.00 0.001 215 nan nan
16 16 0.00 0.001 216 nan nan
16 16 0.00 0.001 217 nan nan
16 16 0.00 0.001 218 nan nan
16 16 0.00 0.001 219 nan nan
16 16 0.00 0.001 220 nan nan
16 16 0.00 0.001 221 nan nan
16 16 0.00 0.001 222 nan nan
16 16 0.00 0.001 223 nan nan
16 16 0.00 0.001 224 nan nan
16 16 0.00 0.001 225 nan nan
16 16 0.00 0.001 226 nan nan
16 16 0.00 0.001 227 nan nan
16 16 0.00 0.001 228 nan nan
16 16 0.00 0.001 229 nan nan
16 16 0.00 0.001 230 nan nan
16 16 0.00 0.001 231 nan nan
16 16 0.00 0.001 232 nan nan
16 16 0.00 0.001 233 nan nan
16 16 0.00 0.001 234 nan nan
16 16 0.00 0.001 235 nan nan
16 16 0.00 0.001 236 nan nan
16 16 0.00 0.001 237 nan nan
16 16 0.00 0.001 238 nan nan
16 16 0.00 0.001 239 nan nan
16 16 0.00 0.001 240 nan nan
16 16 0.00 0.001 241 nan nan
16 16 0.00 0.001 242 nan nan
16 16 0.00 0.001 243 nan nan
16 16 0.00 0.001 244 nan nan
16 16 0.00 0.001 245 nan nan
16 16 0.00 0.001 246 nan nan
16 16 0.00 0.001 247 nan nan
16 16 0.00 0.001 248 nan nan
16 16 0.00 0.001 249 nan nan
16 16 0.00 0.001 250 nan nan
16 16 0.00 0.001 251 nan nan
16 16 0.00 0.001 252 nan nan
16 16 0.00 0.001 253 nan nan
16 16 0.00 0.001 254 nan nan
16 16 0.00 0.001 255 nan nan
16 16 0.00 0.001 256 nan nan
16 16 0.00 0.001 257 nan nan
16 16 0.00 0.001 258 nan nan
16 16 0.00 0.001 259 nan nan
16 16 0.00 0.001 260 nan nan
16 16 0.00 0.001 261 nan nan
16 16 0.00 0.001 262 nan nan
16 16 0.00 0.001 263 nan nan
16 16 0.00 0.001 264 nan nan
16 16 0.00 0.001 265 nan nan
16 16 0.00 0.001 266 nan nan
16 16 0.00 0.001 267 nan nan
16 16 0.00 0.001 268 nan nan
16 16 0.00 0.001 269 nan nan
16 16 0.00 0.001 270 nan nan
16 16 0.00 0.001 271 nan nan
16 16 0.00 0.001 272 nan nan
16 16 0.00 0.001 273 nan nan
16 16 0.00 0.001 274 nan nan
16 16 0.00 0.001 275 nan nan
16 16 0.00 0.001 276 nan nan
16 16 0.00 0.001 277 nan nan
16 16 0.00 0.001 278 nan nan
16 16 0.00 0.001 279 nan nan
16 16 0.00 0.001 280 nan nan
16 16 0.00 0.001 281 nan nan
16 16 0.00 0.001 282 nan nan
16 16 0.00 0.001 283 nan nan
16 16 0.00 0.001 284 nan nan
16 16 0.00 0.001 285 nan nan
16 16 0.00 0.001 286 nan nan
16 16 0.00 0.001 287 nan nan
16 16 0.00 0.001 288 nan nan
16 16 0.05 0.001 0 0.000747655669645 0.001216843587573
16 16 0.05 0.001 1 -0.046244398258484 0.001270197541363
16 16 0.05 0.001 2 -0.082531703698479 0.001506230146170
16 16 0.05 0.001 3 -0.107443457334554 0.001060205343055
16 16 0.05 0.001 4 -0.105321665106417 0.000974376337471
16 16 0.05 0.001 5 -0.090387047324842 0.001035880870284
16 16 0.05 0.001 6 -0.069118992475942 0.000799942287062
16 16 0.05 0.001 7 -0.062688894781388 0.000989511297853
16 16 0.05 0.001 8 -0.068981876930093 0.000919650923922
16 16 0.05 0.001 9 -0.094152046680320 0.001209281441265
16 16 0.05 0.001 10 -0.119766192060729 0.001383931281470
16 16 0.05 0.001 11 -0.133032845355379 0.000988277838224
16 16 0.05 0.001 12 -0.131028773846143 0.001273822401998
16 16 0.05 0.001 13 -0.116151880627007 0.001193076953015
16 16 0.05 0.001 14 -0.089456987151689 0.001131792020704
16 16 0.05 0.001 15 nan nan
16 16 0.05 0.001 16 nan nan
16 16 0.05 0.001 17 -0.057142536146456 0.001147386209710
16 16 0.05 0.001 18 -0.064766879604692 0.001144363383619
16 16 0.05 0.001 19 nan nan
16 16 0.05 0.001 20 -0.069528978774248 0.000928066331063
16 16 0.05 0.001 21 -0.061684282258630 0.001088896015559
16 16 0.05 0.001 22 -0.048867636667737 0.001236265896415
16 16 0.05 0.001 23 -0.031347073648008 0.001111771804902
16 16 0.05 0.001 24 -0.022673109177181 0.001132590671988
16 16 0.05 0.001 25 nan nan
16 16 0.05 0.001 26 -0.012380646847787 0.000962915990483
16 16 0.05 0.001 27 -0.015312096559449 0.000903099413330
16 16 0.05 0.001 28 -0.012570371697392 0.000908030138322
16 16 0.05 0.001 29 nan nan
16 16 0.05 0.001 30 nan nan
16 16 0.05 0.001 31 0.009161505394940 0.000928475659409
16 16 0.05 0.001 32 0.011620288921152 0.000960294497985
16 16 0.05 0.001 33 0.007945000544457 0.000885992659559
16 16 0.05 0.001 34 -0.006144969520404 0.000904917443634
16 16 0.05 0.001 35 -0.021449489530664 0.000972093688180
16 16 0.05 0.001 36 -0.031207701175814 0.000883298217604
16 16 0.05 0.001 37 -0.033396031195213 0.001046178751081
16 16 0.05 0.001 38 -0.030468443346957 0.000953974733319
16 16 0.05 0.001 39 -0.020560001434752 0.001107531500911
16 16 0.05 0.001 40 -0.013633752395949 0.000953217711730
16 16 0.05 0.001 41 -0.000708419917066 0.000875828956786
16 16 0.05 0.001 42 0.003491672768396 0.000687908884469
16 16 0.05 0.001 43 0.001160635430874 0.000885828848700
16 16 0.05 0.001 44 -0.009471286117777 0.000820862003898
16 16 0.05 0.001 45 -0.012038289847807 0.000850664223240
16 16 0.05 0.001 46 nan nan
16 16 0.05 0.001 47 -0.009215803202276 0.000983247505049
16 16 0.05 0.001 48 -0.006803101980616 0.000949492033904
16 16 0.05 0.001 49 -0.003668362716286 0.000947926767417
16 16 0.05 0.001 50 -0.003922086449632 0.001119355804931
16 16 0.05 0.001 51 -0.005196185680481 0.000834617064732
16 16 0.05 0.001 52 -0.005479585003495 0.000807514630436
16 16 0.05 0.001 53 -0.011039392088927 0.000800000033706
16 16 0.05 0.001 54 -0.009195092553049 0.000899781893994
16 16 0.05 0.001 55 -0.006638353523743 0.000832819937853
16 16 0.05 0.001 56 -0.007697771948058 0.000706050725026
16 16 0.05 0.001 57 -0.002118820331764 0.000822494445566
16 16 0.05 0.001 58 -0.004221954639414 0.000730652379833
16 16 0.05 0.001 59 -0.003550910818244 0.000989743522916
16 16 0.05 0.001 60 -0.001473593383603 0.000751843592337
16 16 0.05 0.001 61 -0.003110165974924 0.000916364894085
16 16 0.05 0.001 62 nan nan
16 16 0.05 0.001 63 -0.000711793159590 0.000708806092519
16 16 0.05 0.001 64 nan nan
16 16 0.05 0.001 65 -0.000727170799014 0.000774128461230
16 16 0.05 0.001 66 0.001283945191514 0.000856175127537
16 16 0.05 0.001 67 0.001208778835973 0.000897888852286
16 16 0.05 0.001 68 0.003324898510398 0.000790490360512
16 16 0.05 0.001 69 0.004359284665755 0.000810910561933
16 16 0.05 0.001 70 0.005194532078103 0.000933713082506
16 16 0.05 0.001 71 0.005881442598420 0.001076601923325
16 16 0.05 0.001 72 0.006162577898882 0.000964971852238
16 16 0.05 0.001 73 0.003319414583467 0.000805093189990
16 16 0.05 0.001 74 0.002202633580712 0.000979153988826
16 16 0.05 0.001 75 0.001188496287375 0.000880537192790
16 16 0.05 0.001 76 0.005266001448681 0.000755770688850
16 16 0.05 0.001 77 0.007038795019714 0.000853118791953
16 16 0.05 0.001 78 0.010263308519507 0.000774818122280
16 16 0.05 0.001 79 0.006867953947111 0.000957490158275
16 16 0.05 0.001 80 0.004602107801046 0.000748678987794
16 16 0.05 0.001 81 nan nan
16 16 0.05 0.001 82 0.004140673081484 0.000987529559467
16 16 0.05 0.001 83 0.013617247226565 0.000986221914900
16 16 0.05 0.001 84 0.001133932687452 0.001005399603771
16 16 0.05 0.001 85 -0.002146635596092 0.000828790963335
16 16 0.05 0.001 86 0.002189037546584 0.000984761812181
16 16 0.05 0.001 87 0.005361293533649 0.000859771080164
16 16 0.05 0.001 88 0.013844518577594 0.000937940912472
16 16 0.05 0.001 89 0.011967161520428 0.001018765276324
16 16 0.05 0.001 90 0.009359718443455 0.000991154676954
16 16 0.05 0.001 91 0.016120131268003 0.000995918791559
16 16 0.05 0.001 92 0.015696661884218 0.000885641382732
16 16 0.05 0.001 93 0.016111307478718 0.000859713838577
16 16 0.05 0.001 94 nan nan
16 16 0.05 0.001 95 -0.001654139542167 0.000849856885167
16 16 0.05 0.001 96 -0.011699584271256 0.001009680172622
16 16 0.05 0.001 97 nan nan
16 16 0.05 0.001 98 -0.016588093252152 0.000888940380072
16 16 0.05 0.001 99 -0.022252326346133 0.000979856800430
16 16 0.05 0.001 100 -0.012557180134761 0.000800265690473
16 16 0.05 0.001 101 0.000408700923037 0.001012155718585
16 16 0.05 0.001 102 0.008959359333414 0.000761451362108
16 16 0.05 0.001 103 0.016902879193215 0.001159118650685
16 16 0.05 0.001 104 0.022198851881634 0.001022124427415
16 16 0.05 0.001 105 0.013268406667321 0.001080766254737
16 16 0.05 0.001 106 0.014192482799125 0.001130671557027
16 16 0.05 0.001 107 0.013960452922964 0.001085961613042
16 16 0.05 0.001 108 0.022719477232836 0.000911298099515
16 16 0.05 0.001 109 0.036481582918158 0.001210572417777
16 16 0.05 0.001 110 0.047843448224779 0.000938158622179
16 16 0.05 0.001 111 0.058174167477949 0.001107691443728
16 16 0.05 0.001 112 0.060127777007134 0.001190927926067
16 16 0.05 0.001 113 0.071280174384609 0.000971953331773
16 16 0.05 0.001 114 0.047220082056495 0.001100555579699
16 16 0.05 0.001 115 0.048362371575535 0.001039104625995
16 16 0.05 0.001 116 0.055553532435409 0.001025207048952
16 16 0.05 0.001 117 nan nan
16 16 0.05 0.001 118 0.087706242249026 0.001195458559814
16 16 0.05 0.001 119 0.087704037967230 0.000994277149023
16 16 0.05 0.001 120 0.069919945459950 0.001091662257807
16 16 0.05 0.001 121 0.042905662990937 0.001046723961713
16 16 0.05 0.001 122 nan nan
16 16 0.05 0.001 123 0.006040435653254 0.000844221914818
16 16 0.05 0.001 124 0.014289855465048 0.001009034113717
16 16 0.05 0.001 125 0.029908906593194 0.001118964531493
16 16 0.05 0.001 126 0.040173219271335 0.001158256192729
16 16 0.05 0.001 127 0.032929784208331 0.001089424725000
16 16 0.05 0.001 128 -0.001719421748685 0.001370522816326
16 16 0.05 0.001 129 nan nan
16 16 0.05 0.001 130 nan nan
16 16 0.05 0.001 131 nan nan
16 16 0.05 0.001 132 nan nan
16 16 0.05 0.001 133 nan nan
16 16 0.05 0.001 134 nan nan
16 16 0.05 0.001 135 nan nan
16 16 0.05 0.001 136 nan nan
16 16 0.05 0.001 137 nan nan
16 16 0.05 0.001 138 nan nan
16 16 0.05 0.001 139 nan nan
16 16 0.05 0.001 140 nan nan
16 16 0.05 0.001 141 nan nan
16 16 0.05 0.001 142 nan nan
16 16 0.05 0.001 143 nan nan
16 16 0.05 0.001 144 nan nan
16 16 0.05 0.001 145 nan nan
16 16 0.05 0.001 146 nan nan
16 16 0.05 0.001 147 nan nan
16 16 0.05 0.001 148 nan nan
16 16 0.05 0.001 149 nan nan
16 16 0.05 0.001 150 nan nan
16 16 0.05 0.001 151 nan nan
16 16 0.05 0.001 152 nan nan
16 16 0.05 0.001 153 nan nan
16 16 0.05 0.001 154 nan nan
16 16 0.05 0.001 155 nan nan
16 16 0.05 0.001 156 nan nan
16 16 0.05 0.001 157 nan nan
16 16 0.05 0.001 158 nan nan
16 16 0.05 0.001 159 nan nan
16 16 0.05 0.001 160 nan nan
16 16 0.05 0.001 161 nan nan
16 16 0.05 0.001 162 nan nan
16 16 0.05 0.001 163 nan nan
16 16 0.05 0.001 164 nan nan
16 16 0.05 0.001 165 nan nan
16 16 0.05 0.001 166 nan nan
16 16 0.05 0.001 167 nan nan
16 16 0.05 0.001 168 nan nan
16 16 0.05 0.001 169 nan nan
16 16 0.05 0.001 170 nan nan
16 16 0.05 0.001 171 nan nan
16 16 0.05 0.001 172 nan nan
16 16 0.05 0.001 173 nan nan
16 16 0.05 0.001 174 nan nan
16 16 0.05 0.001 175 nan nan
16 16 0.05 0.001 176 nan nan
16 16 0.05 0.001 177 nan nan
16 16 0.05 0.001 178 nan nan
16 16 0.05 0.001 179 nan nan
16 16 0.05 0.001 180 nan nan
16 16 0.05 0.001 181 nan nan
16 16 0.05 0.001 182 nan nan
16 16 0.05 0.001 183 nan nan
16 16 0.05 0.001 184 nan nan
16 16 0.05 0.001 185 nan nan
16 16 0.05 0.001 186 nan nan
16 16 0.05 0.001 187 nan nan
16 16 0.05 0.001 188 nan nan
16 16 0.05 0.001 189 nan nan
16 16 0.05 0.001 190 nan nan
16 16 0.05 0.001 191 nan nan
16 16 0.05 0.001 192 nan nan
16 16 0.05 0.001 193 nan nan
16 16 0.05 0.001 194 nan nan
16 16 0.05 0.001 195 nan nan
16 16 0.05 0.001 196 nan nan
16 16 0.05 0.001 197 nan nan
16 16 0.05 0.001 198 nan nan
16 16 0.05 0.001 199 nan nan
16 16 0.05 0.001 200 nan nan
16 16 0.05 0.001 201 nan nan
16 16 0.05 0.001 202 nan nan
16 16 0.05 0.001 203 nan nan
16 16 0.05 0.001 204 nan nan
16 16 0.05 0.001 205 nan nan
16 16 0.05 0.001 206 nan nan
16 16 0.05 0.001 207 nan nan
16 16 0.05 0.001 208 nan nan
16 16 0.05 0.001 209 nan nan
16 16 0.05 0.001 210 nan nan
16 16 0.05 0.001 211 nan nan
16 16 0.05 0.001 212 nan nan
16 16 0.05 0.001 213 nan nan
16 16 0.05 0.001 214 nan nan
16 16 0.05 0.001 215 nan nan
16 16 0.05 0.001 216 nan nan
16 16 0.05 0.001 217 nan nan
16 16 0.05 0.001 218 nan nan
16 16 0.05 0.001 219 nan nan
16 16 0.05 0.001 220 nan nan
16 16 0.05 0.001 221 nan nan
16 16 0.05 0.001 222 nan nan
16 16 0.05 0.001 223 nan nan
16 16 0.05 0.001 224 nan nan
16 16 0.05 0.001 225 nan nan
16 16 0.05 0.001 226 nan nan
16 16 0.05 0.001 227 nan nan
16 16 0.05 0.001 228 nan nan
16 16 0.05 0.001 229 nan nan
16 16 0.05 0.001 230 nan nan
16 16 0.05 0.001 231 nan nan
16 16 0.05 0.001 232 nan nan
16 16 0.05 0.001 233 nan nan
16 16 0.05 0.001 234 nan nan
16 16 0.05 0.001 235 nan nan
16 16 0.05 0.001 236 nan nan
16 16 0.05 0.001 237 nan nan
16 16 0.05 0.001 238 nan nan
16 16 0.05 0.001 239 nan nan
16 16 0.05 0.001 240 nan nan
16 16 0.05 0.001 241 nan nan
16 16 0.05 0.001 242 nan nan
16 16 0.05 0.001 243 nan nan
16 16 0.05 0.001 244 nan nan
16 16 0.05 0.001 245 nan nan
16 16 0.05 0.001 246 nan nan
16 16 0.05 0.001 247 nan nan
16 16 0.05 0.001 248 nan nan
16 16 0.05 0.001 249 nan nan
16 16 0.05 0.001 250 nan nan
16 16 0.05 0.001 251 nan nan
16 16 0.05 0.001 252 nan nan
16 16 0.05 0.001 253 nan nan
16 16 0.05 0.001 254 nan nan
16 16 0.05 0.001 255 nan nan
16 16 0.05 0.001 256 nan nan
16 16 0.05 0.001 257 nan nan
16 16 0.05 0.001 258 nan nan
16 16 0.05 0.001 259 nan nan
16 16 0.05 0.001 260 nan nan
16 16 0.05 0.001 261 nan nan
16 16 0.05 0.001 262 nan nan
16 16 0.05 0.001 263 nan nan
16 16 0.05 0.001 264 nan nan
16 16 0.05 0.001 265 nan nan
16 16 0.05 0.001 266 nan nan
16 16 0.05 0.001 267 nan nan
16 16 0.05 0.001 268 nan nan
16 16 0.05 0.001 269 nan nan
16 16 0.05 0.001 270 nan nan
16 16 0.05 0.001 271 nan nan
16 16 0.05 0.001 272 nan nan
16 16 0.05 0.001 273 nan nan
16 16 0.05 0.001 274 nan nan
16 16 0.05 0.001 275 nan nan
16 16 0.05 0.001 276 nan nan
16 16 0.05 0.001 277 nan nan
16 16 0.05 0.001 278 nan nan
16 16 0.05 0.001 279 nan nan
16 16 0.05 0.001 280 nan nan
16 16 0.05 0.001 281 nan nan
16 16 0.05 0.001 282 nan nan
16 16 0.05 0.001 283 nan nan
16 16 0.05 0.001 284 nan nan
16 16 0.05 0.001 285 nan nan
16 16 0.05 0.001 286 nan nan
16 16 0.05 0.001 287 nan nan
16 16 0.05 0.001 288 nan nan
16 16 0.10 0.001 0 0.000581382547518 0.001405371937980
16 16 0.10 0.001 1 -0.103255487615602 0.001495727322403
16 16 0.10 0.001 2 nan nan
16 16 0.10 0.001 3 -0.212225794601237 0.001158199650315
16 16 0.10 0.001 4 -0.199107654873552 0.001198355017344
16 16 0.10 0.001 5 -0.165168741918321 0.001250636183490
16 16 0.10 0.001 6 -0.136400167980198 0.001007271633087
16 16 0.10 0.001 7 -0.139303863142409 0.000846649938512
16 16 0.10 0.001 8 -0.176257357653203 0.001134594562055
16 16 0.10 0.001 9 -0.224542208673442 0.001325931591521
16 16 0.10 0.001 10 -0.270597018556145 0.000937186224125
16 16 0.10 0.001 11 -0.281695511156572 0.001279493581382
16 16 0.10 0.001 12 -0.262672979986717 0.001298946812874
16 16 0.10 0.001 13 -0.222088159989926 0.001819779441675
16 16 0.10 0.001 14 -0.180294886238200 0.001494348224147
16 16 0.10 0.001 15 -0.168959260924996 0.001190500479016
16 16 0.10 0.001 16 -0.119153473051999 0.001473417547267
16 16 0.10 0.001 17 -0.122851506207932 0.001508303243496
16 16 0.10 0.001 18 nan nan
16 16 0.10 0.001 19 -0.130069329340650 0.001535047143088
16 16 0.10 0.001 20 -0.121648544063053 0.001165914311566
16 16 0.10 0.001 21 -0.105078959319399 0.001173018582831
16 16 0.10 0.001 22 -0.079777371382125 0.001275132825340
16 16 0.10 0.001 23 -0.056571613447220 0.001152693460695
16 16 0.10 0.001 24 -0.056700543978145 0.001326822431763
16 16 0.10 0.001 25 -0.024259476274699 0.001165340028284
16 16 0.10 0.001 26 -0.022802982457716 0.001043120423218
16 16 0.10 0.001 27 -0.028806899679572 0.000951636865411
16 16 0.10 0.001 28 -0.020984812322769 0.000904922772502
16 16 0.10 0.001 29 -0.001899631428773 0.001167962240910
16 16 0.10 0.001 30 0.020236292614086 0.001194514181364
16 16 0.10 0.001 31 nan nan
16 16 0.10 0.001 32 nan nan
16 16 0.10 0.001 33 0.008001229318510 0.000966012222983
16 16 0.10 0.001 34 -0.025340424407949 0.000966478958592
16 16 0.10 0.001 35 -0.049768987000729 0.001149709776045
16 16 0.10 0.001 36 -0.068439081150171 0.000904666146222
16 16 0.10 0.001 37 nan nan
16 16 0.10 0.001 38 -0.056044079591216 0.001049209561680
16 16 0.10 0.001 39 -0.040391127288951 0.001239324033715
16 16 0.10 0.001 40 -0.037468414347970 0.001256587960107
16 16 0.10 0.001 41 -0.008491841708733 0.001126370222254
16 16 0.10 0.001 42 0.007012940433182 0.000760984188223
16 16 0.10 0.001 43 0.005830194372279 0.000867170951626
16 16 0.10 0.001 44 -0.021076223779159 0.000857365376528
16 16 0.10 0.001 45 -0.035276302028193 0.000813874688428
16 16 0.10 0.001 46 -0.030768379599788 0.001066169011554
16 16 0.10 0.001 47 -0.015021371140816 0.001093337893666
16 16 0.10 0.001 48 -0.011052273033399 0.000877684648246
16 16 0.10 0.001 49 -0.011640138988587 0.001017099730341
16 16 0.10 0.001 50 nan nan
16 16 0.10 0.001 51 -0.008056019114124 0.000764234478947
16 16 0.10 0.001 52 -0.012517882986643 0.000874509613583
16 16 0.10 0.001 53 -0.015991667428200 0.000955139684197
16 16 0.10 0.001 54 -0.013956653818062 0.000939764054755
16 16 0.10 0.001 55 -0.011197141852840 0.000894546330308
16 16 0.10 0.001 56 -0.018265022623478 0.001062976045943
16 16 0.10 0.001 57 -0.008267387055535 0.000815889642234
16 16 0.10 0.001 58 -0.006313388058834 0.000843504378860
16 16 0.10 0.001 59 -0.007360494277250 0.000989763839806
16 16 0.10 0.001 60 -0.004283608493344 0.000878434371569
16 16 0.10 0.001 61 nan nan
16 16 0.10 0.001 62 -0.002882482459088 0.000803513648102
16 16 0.10 0.001 63 -0.001173394387205 0.000870010797026
16 16 0.10 0.001 64 -0.002183307245691 0.000957683371997
16 16 0.10 0.001 65 0.000385138802991 0.001025454437334
16 16 0.10 0.001 66 0.001594566124477 0.001006211654566
16 16 0.10 0.001 67 0.004392535172145 0.000948850669244
16 16 0.10 0.001 68 0.005975898077597 0.000773531373538
16 16 0.10 0.001 69 0.009283465105466 0.000847560982025
16 16 0.10 0.001 70 0.008297422172405 0.000997809865451
16 16 0.10 0.001 71 0.008782698912818 0.000913683604125
16 16 0.10 0.001 72 0.016298500779864 0.001091395407702
16 16 0.10 0.001 73 0.005661399012857 0.000761069743436
16 16 0.10 0.001 74 0.008088837653981 0.001020597384344
16 16 0.10 0.001 75 0.006114710398826 0.000993162729017
16 16 0.10 0.001 76 0.012959637700375 0.000895634152777
16 16 0.10 0.001 77 0.010992436677956 0.000835568870815
16 16 0.10 0.001 78 0.021480782602227 0.000846406907578
16 16 0.10 0.001 79 0.014569140271778 0.000866516048204
16 16 0.10 0.001 80 0.009783838382480 0.001016240006562
16 16 0.10 0.001 81 0.010259764610213 0.000827010153764
16 16 0.10 0.001 82 0.018696821003499 0.000884153896299
16 16 0.10 0.001 83 0.033225825724991 0.000837962356485
16 16 0.10 0.001 84 0.013594918183960 0.000946520052038
16 16 0.10 0.001 85 nan nan
16 16 0.10 0.001 86 -0.002883846371272 0.000843480728149
16 16 0.10 0.001 87 0.013474711445592 0.000953683050054
16 16 0.10 0.001 88 0.036178693475502 0.001280847363163
16 16 0.10 0.001 89 nan nan
16 16 0.10 0.001 90 0.034256837528944 0.001093504485923
16 16 0.10 0.001 91 0.051600745549730 0.000980295229129
16 16 0.10 0.001 92 0.056030699367016 0.001071066245075
16 16 0.10 0.001 93 0.043931584640430 0.001100327073531
16 16 0.10 0.001 94 0.029770719798806 0.000954500752865
16 16 0.10 0.001 95 -0.000770118090875 0.000803360748720
16 16 0.10 0.001 96 -0.016078231947872 0.000992307076074
16 16 0.10 0.001 97 -0.034483253115416 0.001269897483717
16 16 0.10 0.001 98 nan nan
16 16 0.10 0.001 99 -0.024870859287349 0.001109895729293
16 16 0.10 0.001 100 -0.007153472054560 0.001094272290336
16 16 0.10 0.001 101 0.010871443413312 0.001165741199467
16 16 0.10 0.001 102 0.018768694682377 0.000794689617874
16 16 0.10 0.001 103 nan nan
16 16 0.10 0.001 104 0.055286846483376 0.001176271497014
16 16 0.10 0.001 105 0.039027683624468 0.001121832336872
16 16 0.10 0.001 106 0.048845836275554 0.001224430318501
16 16 0.10 0.001 107 0.055130559930669 0.001473462922404
16 16 0.10 0.001 108 0.072867623092937 0.001437451409200
16 16 0.10 0.001 109 0.095165109070431 0.001323924765557
16 16 0.10 0.001 110 0.111863458763035 0.001440096250284
16 16 0.10 0.001 111 0.124888145645802 0.001181781526730
16 16 0.10 0.001 112 0.119678835156078 0.001062066743117
16 16 0.10 0.001 113 nan nan
16 16 0.10 0.001 114 0.131462025130772 0.001365052541330
16 16 0.10 0.001 115 0.151764510400691 0.001284110885924
16 16 0.10 0.001 116 0.184844703369965 0.001296621279299
16 16 0.10 0.001 117 0.218554188064573 0.001484711549154
16 16 0.10 0.001 118 0.237435957451777 0.001291874757674
16 16 0.10 0.001 119 0.222454035607790 0.001558410764892
16 16 0.10 0.001 120 0.173356655338922 0.001240445568472
16 16 0.10 0.001 121 0.122983468958303 0.001108619434289
16 16 0.10 0.001 122 0.084738460989240 0.001020662009644
16 16 0.10 0.001 123 0.079051908468264 0.001165511841287
16 16 0.10 0.001 124 nan nan
16 16 0.10 0.001 125 0.133044125591498 0.001096750872514
16 16 0.10 0.001 126 0.135744667572914 0.001497349166847
16 16 0.10 0.001 127 0.091080264220893 0.001435362638047
16 16 0.10 0.001 128 -0.002315483903939 0.001225308224533
16 16 0.10 0.001 129 nan nan
16 16 0.10 0.001 130 nan nan
16 16 0.10 0.001 131 nan nan
16 16 0.10 0.001 132 nan nan
16 16 0.10 0.001 133 nan nan
16 16 0.10 0.001 134 nan nan
16 16 0.10 0.001 135 nan nan
16 16 0.10 0.001 136 nan nan
16 16 0.10 0.001 137 nan nan
16 16 0.10 0.001 138 nan nan
16 16 0.10 0.001 139 nan nan
16 16 0.10 0.001 140 nan nan
16 16 0.10 0.001 141 nan nan
16 16 0.10 0.001 142 nan nan
16 16 0.10 0.001 143 nan nan
16 16 0.10 0.001 144 nan nan
16 16 0.10 0.001 145 nan nan
16 16 0.10 0.001 146 nan nan
16 16 0.10 0.001 147 nan nan
16 16 0.10 0.001 148 nan nan
16 16 0.10 0.001 149 nan nan
16 16 0.10 0.001 150 nan nan
16 16 0.10 0.001 151 nan nan
16 16 0.10 0.001 152 nan nan
16 16 0.10 0.001 153 nan nan
16 16 0.10 0.001 154 nan nan
16 16 0.10 0.001 155 nan nan
16 16 0.10 0.001 156 nan nan
16 16 0.10 0.001 157 nan nan
16 16 0.10 0.001 158 nan nan
16 16 0.10 0.001 159 nan nan
16 16 0.10 0.001 160 nan nan
16 16 0.10 0.001 161 nan nan
16 16 0.10 0.001 162 nan nan
16 16 0.10 0.001 163 nan nan
16 16 0.10 0.001 164 nan nan
16 16 0.10 0.001 165 nan nan
16 16 0.10 0.001 166 nan nan
16 16 0.10 0.001 167 nan nan
16 16 0.10 0.001 168 nan nan
16 16 0.10 0.001 169 nan nan
16 16 0.10 0.001 170 nan nan
16 16 0.10 0.001 171 nan nan
16 16 0.10 0.001 172 nan nan
16 16 0.10 0.001 173 nan nan
16 16 0.10 0.001 174 nan nan
16 16 0.10 0.001 175 nan nan
16 16 0.10 0.001 176 nan nan
16 16 0.10 0.001 177 nan nan
16 16 0.10 0.001 178 nan nan
16 16 0.10 0.001 179 nan nan
16 16 0.10 0.001 180 nan nan
16 16 0.10 0.001 181 nan nan
16 16 0.10 0.001 182 nan nan
16 16 0.10 0.001 183 nan nan
16 16 0.10 0.001 184 nan nan
16 16 0.10 0.001 185 nan nan
16 16 0.10 0.001 186 nan nan
16 16 0.10 0.001 187 nan nan
16 16 0.10 0.001 188 nan nan
16 16 0.10 0.001 189 nan nan
16 16 0.10 0.001 190 nan nan
16 16 0.10 0.001 191 nan nan
16 16 0.10 0.001 192 nan nan
16 16 0.10 0.001 193 nan nan
16 16 0.10 0.001 194 nan nan
16 16 0.10 0.001 195 nan nan
16 16 0.10 0.001 196 nan nan
16 16 0.10 0.001 197 nan nan
16 16 0.10 0.001 198 nan nan
16 16 0.10 0.001 199 nan nan
16 16 0.10 0.001 200 nan nan
16 16 0.10 0.001 201 nan nan
16 16 0.10 0.001 202 nan nan
16 16 0.10 0.001 203 nan nan
16 16 0.10 0.001 204 nan nan
16 16 0.10 0.001 205 nan nan
16 16 0.10 0.001 206 nan nan
16 16 0.10 0.001 207 nan nan
16 16 0.10 0.001 208 nan nan
16 16 0.10 0.001 209 nan nan
16 16 0.10 0.001 210 nan nan
16 16 0.10 0.001 211 nan nan
16 16 0.10 0.001 212 nan nan
16 16 0.10 0.001 213 nan nan
16 16 0.10 0.001 214 nan nan
16 16 0.10 0.001 215 nan nan
16 16 0.10 0.001 216 nan nan
16 16 0.10 0.001 217 nan nan
16 16 0.10 0.001 218 nan nan
16 16 0.10 0.001 219 nan nan
16 16 0.10 0.001 220 nan nan
16 16 0.10 0.001 221 nan nan
16 16 0.10 0.001 222 nan nan
16 16 0.10 0.001 223 nan nan
16 16 0.10 0.001 224 nan nan
16 16 0.10 0.001 225 nan nan
16 16 0.10 0.001 226 nan nan
16 16 0.10 0.001 227 nan nan
16 16 0.10 0.001 228 nan nan
16 16 0.10 0.001 229 nan nan
16 16 0.10 0.001 230 nan nan
16 16 0.10 0.001 231 nan nan
16 16 0.10 0.001 232 nan nan
16 16 0.10 0.001 233 nan nan
16 16 0.10 0.001 234 nan nan
16 16 0.10 0.001 235 nan nan
16 16 0.10 0.001 236 nan nan
16 16 0.10 0.001 237 nan nan
16 16 0.10 0.001 238 nan nan
16 16 0.10 0.001 239 nan nan
16 16 0.10 0.001 240 nan nan
16 16 0.10 0.001 241 nan nan
16 16 0.10 0.001 242 nan nan
16 16 0.10 0.001 243 nan nan
16 16 0.10 0.001 244 nan nan
16 16 0.10 0.001 245 nan nan
16 16 0.10 0.001 246 nan nan
16 16 0.10 0.001 247 nan nan
16 16 0.10 0.001 248 nan nan
16 16 0.10 0.001 249 nan nan
16 16 0.10 0.001 250 nan nan
16 16 0.10 0.001 251 nan nan
16 16 0.10 0.001 252 nan nan
16 16 0.10 0.001 253 nan nan
16 16 0.10 0.001 254 nan nan
16 16 0.10 0.001 255 nan nan
16 16 0.10 0.001 256 nan nan
16 16 0.10 0.001 257 nan nan
16 16 0.10 0.001 258 nan nan
16 16 0.10 0.001 259 nan nan
16 16 0.10 0.001 260 nan nan
16 16 0.10 0.001 261 nan nan
16 16 0.10 0.001 262 nan nan
16 16 0.10 0.001 263 nan nan
16 16 0.10 0.001 264 nan nan
16 16 0.10 0.001 265 nan nan
16 16 0.10 0.001 266 nan nan
16 16 0.10 0.001 267 nan nan
16 16 0.10 0.001 268 nan nan
16 16 0.10 0.001 269 nan nan
16 16 0.10 0.001 270 nan nan
16 16 0.10 0.001 271 nan nan
16 16 0.10 0.001 272 nan nan
16 16 0.10 0.001 273 nan nan
16 16 0.10 0.001 274 nan nan
16 16 0.10 0.001 275 nan nan
16 16 0.10 0.001 276 nan nan
16 16 0.10 0.001 277 nan nan
16 16 0.10 0.001 278 nan nan
16 16 0.10 0.001 279 nan nan
16 16 0.10 0.001 280 nan nan
16 16 0.10 0.001 281 nan nan
16 16 0.10 0.001 282 nan nan
16 16 0.10 0.001 283 nan nan
16 16 0.10 0.001 284 nan nan
16 16 0.10 0.001 285 nan nan
16 16 0.10 0.001 286 nan nan
16 16 0.10 0.001 287 nan nan
16 16 0.10 0.001 288 nan nan
16 16 0.15 0.001 0 0.000578446331590 0.002215752491534
16 16 0.15 0.001 1 -0.257504531002664 0.001758673113948
16 16 0.15 0.001 2 -0.436265518789729 0.002376110659227
16 16 0.15 0.001 3 -0.497453481526367 0.001748508046317
16 16 0.15 0.001 4 -0.455891308168422 0.001863388180376
16 16 0.15 0.001 5 nan nan
16 16 0.15 0.001 6 -0.320845737549318 0.001477249315649
16 16 0.15 0.001 7 -0.355923157285168 0.001767565080348
16 16 0.15 0.001 8 -0.457101995981446 0.002109870679229
16 16 0.15 0.001 9 -0.570412432250183 0.002100563820544
16 16 0.15 0.001 10 -0.629485489990726 0.001976425721529
16 16 0.15 0.001 11 nan nan
16 16 0.15 0.001 12 -0.515629266117984 0.002145923831252
16 16 0.15 0.001 13 -0.416571254888994 0.002161775809001
16 16 0.15 0.001 14 -0.310590325335437 0.002092201905072
16 16 0.15 0.001 15 -0.300656540471069 0.001805219002294
16 16 0.15 0.001 16 -0.205866387899371 0.001432536550848
16 16 0.15 0.001 17 -0.244172985928588 0.001536221606500
16 16 0.15 0.001 18 -0.216950971213421 0.001738080475606
16 16 0.15 0.001 19 -0.212158850366641 0.001614325686838
16 16 0.15 0.001 20 -0.209049430589591 0.001788317084552
16 16 0.15 0.001 21 -0.169496638752064 0.001854251957602
16 16 0.15 0.001 22 nan nan
16 16 0.15 0.001 23 -0.091892845768729 0.001507350108960
16 16 0.15 0.001 24 nan nan
16 16 0.15 0.001 25 -0.042584234218954 0.001511133418532
16 16 0.15 0.001 26 -0.024171689072321 0.001463104588625
16 16 0.15 0.001 27 -0.061116679460981 0.001764229522883
16 16 0.15 0.001 28 -0.049901000824643 0.001627503683463
16 16 0.15 0.001 29 -0.024309170117978 0.001918828374384
16 16 0.15 0.001 30 0.020474826447276 0.001556639588488
16 16 0.15 0.001 31 0.038121134022004 0.001203843175286
16 16 0.15 0.001 32 0.015101093729904 0.001278438501948
16 16 0.15 0.001 33 nan nan
16 16 0.15 0.001 34 nan nan
16 16 0.15 0.001 35 nan nan
16 16 0.15 0.001 36 -0.165074932349812 0.001603743949674
16 16 0.15 0.001 37 nan nan
16 16 0.15 0.001 38 -0.098576159198504 0.001329487551106
16 16 0.15 0.001 39 -0.072830931043311 0.001359400381576
16 16 0.15 0.001 40 -0.109535314968966 0.001626381076777
16 16 0.15 0.001 41 -0.026310388850650 0.001468933725242
16 16 0.15 0.001 42 0.011315656932294 0.001175078506313
16 16 0.15 0.001 43 0.007879720320979 0.000920070364278
16 16 0.15 0.001 44 -0.066533737134780 0.001202414405371
16 16 0.15 0.001 45 -0.084048418903355 0.001375821092521
16 16 0.15 0.001 46 -0.057342257165860 0.001417235674963
16 16 0.15 0.001 47 -0.027894047178610 0.001367808660384
16 16 0.15 0.001 48 -0.030595979502463 0.001347119794651
16 16 0.15 0.001 49 -0.037489911530579 0.001310637008847
16 16 0.15 0.001 50 -0.040352302051494 0.001104261091049
16 16 0.15 0.001 51 -0.008694235718817 0.001256364817446
16 16 0.15 0.001 52 -0.040667600453161 0.001511387792300
16 16 0.15 0.001 53 -0.022482127757074 0.001320999871822
16 16 0.15 0.001 54 -0.028548744966680 0.001271446261714
16 16 0.15 0.001 55 -0.013906045271013 0.001137834679763
16 16 0.15 0.001 56 -0.051675795138288 0.001288279316476
16 16 0.15 0.001 57 -0.010120368149049 0.001065044254209
16 16 0.15 0.001 58 -0.013051886344926 0.001397268123120
16 16 0.15 0.001 59 nan nan
16 16 0.15 0.001 60 -0.010309485201250 0.001086055551525
16 16 0.15 0.001 61 -0.011297632306644 0.001034403914652
16 16 0.15 0.001 62 -0.005347458149887 0.001209224077654
16 16 0.15 0.001 63 -0.004249110036320 0.001028323046716
16 16 0.15 0.001 64 -0.000398892162420 0.001919566339522
16 16 0.15 0.001 65 0.003022605203703 0.001027539266771
16 16 0.15 0.001 66 0.000424920489584 0.001385411974061
16 16 0.15 0.001 67 0.007985327705813 0.001161302328811
16 16 0.15 0.001 68 0.010029272212452 0.001141683760074
16 16 0.15 0.001 69 0.018466708723720 0.001039159771008
16 16 0.15 0.001 70 0.013453635594989 0.001011098677539
16 16 0.15 0.001 71 0.011395600267291 0.000904730937260
16 16 0.15 0.001 72 0.050234919596775 0.001438442795988
16 16 0.15 0.001 73 0.009563669512223 0.000912336318010
16 16 0.15 0.001 74 0.021941469424256 0.001049701805400
16 16 0.15 0.001 75 0.012708295486172 0.001138504002793
16 16 0.15 0.001 76 0.036655513499929 0.001517904888798
16 16 0.15 0.001 77 0.006740745163575 0.001250650255564
16 16 0.15 0.001 78 nan nan
16 16 0.15 0.001 79 0.042376637535460 0.001251955350359
16 16 0.15 0.001 80 0.029524740163832 0.001193689261845
16 16 0.15 0.001 81 nan nan
16 16 0.15 0.001 82 0.044952358901952 0.001266066241849
16 16 0.15 0.001 83 0.084615533532679 0.001055958355469
16 16 0.15 0.001 84 0.062672192002135 0.001317954109863
16 16 0.15 0.001 85 -0.008158050956267 0.000970986368888
16 16 0.15 0.001 86 -0.006971072679645 0.001199806879929
16 16 0.15 0.001 87 0.032079823334105 0.001242131016554
16 16 0.15 0.001 88 0.111379191530355 0.001484999518349
16 16 0.15 0.001 89 0.062445783020657 0.001350140690000
16 16 0.15 0.001 90 nan nan
16 16 0.15 0.001 91 0.109929143656621 0.001399302669783
16 16 0.15 0.001 92 0.150525055181858 0.001581477689686
16 16 0.15 0.001 93 0.144990350146751 0.001258190523129
16 16 0.15 0.001 94 0.104130331490962 0.001186899386041
16 16 0.15 0.001 95 0.025136275650455 0.001206478858600
16 16 0.15 0.001 96 nan nan
16 16 0.15 0.001 97 -0.050727657286866 0.001284293545561
16 16 0.15 0.001 98 -0.030044310451587 0.001240805357646
16 16 0.15 0.001 99 -0.007086315956782 0.001538430548607
16 16 0.15 0.001 100 nan nan
16 16 0.15 0.001 101 nan nan
16 16 0.15 0.001 102 nan nan
16 16 0.15 0.001 103 0.046983688236121 0.001350259116982
16 16 0.15 0.001 104 0.155612854855712 0.001821452970244
16 16 0.15 0.001 105 0.074813857229945 0.001486694736546
16 16 0.15 0.001 106 0.099765749314778 0.001613444916172
16 16 0.15 0.001 107 0.115848544847704 0.001623309291832
16 16 0.15 0.001 108 0.157493418837238 0.001563218210982
16 16 0.15 0.001 109 0.179313129228542 0.001198024091575
16 16 0.15 0.001 110 0.200855169479681 0.001870557551106
16 16 0.15 0.001 111 0.240347962677754 0.001658714065677
16 16 0.15 0.001 112 0.202523588193262 0.001481221622310
16 16 0.15 0.001 113 0.294537311894996 0.001820819953930
16 16 0.15 0.001 114 0.265141020408103 0.001533763831620
16 16 0.15 0.001 115 0.337585479249894 0.001707031191128
16 16 0.15 0.001 116 0.431361579123785 0.002152179254146
16 16 0.15 0.001 117 0.515378152570744 0.002249403400136
16 16 0.15 0.001 118 0.594244150031502 0.002168121687748
16 16 0.15 0.001 119 nan nan
16 16 0.15 0.001 120 0.458957632045394 0.002160308610578
16 16 0.15 0.001 121 0.331589400245387 0.001840933261883
16 16 0.15 0.001 122 0.260855194301035 0.001627924746665
16 16 0.15 0.001 123 nan nan
16 16 0.15 0.001 124 0.340056433676493 0.001862372631322
16 16 0.15 0.001 125 0.401252345977786 0.001895252201524
16 16 0.15 0.001 126 0.385829491897733 0.002202155851255
16 16 0.15 0.001 127 0.244492988309527 0.001879485161700
16 16 0.15 0.001 128 0.000304173282646 0.002134326700836
16 16 0.15 0.001 129 nan nan
16 16 0.15 0.001 130 nan nan
16 16 0.15 0.001 131 nan nan
16 16 0.15 0.001 132 nan nan
16 16 0.15 0.001 133 nan nan
16 16 0.15 0.001 134 nan nan
16 16 0.15 0.001 135 nan nan
16 16 0.15 0.001 136 nan nan
16 16 0.15 0.001 137 nan nan
16 16 0.15 0.001 138 nan nan
16 16 0.15 0.001 139 nan nan
16 16 0.15 0.001 140 nan nan
16 16 0.15 0.001 141 nan nan
16 16 0.15 0.001 142 nan nan
16 16 0.15 0.001 143 nan nan
16 16 0.15 0.001 144 nan nan
16 16 0.15 0.001 145 nan nan
16 16 0.15 0.001 146 nan nan
16 16 0.15 0.001 147 nan nan
16 16 0.15 0.001 148 nan nan
16 16 0.15 0.001 149 nan nan
16 16 0.15 0.001 150 nan nan
16 16 0.15 0.001 151 nan nan
16 16 0.15 0.001 152 nan nan
16 16 0.15 0.001 153 nan nan
16 16 0.15 0.001 154 nan nan
16 16 0.15 0.001 155 nan nan
16 16 0.15 0.001 156 nan nan
16 16 0.15 0.001 157 nan nan
16 16 0.15 0.001 158 nan nan
16 16 0.15 0.001 159 nan nan
16 16 0.15 0.001 160 nan nan
16 16 0.15 0.001 161 nan nan
16 16 0.15 0.001 162 nan nan
16 16 0.15 0.001 163 nan nan
16 16 0.15 0.001 164 nan nan
16 16 0.15 0.001 165 nan nan
16 16 0.15 0.001 166 nan nan
16 16 0.15 0.001 167 nan nan
16 16 0.15 0.001 168 nan nan
16 16 0.15 0.001 169 nan nan
16 16 0.15 0.001 170 nan nan
16 16 0.15 0.001 171 nan nan
16 16 0.15 0.001 172 nan nan
16 16 0.15 0.001 173 nan nan
16 16 0.15 0.001 174 nan nan
16 16 0.15 0.001 175 nan nan
16 16 0.15 0.001 176 nan nan
16 16 0.15 0.001 177 nan nan
16 16 0.15 0.001 178 nan nan
16 16 0.15 0.001 179 nan nan
16 16 0.15 0.001 180 nan nan
16 16 0.15 0.001 181 nan nan
16 16 0.15 0.001 182 nan nan
16 16 0.15 0.001 183 nan nan
16 16 0.15 0.001 184 nan nan
16 16 0.15 0.001 185 nan nan
16 16 0.15 0.001 186 nan nan
16 16 0.15 0.001 187 nan nan
16 16 0.15 0.001 188 nan nan
16 16 0.15 0.001 189 nan nan
16 16 0.15 0.001 190 nan nan
16 16 0.15 0.001 191 nan nan
16 16 0.15 0.001 192 nan nan
16 16 0.15 0.001 193 nan nan
16 16 0.15 0.001 194 nan nan
16 16 0.15 0.001 195 nan nan
16 16 0.15 0.001 196 nan nan
16 16 0.15 0.001 197 nan nan
16 16 0.15 0.001 198 nan nan
16 16 0.15 0.001 199 nan nan
16 16 0.15 0.001 200 nan nan
16 16 0.15 0.001 201 nan nan
16 16 0.15 0.001 202 nan nan
16 16 0.15 0.001 203 nan nan
16 16 0.15 0.001 204 nan nan
16 16 0.15 0.001 205 nan nan
16 16 0.15 0.001 206 nan nan
16 16 0.15 0.001 207 nan nan
16 16 0.15 0.001 208 nan nan
16 16 0.15 0.001 209 nan nan
16 16 0.15 0.001 210 nan nan
16 16 0.15 0.001 211 nan nan
16 16 0.15 0.001 212 nan nan
16 16 0.15 0.001 213 nan nan
16 16 0.15 0.001 214 nan nan
16 16 0.15 0.001 215 nan nan
16 16 0.15 0.001 216 nan nan
16 16 0.15 0.001 217 nan nan
16 16 0.15 0.001 218 nan nan
16 16 0.15 0.001 219 nan nan
16 16 0.15 0.001 220 nan nan
16 16 0.15 0.001 221 nan nan
16 16 0.15 0.001 222 nan nan
16 16 0.15 0.001 223 nan nan
16 16 0.15 0.001 224 nan nan
16 16 0.15 0.001 225 nan nan
16 16 0.15 0.001 226 nan nan
16 16 0.15 0.001 227 nan nan
16 16 0.15 0.001 228 nan nan
16 16 0.15 0.001 229 nan nan
16 16 0.15 0.001 230 nan nan
16 16 0.15 0.001 231 nan nan
16 16 0.15 0.001 232 nan nan
16 16 0.15 0.001 233 nan nan
16 16 0.15 0.001 234 nan nan
16 16 0.15 0.001 235 nan nan
16 16 0.15 0.001 236 nan nan
16 16 0.15 0.001 237 nan nan
16 16 0.15 0.001 238 nan nan
16 16 0.15 0.001 239 nan nan
16 16 0.15 0.001 240 nan nan
16 16 0.15 0.001 241 nan nan
16 16 0.15 0.001 242 nan nan
16 16 0.15 0.001 243 nan nan
16 16 0.15 0.001 244 nan nan
16 16 0.15 0.001 245 nan nan
16 16 0.15 0.001 246 nan nan
16 16 0.15 0.001 247 nan nan
16 16 0.15 0.001 248 nan nan
16 16 0.15 0.001 249 nan nan
16 16 0.15 0.001 250 nan nan
16 16 0.15 0.001 251 nan nan
16 16 0.15 0.001 252 nan nan
16 16 0.15 0.001 253 nan nan
16 16 0.15 0.001 254 nan nan
16 16 0.15 0.001 255 nan nan
16 16 0.15 0.001 256 nan nan
16 16 0.15 0.001 257 nan nan
16 16 0.15 0.001 258 nan nan
16 16 0.15 0.001 259 nan nan
16 16 0.15 0.001 260 nan nan
16 16 0.15 0.001 261 nan nan
16 16 0.15 0.001 262 nan nan
16 16 0.15 0.001 263 nan nan
16 16 0.15 0.001 264 nan nan
16 16 0.15 0.001 265 nan nan
16 16 0.15 0.001 266 nan nan
16 16 0.15 0.001 267 nan nan
16 16 0.15 0.001 268 nan nan
16 16 0.15 0.001 269 nan nan
16 16 0.15 0.001 270 nan nan
16 16 0.15 0.001 271 nan nan
16 16 0.15 0.001 272 nan nan
16 16 0.15 0.001 273 nan nan
16 16 0.15 0.001 274 nan nan
16 16 0.15 0.001 275 nan nan
16 16 0.15 0.001 276 nan nan
16 16 0.15 0.001 277 nan nan
16 16 0.15 0.001 278 nan nan
16 16 0.15 0.001 279 nan nan
16 16 0.15 0.001 280 nan nan
16 16 0.15 0.001 281 nan nan
16 16 0.15 0.001 282 nan nan
16 16 0.15 0.001 283 nan nan
16 16 0.15 0.001 284 nan nan
16 16 0.15 0.001 285 nan nan
16 16 0.15 0.001 286 nan nan
16 16 0.15 0.001 287 nan nan
16 16 0.15 0.001 288 nan nan
16 16 0.20 0.001 0 -0.011381296922593 0.023026689488284
16 16 0.20 0.001 1 3.380687299708350 0.017627758461962
16 16 0.20 0.001 2 5.593556048454608 0.020374210128597
16 16 0.20 0.001 3 6.187219559057399 0.019697527241051
16 16 0.20 0.001 4 5.500382451734469 0.019341558233582
16 16 0.20 0.001 5 4.431710089210374 0.021294545608918
16 16 0.20 0.001 6 nan nan
16 16 0.20 0.001 7 3.412684186430428 0.017840303310030
16 16 0.20 0.001 8 6.161765582251375 0.021785942993231
16 16 0.20 0.001 9 2.851326667439097 0.013741804881893
16 16 0.20 0.001 10 2.630298148575229 0.013947753138113
16 16 0.20 0.001 11 1.983787125785173 0.012907521266331
16 16 0.20 0.001 12 3.295188784109224 0.018092560581005
16 16 0.20 0.001 13 1.183951968609558 0.007465068007969
16 16 0.20 0.001 14 1.375455346004418 0.011385196384699
16 16 0.20 0.001 15 1.129218970578393 0.010256163878738
16 16 0.20 0.001 16 2.318549982545425 0.019872474779401
16 16 0.20 0.001 17 1.905810806404849 0.011499905375566
16 16 0.20 0.001 18 1.297332110875574 0.010931586296116
16 16 0.20 0.001 19 0.929237292335788 0.007420139335571
16 16 0.20 0.001 20 2.200595363299755 0.014763639668462
16 16 0.20 0.001 21 0.683986679530276 0.006942176725274
16 16 0.20 0.001 22 nan nan
16 16 0.20 0.001 23 0.514008071167079 0.008024401009145
16 16 0.20 0.001 24 2.732467666006791 0.019107199904872
16 16 0.20 0.001 25 0.595757408750280 0.009384401415750
16 16 0.20 0.001 26 0.605874934355513 0.006804041732021
16 16 0.20 0.001 27 0.365810081044444 0.007003010037649
16 16 0.20 0.001 28 0.972533904376328 0.011351280585627
16 16 0.20 0.001 29 0.469710833416251 0.007478325724020
16 16 0.20 0.001 30 nan nan
16 16 0.20 0.001 31 0.154128614558696 0.008512010597918
16 16 0.20 0.001 32 0.552667913224464 0.011460893896408
16 16 0.20 0.001 33 1.052299184218549 0.009028005853363
16 16 0.20 0.001 34 1.895679841913837 0.012195773316373
16 16 0.20 0.001 35 0.823331147658309 0.007854451830178
16 16 0.20 0.001 36 1.890558156601181 0.014011150911048
16 16 0.20 0.001 37 0.740001201001689 0.008677687776017
16 16 0.20 0.001 38 0.670831397211444 0.009328400649545
16 16 0.20 0.001 39 nan nan
16 16 0.20 0.001 40 1.961554978935074 0.020402408462739
16 16 0.20 0.001 41 0.342128117439276 0.006216074645800
16 16 0.20 0.001 42 0.432452378173252 0.007577061383460
16 16 0.20 0.001 43 0.433895853750415 0.004970762736706
16 16 0.20 0.001 44 nan nan
16 16 0.20 0.001 45 0.602325579341274 0.006853992537709
16 16 0.20 0.001 46 nan nan
16 16 0.20 0.001 47 0.168275651591827 0.004682365765230
16 16 0.20 0.001 48 0.732331841447067 0.011941800817525
16 16 0.20 0.001 49 0.450214754684355 0.006456936028433
16 16 0.20 0.001 50 0.432378576371428 0.008235607546127
16 16 0.20 0.001 51 0.244890923476612 0.003550043438509
16 16 0.20 0.001 52 nan nan
16 16 0.20 0.001 53 0.248952149667569 0.005425240833963
16 16 0.20 0.001 54 0.261744488731284 0.007024035324524
16 16 0.20 0.001 55 0.186260437891439 0.005295541171308
16 16 0.20 0.001 56 0.854952102966264 0.015929896614481
16 16 0.20 0.001 57 0.127003014633587 0.005273221057654
16 16 0.20 0.001 58 0.124036026276565 0.006890470399133
16 16 0.20 0.001 59 0.128668103727527 0.005252638276871
16 16 0.20 0.001 60 0.228503879684463 0.008927578868994
16 16 0.20 0.001 61 nan nan
16 16 0.20 0.001 62 nan nan
16 16 0.20 0.001 63 -0.013343941394719 0.004180811299908
16 16 0.20 0.001 64 0.042763668181753 0.012399518444233
16 16 0.20 0.001 65 0.033089082429922 0.006159115998601
16 16 0.20 0.001 66 0.064383868140693 0.005988502454285
16 16 0.20 0.001 67 -0.060669765748888 0.005269206247499
16 16 0.20 0.001 68 nan nan
16 16 0.20 0.001 69 -0.121829672880983 0.004452470758075
16 16 0.20 0.001 70 -0.129996553893005 0.008069099291956
16 16 0.20 0.001 71 -0.124261776564168 0.004770809272079
16 16 0.20 0.001 72 -0.842130604612549 0.015840966464963
16 16 0.20 0.001 73 nan nan
16 16 0.20 0.001 74 nan nan
16 16 0.20 0.001 75 -0.261198545806787 0.005126177156635
16 16 0.20 0.001 76 -0.824375610928890 0.011632181977416
16 16 0.20 0.001 77 -0.222471029938230 0.005695408797381
16 16 0.20 0.001 78 -0.436101561599981 0.008127660587013
16 16 0.20 0.001 79 nan nan
16 16 0.20 0.001 80 -0.746177506073259 0.009581049237191
16 16 0.20 0.001 81 -0.181054982616967 0.007557191753006
16 16 0.20 0.001 82 -0.485029520092440 0.007654470391386
16 16 0.20 0.001 83 -0.617423243790855 0.006805699409930
16 16 0.20 0.001 84 -1.417416108284176 0.012247198730855
16 16 0.20 0.001 85 nan nan
16 16 0.20 0.001 86 -0.412743434289891 0.007780461522285
16 16 0.20 0.001 87 -0.348080745950888 0.007355635264884
16 16 0.20 0.001 88 -1.948034289471060 0.015910624555772
16 16 0.20 0.001 89 -0.384650448625061 0.005464696770495
16 16 0.20 0.001 90 -0.693467802144530 0.007734800288988
16 16 0.20 0.001 91 -0.765790813631990 0.006282138415360
16 16 0.20 0.001 92 -1.890811733057166 0.009885865951445
16 16 0.20 0.001 93 -0.827172614288338 0.006823012962051
16 16 0.20 0.001 94 -1.882418332446128 0.011567738936392
16 16 0.20 0.001 95 nan nan
16 16 0.20 0.001 96 -0.541697098320058 0.007451171533653
16 16 0.20 0.001 97 -0.178730016102308 0.007877186358578
16 16 0.20 0.001 98 -0.356126496228626 0.011662540840819
16 16 0.20 0.001 99 -0.485180504796087 0.007898062353158
16 16 0.20 0.001 100 -0.985117676697511 0.012073649078961
16 16 0.20 0.001 101 nan nan
16 16 0.20 0.001 102 -0.633440220742614 0.009312960201268
16 16 0.20 0.001 103 -0.596508770942568 0.009166514733005
16 16 0.20 0.001 104 -2.749567939813665 0.020924191551631
16 16 0.20 0.001 105 -0.513417497321855 0.006046890558920
16 16 0.20 0.001 106 -0.991794939415820 0.009744726911216
16 16 0.20 0.001 107 -0.721242600992912 0.006895013133453
16 16 0.20 0.001 108 -2.205841489027589 0.015302100887325
16 16 0.20 0.001 109 -0.960346897501139 0.007958422862152
16 16 0.20 0.001 110 -1.310820709963256 0.013653992183352
16 16 0.20 0.001 111 -1.886677492818847 0.014174368763504
16 16 0.20 0.001 112 -2.307686361295907 0.014961716141457
16 16 0.20 0.001 113 -1.152494311837734 0.008598037361378
16 16 0.20 0.001 114 -1.385243849303793 0.012758649396841
16 16 0.20 0.001 115 -1.202151459441657 0.010689187310365
16 16 0.20 0.001 116 -3.249856953147797 0.015388405250034
16 16 0.20 0.001 117 nan nan
16 16 0.20 0.001 118 -2.620268570784780 0.017296600836120
16 16 0.20 0.001 119 -2.862458093302577 0.016470411708920
16 16 0.20 0.001 120 -6.193665405543268 0.020536971485438
16 16 0.20 0.001 121 -3.360517625486013 0.014754653544159
16 16 0.20 0.001 122 -3.534707611268153 0.017348582133105
16 16 0.20 0.001 123 -4.154103866917925 0.018073607634100
16 16 0.20 0.001 124 -5.177672907641407 0.017201564630389
16 16 0.20 0.001 125 -5.937025775710106 0.016499944973518
16 16 0.20 0.001 126 nan nan
16 16 0.20 0.001 127 -3.343080032061720 0.016395639671165
16 16 0.20 0.001 128 -0.008322533075669 0.018812385937832
16 16 0.20 0.001 129 nan nan
16 16 0.20 0.001 130 nan nan
16 16 0.20 0.001 131 nan nan
16 16 0.20 0.001 132 nan nan
16 16 0.20 0.001 133 nan nan
16 16 0.20 0.001 134 nan nan
16 16 0.20 0.001 135 nan nan
16 16 0.20 0.001 136 nan nan
16 16 0.20 0.001 137 nan nan
16 16 0.20 0.001 138 nan nan
16 16 0.20 0.001 139 nan nan
16 16 0.20 0.001 140 nan nan
16 16 0.20 0.001 141 nan nan
16 16 0.20 0.001 142 nan nan
16 16 0.20 0.001 143 nan nan
16 16 0.20 0.001 144 nan nan
16 16 0.20 0.001 145 nan nan
16 16 0.20 0.001 146 nan nan
16 16 0.20 0.001 147 nan nan
16 16 0.20 0.001 148 nan nan
16 16 0.20 0.001 149 nan nan
16 16 0.20 0.001 150 nan nan
16 16 0.20 0.001 151 nan nan
16 16 0.20 0.001 152 nan nan
16 16 0.20 0.001 153 nan nan
16 16 0.20 0.001 154 nan nan
16 16 0.20 0.001 155 nan nan
16 16 0.20 0.001 156 nan nan
16 16 0.20 0.001 157 nan nan
16 16 0.20 0.001 158 nan nan
16 16 0.20 0.001 159 nan nan
16 16 0.20 0.001 160 nan nan
16 16 0.20 0.001 161 nan nan
16 16 0.20 0.001 162 nan nan
16 16 0.20 0.001 163 nan nan
16 16 0.20 0.001 164 nan nan
16 16 0.20 0.001 165 nan nan
16 16 0.20 0.001 166 nan nan
16 16 0.20 0.001 167 nan nan
16 16 0.20 0.001 168 nan nan
16 16 0.20 0.001 169 nan nan
16 16 0.20 0.001 170 nan nan
16 16 0.20 0.001 171 nan nan
16 16 0.20 0.001 172 nan nan
16 16 0.20 0.001 173 nan nan
16 16 0.20 0.001 174 nan nan
16 16 0.20 0.001 175 nan nan
16 16 0.20 0.001 176 nan nan
16 16 0.20 0.001 177 nan nan
16 16 0.20 0.001 178 nan nan
16 16 0.20 0.001 179 nan nan
16 16 0.20 0.001 180 nan nan
16 16 0.20 0.001 181 nan nan
16 16 0.20 0.001 182 nan nan
16 16 0.20 0.001 183 nan nan
16 16 0.20 0.001 184 nan nan
16 16 0.20 0.001 185 nan nan
16 16 0.20 0.001 186 nan nan
16 16 0.20 0.001 187 nan nan
16 16 0.20 0.001 188 nan nan
16 16 0.20 0.001 189 nan nan
16 16 0.20 0.001 190 nan nan
16 16 0.20 0.001 191 nan nan
16 16 0.20 0.001 192 nan nan
16 16 0.20 0.001 193 nan nan
16 16 0.20 0.001 194 nan nan
16 16 0.20 0.001 195 nan nan
16 16 0.20 0.001 196 nan nan
16 16 0.20 0.001 197 nan nan
16 16 0.20 0.001 198 nan nan
16 16 0.20 0.001 199 nan nan
16 16 0.20 0.001 200 nan nan
16 16 0.20 0.001 201 nan nan
16 16 0.20 0.001 202 nan nan
16 16 0.20 0.001 203 nan nan
16 16 0.20 0.001 204 nan nan
16 16 0.20 0.001 205 nan nan
16 16 0.20 0.001 206 nan nan
16 16 0.20 0.001 207 nan nan
16 16 0.20 0.001 208 nan nan
16 16 0.20 0.001 209 nan nan
16 16 0.20 0.001 210 nan nan
16 16 0.20 0.001 211 nan nan
16 16 0.20 0.001 212 nan nan
16 16 0.20 0.001 213 nan nan
16 16 0.20 0.001 214 nan nan
16 16 0.20 0.001 215 nan nan
16 16 0.20 0.001 216 nan nan
16 16 0.20 0.001 217 nan nan
16 16 0.20 0.001 218 nan nan
16 16 0.20 0.001 219 nan nan
16 16 0.20 0.001 220 nan nan
16 16 0.20 0.001 221 nan nan
16 16 0.20 0.001 222 nan nan
16 16 0.20 0.001 223 nan nan
16 16 0.20 0.001 224 nan nan
16 16 0.20 0.001 225 nan nan
16 16 0.20 0.001 226 nan nan
16 16 0.20 0.001 227 nan nan
16 16 0.20 0.001 228 nan nan
16 16 0.20 0.001 229 nan nan
16 16 0.20 0.001 230 nan nan
16 16 0.20 0.001 231 nan nan
16 16 0.20 0.001 232 nan nan
16 16 0.20 0.001 233 nan nan
16 16 0.20 0.001 234 nan nan
16 16 0.20 0.001 235 nan nan
16 16 0.20 0.001 236 nan nan
16 16 0.20 0.001 237 nan nan
16 16 0.20 0.001 238 nan nan
16 16 0.20 0.001 239 nan nan
16 16 0.20 0.001 240 nan nan
16 16 0.20 0.001 241 nan nan
16 16 0.20 0.001 242 nan nan
16 16 0.20 0.001 243 nan nan
16 16 0.20 0.001 244 nan nan
16 16 0.20 0.001 245 nan nan
16 16 0.20 0.001 246 nan nan
16 16 0.20 0.001 247 nan nan
16 16 0.20 0.001 248 nan nan
16 16 0.20 0.001 249 nan nan
16 16 0.20 0.001 250 nan nan
16 16 0.20 0.001 251 nan nan
16 16 0.20 0.001 252 nan nan
16 16 0.20 0.001 253 nan nan
16 16 0.20 0.001 254 nan nan
16 16 0.20 0.001 255 nan nan
16 16 0.20 0.001 256 nan nan
16 16 0.20 0.001 257 nan nan
16 16 0.20 0.001 258 nan nan
16 16 0.20 0.001 259 nan nan
16 16 0.20 0.001 260 nan nan
16 16 0.20 0.001 261 nan nan
16 16 0.20 0.001 262 nan nan
16 16 0.20 0.001 263 nan nan
16 16 0.20 0.001 264 nan nan
16 16 0.20 0.001 265 nan nan
16 16 0.20 0.001 266 nan nan
16 16 0.20 0.001 267 nan nan
16 16 0.20 0.001 268 nan nan
16 16 0.20 0.001 269 nan nan
16 16 0.20 0.001 270 nan nan
16 16 0.20 0.001 271 nan nan
16 16 0.20 0.001 272 nan nan
16 16 0.20 0.001 273 nan nan
16 16 0.20 0.001 274 nan nan
16 16 0.20 0.001 275 nan nan
16 16 0.20 0.001 276 nan nan
16 16 0.20 0.001 277 nan nan
16 16 0.20 0.001 278 nan nan
16 16 0.20 0.001 279 nan nan
16 16 0.20 0.001 280 nan nan
16 16 0.20 0.001 281 nan nan
16 16 0.20 0.001 282 nan nan
16 16 0.20 0.001 283 nan nan
16 16 0.20 0.001 284 nan nan
16 16 0.20 0.001 285 nan nan
16 16 0.20 0.001 286 nan nan
16 16 0.20 0.001 287 nan nan
16 16 0.20 0.001 288 nan nan
#Ls   Lt  mu  ma  nfluxes AxialCurrent Err
