12 12 0.00 0.001 0 
12 12 0.00 0.001 1 
12 12 0.00 0.001 2 
12 12 0.00 0.001 3 
12 12 0.00 0.001 4 
12 12 0.00 0.001 5 
12 12 0.00 0.001 6 
12 12 0.00 0.001 7 
12 12 0.00 0.001 8 
12 12 0.00 0.001 9 
12 12 0.00 0.001 10 
12 12 0.00 0.001 11 
12 12 0.00 0.001 12 
12 12 0.00 0.001 13 
12 12 0.00 0.001 14 
12 12 0.00 0.001 15 
12 12 0.00 0.001 16 
12 12 0.00 0.001 17 
12 12 0.00 0.001 18 
12 12 0.00 0.001 19 
12 12 0.00 0.001 20 
12 12 0.00 0.001 21 
12 12 0.00 0.001 22 
12 12 0.00 0.001 23 
12 12 0.00 0.001 24 
12 12 0.00 0.001 25 
12 12 0.00 0.001 26 
12 12 0.00 0.001 27 
12 12 0.00 0.001 28 
12 12 0.00 0.001 29 
12 12 0.00 0.001 30 
12 12 0.00 0.001 31 
12 12 0.00 0.001 32 
12 12 0.10 0.001 0 
12 12 0.10 0.001 1 
12 12 0.10 0.001 2 
12 12 0.10 0.001 3 
12 12 0.10 0.001 4 
12 12 0.10 0.001 5 
12 12 0.10 0.001 6 
12 12 0.10 0.001 7 
12 12 0.10 0.001 8 
12 12 0.10 0.001 9 
12 12 0.10 0.001 10 
12 12 0.10 0.001 11 
12 12 0.10 0.001 12 
12 12 0.10 0.001 13 
12 12 0.10 0.001 14 
12 12 0.10 0.001 15 
12 12 0.10 0.001 16 
12 12 0.10 0.001 17 
12 12 0.10 0.001 18 
12 12 0.10 0.001 19 
12 12 0.10 0.001 20 
12 12 0.10 0.001 21 
12 12 0.10 0.001 22 
12 12 0.10 0.001 23 
12 12 0.10 0.001 24 
12 12 0.10 0.001 25 
12 12 0.10 0.001 26 
12 12 0.10 0.001 27 
12 12 0.10 0.001 28 
12 12 0.10 0.001 29 
12 12 0.10 0.001 30 
12 12 0.10 0.001 31 
12 12 0.10 0.001 32 
12 12 0.20 0.001 0 
12 12 0.20 0.001 1 
12 12 0.20 0.001 2 
12 12 0.20 0.001 3 
12 12 0.20 0.001 4 
12 12 0.20 0.001 5 
12 12 0.20 0.001 6 
12 12 0.20 0.001 7 
12 12 0.20 0.001 8 
12 12 0.20 0.001 9 
12 12 0.20 0.001 10 
12 12 0.20 0.001 11 
12 12 0.20 0.001 12 
12 12 0.20 0.001 13 
12 12 0.20 0.001 14 
12 12 0.20 0.001 15 
12 12 0.20 0.001 16 
12 12 0.20 0.001 17 
12 12 0.20 0.001 18 
12 12 0.20 0.001 19 
12 12 0.20 0.001 20 
12 12 0.20 0.001 21 
12 12 0.20 0.001 22 
12 12 0.20 0.001 23 
12 12 0.20 0.001 24 
12 12 0.20 0.001 25 
12 12 0.20 0.001 26 
12 12 0.20 0.001 27 
12 12 0.20 0.001 28 
12 12 0.20 0.001 29 
12 12 0.20 0.001 30 
12 12 0.20 0.001 31 
12 12 0.20 0.001 32 
12 12 0.30 0.001 0 
12 12 0.30 0.001 1 
12 12 0.30 0.001 2 
12 12 0.30 0.001 3 
12 12 0.30 0.001 4 
12 12 0.30 0.001 5 
12 12 0.30 0.001 6 
12 12 0.30 0.001 7 
12 12 0.30 0.001 8 
12 12 0.30 0.001 9 
12 12 0.30 0.001 10 
12 12 0.30 0.001 11 
12 12 0.30 0.001 12 
12 12 0.30 0.001 13 
12 12 0.30 0.001 14 
12 12 0.30 0.001 15 
12 12 0.30 0.001 16 
12 12 0.30 0.001 17 
12 12 0.30 0.001 18 
12 12 0.30 0.001 19 
12 12 0.30 0.001 20 
12 12 0.30 0.001 21 
12 12 0.30 0.001 22 
12 12 0.30 0.001 23 
12 12 0.30 0.001 24 
12 12 0.30 0.001 25 
12 12 0.30 0.001 26 
12 12 0.30 0.001 27 
12 12 0.30 0.001 28 
12 12 0.30 0.001 29 
12 12 0.30 0.001 30 
12 12 0.30 0.001 31 
12 12 0.30 0.001 32 
12 12 0.40 0.001 0 
12 12 0.40 0.001 1 
12 12 0.40 0.001 2 
12 12 0.40 0.001 3 
12 12 0.40 0.001 4 
12 12 0.40 0.001 5 
12 12 0.40 0.001 6 
12 12 0.40 0.001 7 
12 12 0.40 0.001 8 
12 12 0.40 0.001 9 
12 12 0.40 0.001 10 
12 12 0.40 0.001 11 
12 12 0.40 0.001 12 
12 12 0.40 0.001 13 
12 12 0.40 0.001 14 
12 12 0.40 0.001 15 
12 12 0.40 0.001 16 
12 12 0.40 0.001 17 
12 12 0.40 0.001 18 
12 12 0.40 0.001 19 
12 12 0.40 0.001 20 
12 12 0.40 0.001 21 
12 12 0.40 0.001 22 
12 12 0.40 0.001 23 
12 12 0.40 0.001 24 
12 12 0.40 0.001 25 
12 12 0.40 0.001 26 
12 12 0.40 0.001 27 
12 12 0.40 0.001 28 
12 12 0.40 0.001 29 
12 12 0.40 0.001 30 
12 12 0.40 0.001 31 
12 12 0.40 0.001 32 
12 12 0.50 0.001 0 
12 12 0.50 0.001 1 
12 12 0.50 0.001 2 
12 12 0.50 0.001 3 
12 12 0.50 0.001 4 
12 12 0.50 0.001 5 
12 12 0.50 0.001 6 
12 12 0.50 0.001 7 
12 12 0.50 0.001 8 
12 12 0.50 0.001 9 
12 12 0.50 0.001 10 
12 12 0.50 0.001 11 
12 12 0.50 0.001 12 
12 12 0.50 0.001 13 
12 12 0.50 0.001 14 
12 12 0.50 0.001 15 
12 12 0.50 0.001 16 
12 12 0.50 0.001 17 
12 12 0.50 0.001 18 
12 12 0.50 0.001 19 
12 12 0.50 0.001 20 
12 12 0.50 0.001 21 
12 12 0.50 0.001 22 
12 12 0.50 0.001 23 
12 12 0.50 0.001 24 
12 12 0.50 0.001 25 
12 12 0.50 0.001 26 
12 12 0.50 0.001 27 
12 12 0.50 0.001 28 
12 12 0.50 0.001 29 
12 12 0.50 0.001 30 
12 12 0.50 0.001 31 
12 12 0.50 0.001 32 
12 12 0.60 0.001 0 
12 12 0.60 0.001 1 
12 12 0.60 0.001 2 
12 12 0.60 0.001 3 
12 12 0.60 0.001 4 
12 12 0.60 0.001 5 
12 12 0.60 0.001 6 
12 12 0.60 0.001 7 
12 12 0.60 0.001 8 
12 12 0.60 0.001 9 
12 12 0.60 0.001 10 
12 12 0.60 0.001 11 
12 12 0.60 0.001 12 
12 12 0.60 0.001 13 
12 12 0.60 0.001 14 
12 12 0.60 0.001 15 
12 12 0.60 0.001 16 
12 12 0.60 0.001 17 
12 12 0.60 0.001 18 
12 12 0.60 0.001 19 
12 12 0.60 0.001 20 
12 12 0.60 0.001 21 
12 12 0.60 0.001 22 
12 12 0.60 0.001 23 
12 12 0.60 0.001 24 
12 12 0.60 0.001 25 
12 12 0.60 0.001 26 
12 12 0.60 0.001 27 
12 12 0.60 0.001 28 
12 12 0.60 0.001 29 
12 12 0.60 0.001 30 
12 12 0.60 0.001 31 
12 12 0.60 0.001 32 
