24 24 0.00 0.001 0 -0.000155693062776 0.000584011319099
24 24 0.00 0.001 1 -0.000791766458183 0.000653883068451
24 24 0.00 0.001 2 -0.000896529100199 0.000666219509223
24 24 0.00 0.001 3 -0.000827288706230 0.000577170251099
24 24 0.00 0.001 4 -0.000518751951073 0.000553745387395
24 24 0.00 0.001 5 nan nan
24 24 0.00 0.001 6 -0.000544776000380 0.000498431363183
24 24 0.00 0.001 7 nan nan
24 24 0.00 0.001 8 -0.000090204774505 0.000485704250009
24 24 0.00 0.001 9 -0.000247576725087 0.000447450318943
24 24 0.00 0.001 10 -0.001429484346998 0.000492898373238
24 24 0.00 0.001 11 -0.003512127336108 0.000453306214949
24 24 0.00 0.001 12 0.000143964202327 0.000531742428374
24 24 0.00 0.001 13 0.001187959588456 0.000571661300690
24 24 0.00 0.001 14 nan nan
24 24 0.00 0.001 15 nan nan
24 24 0.00 0.001 16 0.000087860888620 0.000524417586228
24 24 0.00 0.001 17 nan nan
24 24 0.00 0.001 18 0.000314215922536 0.000514707320701
24 24 0.00 0.001 19 nan nan
24 24 0.00 0.001 20 -0.024348999201228 0.000457884311604
24 24 0.00 0.001 21 -0.017199812588853 0.000482521732189
24 24 0.00 0.001 22 0.000220227627481 0.000541675186950
24 24 0.00 0.001 23 nan nan
24 24 0.00 0.001 24 nan nan
24 24 0.00 0.001 25 -0.000610977978907 0.000458318233565
24 24 0.00 0.001 26 0.000215034372800 0.000439035919960
24 24 0.00 0.001 27 0.000345895915283 0.000486154283213
24 24 0.00 0.001 28 0.000216622952419 0.000376049017223
24 24 0.00 0.001 29 0.000262476385172 0.000484355814887
24 24 0.00 0.001 30 -0.000182035630261 0.000462751865248
24 24 0.00 0.001 31 nan nan
24 24 0.00 0.001 32 nan nan
24 24 0.00 0.001 33 0.000154716601613 0.000485955843490
24 24 0.00 0.001 34 0.000463928630115 0.000386443722716
24 24 0.00 0.001 35 0.000122693649675 0.000439486441306
24 24 0.00 0.001 36 -0.000426868169027 0.000564445582357
24 24 0.00 0.001 37 0.000194359187969 0.000393456052163
24 24 0.00 0.001 38 -0.002497007738850 0.000553738270637
24 24 0.00 0.001 39 -0.005342538838833 0.000555569206157
24 24 0.00 0.001 40 -0.000055852124909 0.000401273305902
24 24 0.00 0.001 41 nan nan
24 24 0.00 0.001 42 -0.018251981023275 0.000541095037232
24 24 0.00 0.001 43 -0.000159346957114 0.000387313541060
24 24 0.00 0.001 44 nan nan
24 24 0.00 0.001 45 nan nan
24 24 0.00 0.001 46 nan nan
24 24 0.00 0.001 47 -0.000521731293249 0.000403138803877
24 24 0.00 0.001 48 0.000208161676309 0.000400592165049
24 24 0.00 0.001 49 0.000213456051175 0.000413436510003
24 24 0.00 0.001 50 nan nan
24 24 0.00 0.001 51 -0.000734021751549 0.000522738795929
24 24 0.00 0.001 52 nan nan
24 24 0.00 0.001 53 nan nan
24 24 0.00 0.001 54 nan nan
24 24 0.00 0.001 55 nan nan
24 24 0.00 0.001 56 0.000431772337737 0.000363230380849
24 24 0.00 0.001 57 0.000022492826873 0.000416584813799
24 24 0.00 0.001 58 nan nan
24 24 0.00 0.001 59 nan nan
24 24 0.00 0.001 60 -0.000281725069943 0.000375709179094
24 24 0.00 0.001 61 -0.000171033670404 0.000370750708397
24 24 0.00 0.001 62 -0.000424087307020 0.000445609180820
24 24 0.00 0.001 63 nan nan
24 24 0.00 0.001 64 -0.000174361647811 0.000358812039242
24 24 0.00 0.001 65 nan nan
24 24 0.00 0.001 66 nan nan
24 24 0.00 0.001 67 nan nan
24 24 0.00 0.001 68 -0.008983654122604 0.000524759729904
24 24 0.00 0.001 69 nan nan
24 24 0.00 0.001 70 -0.000083681376697 0.000387569168121
24 24 0.00 0.001 71 -0.002474834273411 0.000435751645939
24 24 0.00 0.001 72 -0.000426148402204 0.000380526598598
24 24 0.00 0.001 73 -0.000112088745405 0.000382838457037
24 24 0.00 0.001 74 nan nan
24 24 0.00 0.001 75 0.000537181093243 0.000430226357042
24 24 0.00 0.001 76 nan nan
24 24 0.00 0.001 77 nan nan
24 24 0.00 0.001 78 -0.000031266827462 0.000365370287834
24 24 0.00 0.001 79 nan nan
24 24 0.00 0.001 80 -0.000037631491171 0.000323245902365
24 24 0.00 0.001 81 0.000255720966336 0.000311315344761
24 24 0.00 0.001 82 0.000289500790898 0.000347704148846
24 24 0.00 0.001 83 0.000328002993620 0.000317363758220
24 24 0.00 0.001 84 -0.000117928070372 0.000346202843070
24 24 0.00 0.001 85 0.000280381401959 0.000308263128885
24 24 0.00 0.001 86 0.000233026811495 0.000336315473480
24 24 0.00 0.001 87 0.000164122618788 0.000327807054275
24 24 0.00 0.001 88 0.000283522346610 0.000324680160209
24 24 0.00 0.001 89 0.000175978196284 0.000316983970531
24 24 0.00 0.001 90 0.000223744651951 0.000302559484583
24 24 0.00 0.001 91 0.000265313993244 0.000325164413428
24 24 0.00 0.001 92 0.000271437129470 0.000332719683161
24 24 0.00 0.001 93 0.000260841858034 0.000334185943505
24 24 0.00 0.001 94 0.000434935172877 0.000304299045216
24 24 0.00 0.001 95 0.000390975273225 0.000342995230802
24 24 0.00 0.001 96 0.000286442121145 0.000311276075908
24 24 0.00 0.001 97 0.000318482652960 0.000296099893471
24 24 0.00 0.001 98 nan nan
24 24 0.00 0.001 99 0.000231464628156 0.000288341890223
24 24 0.00 0.001 100 0.000218302143395 0.000286778191127
24 24 0.00 0.001 101 0.000224426792837 0.000264041484865
24 24 0.00 0.001 102 0.000153159547899 0.000274229821800
24 24 0.00 0.001 103 0.000233397536631 0.000312488505381
24 24 0.00 0.001 104 0.000133191711562 0.000285541214471
24 24 0.00 0.001 105 0.000136384356873 0.000260751908261
24 24 0.00 0.001 106 0.000038945261191 0.000276292008479
24 24 0.00 0.001 107 0.000080774007464 0.000288468405802
24 24 0.00 0.001 108 0.000258542416813 0.000293005775108
24 24 0.00 0.001 109 0.000140859126192 0.000270476137121
24 24 0.00 0.001 110 -0.000092499549155 0.000314533378150
24 24 0.00 0.001 111 nan nan
24 24 0.00 0.001 112 -0.000041777474413 0.000310996422100
24 24 0.00 0.001 113 0.000121406842786 0.000288904857654
24 24 0.00 0.001 114 nan nan
24 24 0.00 0.001 115 nan nan
24 24 0.00 0.001 116 -0.000068859252293 0.000297466956857
24 24 0.00 0.001 117 -0.000074395838147 0.000315521618793
24 24 0.00 0.001 118 0.000300622891931 0.000272966205947
24 24 0.00 0.001 119 -0.000054502359383 0.000279188558252
24 24 0.00 0.001 120 -0.000058774679469 0.000286365685144
24 24 0.00 0.001 121 -0.000218627263629 0.000263812007321
24 24 0.00 0.001 122 -0.000138467658267 0.000264454303119
24 24 0.00 0.001 123 nan nan
24 24 0.00 0.001 124 -0.000149420806632 0.000252990389048
24 24 0.00 0.001 125 -0.000157505874381 0.000227481005522
24 24 0.00 0.001 126 -0.000077498009738 0.000248280834034
24 24 0.00 0.001 127 -0.000135831266206 0.000229515073518
24 24 0.00 0.001 128 -0.000100736196835 0.000231213369816
24 24 0.00 0.001 129 nan nan
24 24 0.00 0.001 130 0.000051467529387 0.000187921816112
24 24 0.00 0.001 131 -0.000053413833574 0.000252404177912
24 24 0.00 0.001 132 0.000014410772131 0.000257769416305
24 24 0.00 0.001 133 -0.000173371214675 0.000259947247008
24 24 0.00 0.001 134 0.000059016545612 0.000257061959957
24 24 0.00 0.001 135 -0.000026607974535 0.000240752807899
24 24 0.00 0.001 136 0.000039288606276 0.000238271194810
24 24 0.00 0.001 137 -0.000156961125277 0.000248220204338
24 24 0.00 0.001 138 0.000137622837008 0.000256409762148
24 24 0.00 0.001 139 0.000178229850986 0.000253542932522
24 24 0.00 0.001 140 -0.000183193534387 0.000251501780696
24 24 0.00 0.001 141 0.000100123478567 0.000246259512058
24 24 0.00 0.001 142 0.000020402133224 0.000243750772529
24 24 0.00 0.001 143 0.000345266129368 0.000284340162784
24 24 0.00 0.001 144 0.000201957072951 0.000306110937931
24 24 0.00 0.001 145 0.000353377271328 0.000208793511880
24 24 0.00 0.001 146 0.000341156272728 0.000270423793519
24 24 0.00 0.001 147 0.000329379718176 0.000281903796754
24 24 0.00 0.001 148 nan nan
24 24 0.00 0.001 149 0.000423782717857 0.000203187333069
24 24 0.00 0.001 150 0.000326938875740 0.000260783923241
24 24 0.00 0.001 151 0.000333086253417 0.000259255414872
24 24 0.00 0.001 152 0.000476551997717 0.000227311278547
24 24 0.00 0.001 153 0.000246505507100 0.000252990829911
24 24 0.00 0.001 154 0.000009935798853 0.000305664126338
24 24 0.00 0.001 155 0.000207601197759 0.000257049139016
24 24 0.00 0.001 156 -0.000021080408087 0.000250355140934
24 24 0.00 0.001 157 0.000074604202645 0.000247184110970
24 24 0.00 0.001 158 0.000104063221033 0.000312767345904
24 24 0.00 0.001 159 -0.000042329246345 0.000267176732041
24 24 0.00 0.001 160 0.000052963331730 0.000234987357275
24 24 0.00 0.001 161 -0.000119269597899 0.000259763006111
24 24 0.00 0.001 162 0.000024542800318 0.000258120438417
24 24 0.00 0.001 163 -0.000175750516335 0.000260587875356
24 24 0.00 0.001 164 -0.000181560478384 0.000275477231020
24 24 0.00 0.001 165 -0.000204133990188 0.000263974265780
24 24 0.00 0.001 166 -0.000227075900503 0.000275527163646
24 24 0.00 0.001 167 -0.000405194620195 0.000260804356427
24 24 0.00 0.001 168 -0.000293896725439 0.000270935414115
24 24 0.00 0.001 169 -0.000133954886442 0.000254715636771
24 24 0.00 0.001 170 0.000582186762377 0.000269052387354
24 24 0.00 0.001 171 0.000030860833981 0.000262483520114
24 24 0.00 0.001 172 -0.000285152877006 0.000313303178131
24 24 0.00 0.001 173 0.000068716787267 0.000292302946255
24 24 0.00 0.001 174 -0.000288986768011 0.000314298699079
24 24 0.00 0.001 175 0.000011659739273 0.000280370575495
24 24 0.00 0.001 176 -0.000274692769510 0.000315129093798
24 24 0.00 0.001 177 -0.000265555444674 0.000318492234251
24 24 0.00 0.001 178 nan nan
24 24 0.00 0.001 179 0.000208573198821 0.000342503559231
24 24 0.00 0.001 180 0.000699287547685 0.000233096634802
24 24 0.00 0.001 181 0.000845419092014 0.000225254682567
24 24 0.00 0.001 182 -0.000331531023887 0.000319645619703
24 24 0.00 0.001 183 -0.000288951360335 0.000300779039277
24 24 0.00 0.001 184 0.000425921564977 0.000304219980241
24 24 0.00 0.001 185 -0.000143769551816 0.000251582931663
24 24 0.00 0.001 186 -0.000277399557865 0.000300036757565
24 24 0.00 0.001 187 -0.000278208483653 0.000292147627822
24 24 0.00 0.001 188 -0.000241208692084 0.000306086575472
24 24 0.00 0.001 189 -0.000250720140576 0.000301671067891
24 24 0.00 0.001 190 -0.000365260103515 0.000319568137905
24 24 0.00 0.001 191 -0.000207591823026 0.000293547472673
24 24 0.00 0.001 192 -0.000143282139022 0.000304816379981
24 24 0.00 0.001 193 -0.000137242647085 0.000327376105393
24 24 0.00 0.001 194 -0.000314459330154 0.000287435270510
24 24 0.00 0.001 195 0.000010566513144 0.000319220355889
24 24 0.00 0.001 196 0.000073590850517 0.000358422309450
24 24 0.00 0.001 197 0.000430088734812 0.000406291902634
24 24 0.00 0.001 198 nan nan
24 24 0.00 0.001 199 0.000293775812839 0.000352335750082
24 24 0.00 0.001 200 -0.000151486692065 0.000325658457438
24 24 0.00 0.001 201 0.000366972198282 0.000365404569033
24 24 0.00 0.001 202 nan nan
24 24 0.00 0.001 203 0.000336662569602 0.000436617797338
24 24 0.00 0.001 204 0.000424825943860 0.000398612223046
24 24 0.00 0.001 205 0.000521528823589 0.000408694029968
24 24 0.00 0.001 206 -0.005387153828730 0.000361257846280
24 24 0.00 0.001 207 0.000531404391773 0.000390379414922
24 24 0.00 0.001 208 0.000610316163160 0.000388017128638
24 24 0.00 0.001 209 0.000651843227239 0.000395762411316
24 24 0.00 0.001 210 0.000587787456107 0.000401149042742
24 24 0.00 0.001 211 -0.000037480745932 0.000329569058196
24 24 0.00 0.001 212 0.000508561533249 0.000408551740450
24 24 0.00 0.001 213 -0.000041896976391 0.000397160823241
24 24 0.00 0.001 214 nan nan
24 24 0.00 0.001 215 -0.000057300583677 0.000402799675373
24 24 0.00 0.001 216 0.000357072214725 0.000398604312637
24 24 0.00 0.001 217 0.000462839541662 0.000421587755254
24 24 0.00 0.001 218 0.000295224344518 0.000421196407992
24 24 0.00 0.001 219 0.000280676102971 0.000417380026916
24 24 0.00 0.001 220 0.000134373652713 0.000393855311382
24 24 0.00 0.001 221 0.000190397267319 0.000404309076611
24 24 0.00 0.001 222 -0.000196981474676 0.000345777312979
24 24 0.00 0.001 223 0.000205444422847 0.000400469950097
24 24 0.00 0.001 224 -0.002823799103031 0.000602815950248
24 24 0.00 0.001 225 0.000088487476949 0.000390309361936
24 24 0.00 0.001 226 0.000137607915274 0.000382284178166
24 24 0.00 0.001 227 0.000053506005657 0.000411236239217
24 24 0.00 0.001 228 0.000120905852240 0.000469879765646
24 24 0.00 0.001 229 0.000474170364779 0.000401826430491
24 24 0.00 0.001 230 0.000099008159720 0.000442541204120
24 24 0.00 0.001 231 -0.000028669960765 0.000438622661208
24 24 0.00 0.001 232 0.000307858972255 0.000440792706833
24 24 0.00 0.001 233 0.000222039873245 0.000414338176844
24 24 0.00 0.001 234 0.000247372686175 0.000432137663944
24 24 0.00 0.001 235 0.000021661286590 0.000448810262929
24 24 0.00 0.001 236 0.000397401222775 0.000338077321279
24 24 0.00 0.001 237 0.000207744903168 0.000442874842724
24 24 0.00 0.001 238 0.000270123591678 0.000444177604588
24 24 0.00 0.001 239 0.000205464214901 0.000425660753163
24 24 0.00 0.001 240 -0.000044620346867 0.000415356385532
24 24 0.00 0.001 241 0.000019991466440 0.000448754602722
24 24 0.00 0.001 242 0.000228412559423 0.000470478323491
24 24 0.00 0.001 243 0.000045281671072 0.000464626841409
24 24 0.00 0.001 244 0.000186599252105 0.000463430925342
24 24 0.00 0.001 245 0.000312346507149 0.000471783956700
24 24 0.00 0.001 246 0.000280809310513 0.000493955430140
24 24 0.00 0.001 247 -0.000444553873306 0.000355500161104
24 24 0.00 0.001 248 -0.000621975597887 0.000473115564095
24 24 0.00 0.001 249 0.000256538197731 0.000503644095561
24 24 0.00 0.001 250 0.000507655506202 0.000487538387888
24 24 0.00 0.001 251 -0.000795743237788 0.000372238614650
24 24 0.00 0.001 252 0.000417427721036 0.000474059255409
24 24 0.00 0.001 253 -0.000543164119471 0.000434657288655
24 24 0.00 0.001 254 0.000548145195148 0.000520779634168
24 24 0.00 0.001 255 0.000369867113387 0.000520196538136
24 24 0.00 0.001 256 0.000613500575406 0.000484094548786
24 24 0.00 0.001 257 0.000646283983613 0.000481375088776
24 24 0.00 0.001 258 0.000582875943315 0.000491814201673
24 24 0.00 0.001 259 0.000576652193020 0.000501446292531
24 24 0.00 0.001 260 0.000084073300870 0.000528010333850
24 24 0.00 0.001 261 0.000751286656039 0.000502993520763
24 24 0.00 0.001 262 0.000388345790355 0.000514301066525
24 24 0.00 0.001 263 0.000790371116440 0.000494570804127
24 24 0.00 0.001 264 0.000568552020970 0.000516894470031
24 24 0.00 0.001 265 0.000132676526031 0.000578364458921
24 24 0.00 0.001 266 0.000300528354282 0.000474947651200
24 24 0.00 0.001 267 0.000441849564549 0.000509083891211
24 24 0.00 0.001 268 -0.000074477735914 0.000544018249629
24 24 0.00 0.001 269 -0.001123201816055 0.000434770202031
24 24 0.00 0.001 270 0.000215833217354 0.000486617670815
24 24 0.00 0.001 271 0.000185246390029 0.000493166005391
24 24 0.00 0.001 272 0.000096348776718 0.000558949289563
24 24 0.00 0.001 273 -0.000031175509133 0.000494330400729
24 24 0.00 0.001 274 -0.000042140640106 0.000494284840014
24 24 0.00 0.001 275 0.000466263705356 0.000562012857689
24 24 0.00 0.001 276 -0.000171616325356 0.000544146907127
24 24 0.00 0.001 277 -0.000042274287933 0.000538602529581
24 24 0.00 0.001 278 0.000095312895492 0.000576769303378
24 24 0.00 0.001 279 -0.001151735644527 0.000469436013615
24 24 0.00 0.001 280 -0.000102713304807 0.000589320027867
24 24 0.00 0.001 281 -0.000173521520676 0.000575815136572
24 24 0.00 0.001 282 -0.000132942255962 0.000579862662414
24 24 0.00 0.001 283 -0.000176047100050 0.000420810416707
24 24 0.00 0.001 284 -0.001124976666052 0.000434334485996
24 24 0.00 0.001 285 -0.000889878430569 0.000434472960510
24 24 0.00 0.001 286 0.000249587115756 0.000512184600495
24 24 0.00 0.001 287 0.000104199912139 0.000517315350730
24 24 0.00 0.001 288 0.000247205265256 0.000517321219075
24 24 0.05 0.001 0 -0.001150943294250 0.000620649294964
24 24 0.05 0.001 1 -0.000679704572843 0.000632410242985
24 24 0.05 0.001 2 -0.000057403557262 0.000601646431636
24 24 0.05 0.001 3 -0.000739966556994 0.000588934588000
24 24 0.05 0.001 4 -0.000218854901376 0.000664935439540
24 24 0.05 0.001 5 0.000060172617281 0.000586876873574
24 24 0.05 0.001 6 0.000204010061825 0.000562404374180
24 24 0.05 0.001 7 -0.000492068736981 0.000575170223287
24 24 0.05 0.001 8 0.000321038353185 0.000569714567328
24 24 0.05 0.001 9 nan nan
24 24 0.05 0.001 10 -0.000291825111653 0.000382356686296
24 24 0.05 0.001 11 -0.000080772483607 0.000413623727658
24 24 0.05 0.001 12 0.000412076242735 0.000506632427348
24 24 0.05 0.001 13 nan nan
24 24 0.05 0.001 14 -0.000088282916520 0.000387640581459
24 24 0.05 0.001 15 0.000230067895927 0.000481019681763
24 24 0.05 0.001 16 0.000324580969360 0.000409506063212
24 24 0.05 0.001 17 0.000226066655967 0.000477994840477
24 24 0.05 0.001 18 0.000149568721252 0.000483368104368
24 24 0.05 0.001 19 0.000246191110431 0.000439399346073
24 24 0.05 0.001 20 -0.000070442048765 0.000448849486511
24 24 0.05 0.001 21 -0.000220759491932 0.000476320314935
24 24 0.05 0.001 22 -0.000303342678659 0.000442127716644
24 24 0.05 0.001 23 -0.000733837049803 0.000510360479638
24 24 0.05 0.001 24 -0.000529844620465 0.000435591927976
24 24 0.05 0.001 25 -0.000377554429910 0.000490212966917
24 24 0.05 0.001 26 0.000058766847909 0.000449976996845
24 24 0.05 0.001 27 -0.000597793894063 0.000408766181589
24 24 0.05 0.001 28 -0.000428888125455 0.000480816568396
24 24 0.05 0.001 29 -0.000674423234616 0.000435837952761
24 24 0.05 0.001 30 -0.000040030127129 0.000431663553828
24 24 0.05 0.001 31 -0.000718459439612 0.000461879530739
24 24 0.05 0.001 32 -0.000702328745415 0.000500297950784
24 24 0.05 0.001 33 -0.000836524785931 0.000494453539033
24 24 0.05 0.001 34 -0.000909189426096 0.000502444958432
24 24 0.05 0.001 35 -0.000771000791246 0.000528325000660
24 24 0.05 0.001 36 -0.000429831664204 0.000421993680567
24 24 0.05 0.001 37 -0.000339374704263 0.000424656251158
24 24 0.05 0.001 38 -0.000812207079943 0.000526880246394
24 24 0.05 0.001 39 -0.000001557173357 0.000462945056651
24 24 0.05 0.001 40 -0.000154625190459 0.000434299702353
24 24 0.05 0.001 41 -0.000704649426552 0.000541850795133
24 24 0.05 0.001 42 -0.000731481611168 0.000541535360067
24 24 0.05 0.001 43 0.000548886059610 0.000413056925310
24 24 0.05 0.001 44 -0.000090014267093 0.000416694782405
24 24 0.05 0.001 45 -0.000137298537197 0.000547150604291
24 24 0.05 0.001 46 -0.000357063796435 0.000402773250948
24 24 0.05 0.001 47 -0.000554878811606 0.000484892758240
24 24 0.05 0.001 48 -0.000022094976239 0.000460252717318
24 24 0.05 0.001 49 0.000674411591693 0.000425360234734
24 24 0.05 0.001 50 -0.000242981610361 0.000390432241997
24 24 0.05 0.001 51 -0.000105105488141 0.000494878864728
24 24 0.05 0.001 52 -0.000066319784923 0.000471838626649
24 24 0.05 0.001 53 -0.000151923975908 0.000426015055366
24 24 0.05 0.001 54 -0.000029954142612 0.000448166890368
24 24 0.05 0.001 55 0.000010145444852 0.000452709957730
24 24 0.05 0.001 56 -0.000013146203657 0.000446270733297
24 24 0.05 0.001 57 -0.000065609534325 0.000484777775044
24 24 0.05 0.001 58 0.000144642468784 0.000420003450439
24 24 0.05 0.001 59 0.000086088908176 0.000468328279082
24 24 0.05 0.001 60 0.000037306649948 0.000467885901607
24 24 0.05 0.001 61 -0.000626254829528 0.000441946236598
24 24 0.05 0.001 62 0.000457685385412 0.000464923607453
24 24 0.05 0.001 63 -0.000625876806060 0.000413999664170
24 24 0.05 0.001 64 0.000349286712790 0.000454513381841
24 24 0.05 0.001 65 -0.000213080565727 0.000384621078911
24 24 0.05 0.001 66 0.000258545938171 0.000420601107941
24 24 0.05 0.001 67 0.000224214668799 0.000427590894333
24 24 0.05 0.001 68 0.000248098109401 0.000409328272698
24 24 0.05 0.001 69 -0.000649567055209 0.000423617487835
24 24 0.05 0.001 70 0.000198590679649 0.000384960799425
24 24 0.05 0.001 71 0.000296297376885 0.000394804643286
24 24 0.05 0.001 72 0.000392571481511 0.000375107619505
24 24 0.05 0.001 73 nan nan
24 24 0.05 0.001 74 0.000261711353221 0.000362614607651
24 24 0.05 0.001 75 0.000183502617415 0.000343407018182
24 24 0.05 0.001 76 -0.000233173344730 0.000376908691515
24 24 0.05 0.001 77 0.000224991320729 0.000322042066754
24 24 0.05 0.001 78 0.000240063613049 0.000321644585088
24 24 0.05 0.001 79 0.000146882241158 0.000306563431574
24 24 0.05 0.001 80 0.000143061869140 0.000321345797172
24 24 0.05 0.001 81 -0.000347575836832 0.000308790479626
24 24 0.05 0.001 82 0.000185386521523 0.000318850192015
24 24 0.05 0.001 83 0.000307051299474 0.000317029273189
24 24 0.05 0.001 84 0.000220904827348 0.000333352264517
24 24 0.05 0.001 85 0.000166846572147 0.000305816046455
24 24 0.05 0.001 86 0.000361041955647 0.000334448050078
24 24 0.05 0.001 87 0.000175782393083 0.000325599527321
24 24 0.05 0.001 88 0.000268646332496 0.000330992200023
24 24 0.05 0.001 89 -0.010509613816964 0.000498375284050
24 24 0.05 0.001 90 0.000258739008965 0.000314847982547
24 24 0.05 0.001 91 0.000304574729866 0.000324558309488
24 24 0.05 0.001 92 0.000109699067507 0.000306742317121
24 24 0.05 0.001 93 0.000225350889356 0.000301851117749
24 24 0.05 0.001 94 0.000456716252120 0.000304313731436
24 24 0.05 0.001 95 0.000261112685767 0.000310938555260
24 24 0.05 0.001 96 0.000125060506899 0.000317634342117
24 24 0.05 0.001 97 0.000155677481634 0.000296762765772
24 24 0.05 0.001 98 0.000139225422031 0.000285249283826
24 24 0.05 0.001 99 0.000201556513008 0.000292742936374
24 24 0.05 0.001 100 0.000261330754456 0.000289935390297
24 24 0.05 0.001 101 0.000234133351520 0.000269935161489
24 24 0.05 0.001 102 -0.011603728361566 0.000449959746088
24 24 0.05 0.001 103 0.000137167415682 0.000264094152035
24 24 0.05 0.001 104 0.000142789759688 0.000269554454905
24 24 0.05 0.001 105 0.000128871888714 0.000254593314382
24 24 0.05 0.001 106 0.000187214652810 0.000271321678929
24 24 0.05 0.001 107 0.000142469661230 0.000261784749869
24 24 0.05 0.001 108 0.000295579704706 0.000295214437624
24 24 0.05 0.001 109 0.000223157643716 0.000265476251399
24 24 0.05 0.001 110 -0.000129553054377 0.000311113201513
24 24 0.05 0.001 111 0.000564381692038 0.000291553705821
24 24 0.05 0.001 112 0.000126058027077 0.000283468248271
24 24 0.05 0.001 113 0.000152005302330 0.000287802632385
24 24 0.05 0.001 114 0.000109336250095 0.000287506430067
24 24 0.05 0.001 115 0.000563857456302 0.000285415315562
24 24 0.05 0.001 116 0.000111375687355 0.000280630403574
24 24 0.05 0.001 117 0.000668734280478 0.000279828260138
24 24 0.05 0.001 118 0.000539864104254 0.000265917416178
24 24 0.05 0.001 119 -0.000035092893780 0.000277181476111
24 24 0.05 0.001 120 -0.000062425323618 0.000278634105515
24 24 0.05 0.001 121 -0.000227972072792 0.000285470777594
24 24 0.05 0.001 122 0.000233215491861 0.000272936510925
24 24 0.05 0.001 123 -0.000159420753048 0.000259401825610
24 24 0.05 0.001 124 0.000151498691135 0.000276448102844
24 24 0.05 0.001 125 -0.000049073910880 0.000246483586910
24 24 0.05 0.001 126 -0.000168605208750 0.000231337903622
24 24 0.05 0.001 127 -0.000139655536647 0.000251313078656
24 24 0.05 0.001 128 -0.000113606259771 0.000251916739533
24 24 0.05 0.001 129 -0.000252903132990 0.000264955600229
24 24 0.05 0.001 130 -0.000097048761454 0.000255360749116
24 24 0.05 0.001 131 -0.000063511606595 0.000250340183340
24 24 0.05 0.001 132 -0.000000332130612 0.000256058818933
24 24 0.05 0.001 133 -0.000196926345787 0.000302015327250
24 24 0.05 0.001 134 0.000041528543005 0.000256211804665
24 24 0.05 0.001 135 -0.000299220457181 0.000260083210962
24 24 0.05 0.001 136 0.000029729811099 0.000237829771553
24 24 0.05 0.001 137 -0.000269144773733 0.000252495876416
24 24 0.05 0.001 138 -0.000105998517927 0.000216175172722
24 24 0.05 0.001 139 -0.000271442897715 0.000249228010446
24 24 0.05 0.001 140 0.000053575848478 0.000220431330347
24 24 0.05 0.001 141 -0.000291731290018 0.000276413346120
24 24 0.05 0.001 142 0.000035900012208 0.000243005690550
24 24 0.05 0.001 143 -0.000342452324573 0.000246924141281
24 24 0.05 0.001 144 -0.000353231719941 0.000212788366416
24 24 0.05 0.001 145 -0.000213956966756 0.000266538565529
24 24 0.05 0.001 146 -0.000253851310489 0.000221710428768
24 24 0.05 0.001 147 -0.000143876707918 0.000217540508464
24 24 0.05 0.001 148 0.000387393214958 0.000197373155305
24 24 0.05 0.001 149 -0.000036858848806 0.000262560223534
24 24 0.05 0.001 150 0.000114862369911 0.000250668565489
24 24 0.05 0.001 151 -0.000046038453748 0.000223857025093
24 24 0.05 0.001 152 -0.000083514791692 0.000225873279489
24 24 0.05 0.001 153 0.000018018739783 0.000224893454525
24 24 0.05 0.001 154 -0.000003752516716 0.000305995690545
24 24 0.05 0.001 155 0.000360172122578 0.000247474207312
24 24 0.05 0.001 156 0.000031347303431 0.000215253619680
24 24 0.05 0.001 157 0.000138921758769 0.000238211745294
24 24 0.05 0.001 158 -0.000009626099170 0.000246595417649
24 24 0.05 0.001 159 -0.000023759123924 0.000233262532320
24 24 0.05 0.001 160 0.000061964337108 0.000235570464361
24 24 0.05 0.001 161 0.000051292657608 0.000236890913556
24 24 0.05 0.001 162 -0.000043117355459 0.000199131090777
24 24 0.05 0.001 163 0.000025976077994 0.000227803664270
24 24 0.05 0.001 164 0.000031988887230 0.000221842624048
24 24 0.05 0.001 165 0.000158628202188 0.000303900158374
24 24 0.05 0.001 166 -0.000104429555456 0.000239469900629
24 24 0.05 0.001 167 -0.000133957724677 0.000246943770313
24 24 0.05 0.001 168 0.000001615622014 0.000281358927156
24 24 0.05 0.001 169 -0.000125842363235 0.000256909641320
24 24 0.05 0.001 170 0.000014558483500 0.000267318898476
24 24 0.05 0.001 171 0.000045574833663 0.000265218341749
24 24 0.05 0.001 172 -0.000005551121799 0.000265084537079
24 24 0.05 0.001 173 0.000076165225837 0.000291621483751
24 24 0.05 0.001 174 0.000055383677205 0.000288943015865
24 24 0.05 0.001 175 0.000813171514496 0.000238599415711
24 24 0.05 0.001 176 0.000079367346603 0.000307257349757
24 24 0.05 0.001 177 0.000091413623927 0.000310469127966
24 24 0.05 0.001 178 0.000135001430056 0.000305470090518
24 24 0.05 0.001 179 nan nan
24 24 0.05 0.001 180 0.000295331931249 0.000284755439136
24 24 0.05 0.001 181 -0.005222603798047 0.000310621553212
24 24 0.05 0.001 182 nan nan
24 24 0.05 0.001 183 0.000702038047753 0.000248038943684
24 24 0.05 0.001 184 -0.000063681362649 0.000246346127648
24 24 0.05 0.001 185 0.000284059351045 0.000301069033382
24 24 0.05 0.001 186 0.000300718672471 0.000291136014747
24 24 0.05 0.001 187 -0.000172758101635 0.000248943928056
24 24 0.05 0.001 188 0.000355793336882 0.000307751446146
24 24 0.05 0.001 189 0.000318013167056 0.000315066688490
24 24 0.05 0.001 190 0.000303933646144 0.000347610004227
24 24 0.05 0.001 191 0.000452863662782 0.000344085518578
24 24 0.05 0.001 192 0.000269694780567 0.000360881278704
24 24 0.05 0.001 193 0.000430173880440 0.000321047428233
24 24 0.05 0.001 194 0.000474918484938 0.000412909376295
24 24 0.05 0.001 195 0.000384744762390 0.000391052422926
24 24 0.05 0.001 196 0.000486229960593 0.000403744826805
24 24 0.05 0.001 197 0.000549715484188 0.000340224608206
24 24 0.05 0.001 198 0.000430539503945 0.000415997550098
24 24 0.05 0.001 199 0.000282501624420 0.000418779595263
24 24 0.05 0.001 200 0.000564177137526 0.000345055785297
24 24 0.05 0.001 201 0.000306672010722 0.000424701032482
24 24 0.05 0.001 202 -0.000047786494879 0.000304327909452
24 24 0.05 0.001 203 0.000115788774688 0.000367740774734
24 24 0.05 0.001 204 0.000089049253173 0.000447411464310
24 24 0.05 0.001 205 nan nan
24 24 0.05 0.001 206 0.000230832048521 0.000443092134438
24 24 0.05 0.001 207 0.000412679745397 0.000357839217722
24 24 0.05 0.001 208 -0.000006754377903 0.000430179416639
24 24 0.05 0.001 209 -0.000144162469235 0.000349516985752
24 24 0.05 0.001 210 0.000042853566928 0.000352438633329
24 24 0.05 0.001 211 -0.000016773785006 0.000397352457910
24 24 0.05 0.001 212 0.000006633317216 0.000340818608715
24 24 0.05 0.001 213 -0.000089549793028 0.000384566028005
24 24 0.05 0.001 214 0.000044996221989 0.000393876011290
24 24 0.05 0.001 215 -0.000255391429513 0.000345230626415
24 24 0.05 0.001 216 0.000039053190123 0.000358905194443
24 24 0.05 0.001 217 0.000104398171990 0.000389611203302
24 24 0.05 0.001 218 0.000033910270740 0.000375506733760
24 24 0.05 0.001 219 nan nan
24 24 0.05 0.001 220 -0.000290236932930 0.000359069867701
24 24 0.05 0.001 221 0.000263504978851 0.000344916150592
24 24 0.05 0.001 222 0.000083867957357 0.000361135168242
24 24 0.05 0.001 223 0.000135376656771 0.000377573770492
24 24 0.05 0.001 224 0.000304836477499 0.000364699175935
24 24 0.05 0.001 225 0.000234650986115 0.000381606940896
24 24 0.05 0.001 226 0.000368232446879 0.000418388485360
24 24 0.05 0.001 227 0.000224029050883 0.000385542644758
24 24 0.05 0.001 228 0.000196478311640 0.000375080224108
24 24 0.05 0.001 229 0.000500765597264 0.000414141072865
24 24 0.05 0.001 230 0.000444385772002 0.000401897656827
24 24 0.05 0.001 231 0.000248695017498 0.000408583421140
24 24 0.05 0.001 232 nan nan
24 24 0.05 0.001 233 0.000364812708125 0.000381332714103
24 24 0.05 0.001 234 -0.000106526742290 0.000426081303805
24 24 0.05 0.001 235 0.000202058277935 0.000359392311705
24 24 0.05 0.001 236 -0.000091001540578 0.000358703641314
24 24 0.05 0.001 237 -0.000020124655237 0.000448486014574
24 24 0.05 0.001 238 -0.000156898433222 0.000379378349581
24 24 0.05 0.001 239 0.020871056912895 0.000471285259743
24 24 0.05 0.001 240 -0.000041662023803 0.000415561714113
24 24 0.05 0.001 241 -0.000218872418922 0.000392833815863
24 24 0.05 0.001 242 -0.000135576376134 0.000389713987512
24 24 0.05 0.001 243 -0.000361091023357 0.000383247923836
24 24 0.05 0.001 244 -0.000288161428257 0.000374703456012
24 24 0.05 0.001 245 -0.000637181153507 0.000354228883379
24 24 0.05 0.001 246 0.000686891576345 0.000458182077165
24 24 0.05 0.001 247 0.000692470965073 0.000467928196841
24 24 0.05 0.001 248 nan nan
24 24 0.05 0.001 249 0.000578443822164 0.000487525222988
24 24 0.05 0.001 250 -0.000763702727770 0.000466603597063
24 24 0.05 0.001 251 0.000633425256896 0.000485570537568
24 24 0.05 0.001 252 -0.000573130119156 0.000402939673699
24 24 0.05 0.001 253 -0.000662356109020 0.000444445365527
24 24 0.05 0.001 254 -0.000857997017584 0.000457393528695
24 24 0.05 0.001 255 0.034635229362094 0.000576336600139
24 24 0.05 0.001 256 -0.000629688950708 0.000480304661276
24 24 0.05 0.001 257 0.000396221782527 0.000504218514213
24 24 0.05 0.001 258 0.000385540838370 0.000532978271959
24 24 0.05 0.001 259 -0.000714879099113 0.000505127684916
24 24 0.05 0.001 260 nan nan
24 24 0.05 0.001 261 -0.000855570789544 0.000511916057813
24 24 0.05 0.001 262 -0.000664451501960 0.000506445646907
24 24 0.05 0.001 263 -0.000610424143508 0.000476263759683
24 24 0.05 0.001 264 -0.000726629076080 0.000491433482475
24 24 0.05 0.001 265 0.000059399293396 0.000592655901361
24 24 0.05 0.001 266 0.000265063165136 0.000424906236930
24 24 0.05 0.001 267 0.000320782275376 0.000454502525133
24 24 0.05 0.001 268 0.000176846356268 0.000562667273432
24 24 0.05 0.001 269 -0.000004983133369 0.000568411930004
24 24 0.05 0.001 270 nan nan
24 24 0.05 0.001 271 nan nan
24 24 0.05 0.001 272 0.000035574967691 0.000558134484369
24 24 0.05 0.001 273 -0.000054273911425 0.000551323451978
24 24 0.05 0.001 274 -0.000381748808308 0.000472668376573
24 24 0.05 0.001 275 -0.000992523686421 0.000473337551625
24 24 0.05 0.001 276 0.000029727027404 0.000554458788395
24 24 0.05 0.001 277 -0.001326520611720 0.000486562307807
24 24 0.05 0.001 278 -0.001275149624360 0.000471190783409
24 24 0.05 0.001 279 nan nan
24 24 0.05 0.001 280 -0.000178402556404 0.000447665740446
24 24 0.05 0.001 281 -0.001028993771949 0.000479672263062
24 24 0.05 0.001 282 -0.001067779984685 0.000466686514163
24 24 0.05 0.001 283 -0.000327214932620 0.000422966031190
24 24 0.05 0.001 284 -0.001067557965606 0.000433430236720
24 24 0.05 0.001 285 -0.000816709782954 0.000429879032233
24 24 0.05 0.001 286 0.029609323425417 0.000678888017329
24 24 0.05 0.001 287 0.000653109739982 0.000450425060160
24 24 0.05 0.001 288 -0.000406521007820 0.000383425086390
24 24 0.10 0.001 0 -0.000551063959165 0.000944666031785
24 24 0.10 0.001 1 -0.001363290413975 0.000705775793628
24 24 0.10 0.001 2 0.000589604620620 0.000667654178024
24 24 0.10 0.001 3 -0.001032416869976 0.000671188312798
24 24 0.10 0.001 4 -0.001237437375407 0.000624688283734
24 24 0.10 0.001 5 -0.001032528436631 0.000568484293805
24 24 0.10 0.001 6 -0.223881141307915 0.000727541664248
24 24 0.10 0.001 7 -0.000334052633259 0.000624330852872
24 24 0.10 0.001 8 -0.000241234290250 0.000594270093920
24 24 0.10 0.001 9 -0.000686234811288 0.000516673391477
24 24 0.10 0.001 10 -0.000197405501422 0.000548556233629
24 24 0.10 0.001 11 -0.000379561347631 0.000635082928681
24 24 0.10 0.001 12 -0.000294845336299 0.000406780438950
24 24 0.10 0.001 13 -0.000312606174804 0.000536249444272
24 24 0.10 0.001 14 -0.000237109215403 0.000471056331250
24 24 0.10 0.001 15 -0.000417302740479 0.000490206741494
24 24 0.10 0.001 16 0.000213611251285 0.000507464063606
24 24 0.10 0.001 17 -0.000116744824122 0.000468288629559
24 24 0.10 0.001 18 0.000099573153234 0.000518532888677
24 24 0.10 0.001 19 0.000051064218785 0.000479861999150
24 24 0.10 0.001 20 -0.000390660106810 0.000575070349259
24 24 0.10 0.001 21 -0.000346070128017 0.000513570907344
24 24 0.10 0.001 22 0.000054833935251 0.000564123729083
24 24 0.10 0.001 23 -0.000706242552008 0.000617535959768
24 24 0.10 0.001 24 -0.000003668406049 0.000573485453531
24 24 0.10 0.001 25 0.000416015823929 0.000564388412177
24 24 0.10 0.001 26 0.000134384891450 0.000508669500198
24 24 0.10 0.001 27 nan nan
24 24 0.10 0.001 28 -0.000071927419859 0.000514173733177
24 24 0.10 0.001 29 -0.000060996966471 0.000537220925614
24 24 0.10 0.001 30 nan nan
24 24 0.10 0.001 31 -0.000109508396389 0.000527301720501
24 24 0.10 0.001 32 -0.000157792627221 0.000517702493616
24 24 0.10 0.001 33 -0.000064328914134 0.000507741169622
24 24 0.10 0.001 34 -0.110668024809257 0.000818365311004
24 24 0.10 0.001 35 -0.000069871743882 0.000501765492378
24 24 0.10 0.001 36 -0.048189798097554 0.000701215529677
24 24 0.10 0.001 37 -0.000132090083691 0.000509854113804
24 24 0.10 0.001 38 0.000364328433160 0.000496045348118
24 24 0.10 0.001 39 0.000309414679515 0.000575444933688
24 24 0.10 0.001 40 0.000199540206977 0.000475550138671
24 24 0.10 0.001 41 0.000132280494238 0.000517943285850
24 24 0.10 0.001 42 0.000282279443808 0.000589803219818
24 24 0.10 0.001 43 0.000397294814209 0.000588162982546
24 24 0.10 0.001 44 0.000377581690162 0.000592178456305
24 24 0.10 0.001 45 0.000305671906173 0.000621700617934
24 24 0.10 0.001 46 0.000239497443637 0.000607387257159
24 24 0.10 0.001 47 0.000010790760814 0.000482217829918
24 24 0.10 0.001 48 -0.000116194491571 0.000616072173198
24 24 0.10 0.001 49 0.000756312343367 0.000524526580346
24 24 0.10 0.001 50 0.000063174489424 0.000587430058231
24 24 0.10 0.001 51 0.001053085956112 0.000506912820292
24 24 0.10 0.001 52 0.000521832673547 0.000505356352691
24 24 0.10 0.001 53 0.000567273912922 0.000511263634028
24 24 0.10 0.001 54 -0.000669011342409 0.000504608522592
24 24 0.10 0.001 55 -0.000864546265055 0.000500480725822
24 24 0.10 0.001 56 -0.000686976131154 0.000494897677590
24 24 0.10 0.001 57 -0.000878439687609 0.000510333064158
24 24 0.10 0.001 58 -0.000712844151919 0.000503841871177
24 24 0.10 0.001 59 -0.000810365283452 0.000498930952638
24 24 0.10 0.001 60 0.000819219042489 0.000408920631894
24 24 0.10 0.001 61 0.000655393433242 0.000393630332319
24 24 0.10 0.001 62 0.001012119386246 0.000527778359875
24 24 0.10 0.001 63 0.000925952609098 0.000488313667184
24 24 0.10 0.001 64 0.000173717984864 0.000398576768374
24 24 0.10 0.001 65 0.000240302989406 0.000405970171247
24 24 0.10 0.001 66 nan nan
24 24 0.10 0.001 67 0.000878019047208 0.000508102724457
24 24 0.10 0.001 68 0.000739562263346 0.000524531241563
24 24 0.10 0.001 69 0.000627238880770 0.000542590538582
24 24 0.10 0.001 70 0.000696745320200 0.000510771931118
24 24 0.10 0.001 71 -0.000451098099175 0.000477520384730
24 24 0.10 0.001 72 0.000639826996511 0.000525521980371
24 24 0.10 0.001 73 -0.000032012877713 0.000423379815058
24 24 0.10 0.001 74 0.000400415467650 0.000495505312243
24 24 0.10 0.001 75 0.000337793382813 0.000493894081021
24 24 0.10 0.001 76 0.000313467382228 0.000483391575793
24 24 0.10 0.001 77 -0.000657830148975 0.000379500053760
24 24 0.10 0.001 78 -0.000632872620718 0.000360899777031
24 24 0.10 0.001 79 -0.000417494066533 0.000504352986899
24 24 0.10 0.001 80 -0.000665451989821 0.000382093657908
24 24 0.10 0.001 81 0.000061647717406 0.000429241137601
24 24 0.10 0.001 82 0.000186335891664 0.000402218422696
24 24 0.10 0.001 83 -0.000096692243787 0.000450530581127
24 24 0.10 0.001 84 0.000233703241544 0.000442863232784
24 24 0.10 0.001 85 0.000577725239691 0.000421034687006
24 24 0.10 0.001 86 0.000120212021479 0.000391512506393
24 24 0.10 0.001 87 0.000103091538791 0.000374842773622
24 24 0.10 0.001 88 0.000238797459471 0.000379093219053
24 24 0.10 0.001 89 nan nan
24 24 0.10 0.001 90 -0.000253477537023 0.000356457029835
24 24 0.10 0.001 91 0.000380763909483 0.000354151910910
24 24 0.10 0.001 92 -0.000362841177730 0.000364415442396
24 24 0.10 0.001 93 0.000264015137366 0.000350952142684
24 24 0.10 0.001 94 0.000529388548101 0.000343464555450
24 24 0.10 0.001 95 -0.000417888450702 0.000404379370613
24 24 0.10 0.001 96 0.000213545246070 0.000348247673488
24 24 0.10 0.001 97 -0.000846427692108 0.000308110769260
24 24 0.10 0.001 98 0.000239426735800 0.000319657338304
24 24 0.10 0.001 99 0.000305526332210 0.000335540079410
24 24 0.10 0.001 100 0.000378175728179 0.000331700738542
24 24 0.10 0.001 101 0.000262273521062 0.000323648554187
24 24 0.10 0.001 102 -0.000068433127364 0.000319619587386
24 24 0.10 0.001 103 0.000404699831871 0.000321348338822
24 24 0.10 0.001 104 -0.000875522714506 0.000332347064641
24 24 0.10 0.001 105 0.000379353465766 0.000313599008093
24 24 0.10 0.001 106 0.000145177171879 0.000319389426378
24 24 0.10 0.001 107 0.000287850209377 0.000279879593637
24 24 0.10 0.001 108 0.000423177366869 0.000318340545181
24 24 0.10 0.001 109 nan nan
24 24 0.10 0.001 110 0.000238982018021 0.000313601718915
24 24 0.10 0.001 111 0.000350478886215 0.000287590842049
24 24 0.10 0.001 112 0.000197698103872 0.000302927334348
24 24 0.10 0.001 113 -0.000297641882844 0.000329530520397
24 24 0.10 0.001 114 0.000494371746789 0.000277455668149
24 24 0.10 0.001 115 0.000102047491043 0.000284531711177
24 24 0.10 0.001 116 0.000138782501162 0.000284301671832
24 24 0.10 0.001 117 0.000270384382791 0.000316259918138
24 24 0.10 0.001 118 0.000066216602510 0.000293139312153
24 24 0.10 0.001 119 -0.000028916583437 0.000288841565895
24 24 0.10 0.001 120 0.000257824866091 0.000307142928697
24 24 0.10 0.001 121 0.000559819154186 0.000296435028193
24 24 0.10 0.001 122 nan nan
24 24 0.10 0.001 123 -0.000086746309758 0.000261772099905
24 24 0.10 0.001 124 -0.000305224668567 0.000288183360069
24 24 0.10 0.001 125 -0.000090407582564 0.000258872227648
24 24 0.10 0.001 126 nan nan
24 24 0.10 0.001 127 -0.000192737533290 0.000264439856728
24 24 0.10 0.001 128 -0.000041680591329 0.000205954962767
24 24 0.10 0.001 129 -0.000323041500442 0.000281339481436
24 24 0.10 0.001 130 -0.000289797417617 0.000292875269114
24 24 0.10 0.001 131 -0.000377492511073 0.000241937782325
24 24 0.10 0.001 132 -0.000299488627129 0.000288601762112
24 24 0.10 0.001 133 nan nan
24 24 0.10 0.001 134 -0.000138314639862 0.000261009035994
24 24 0.10 0.001 135 -0.000352947718587 0.000260080474040
24 24 0.10 0.001 136 -0.000295657778132 0.000254959133847
24 24 0.10 0.001 137 nan nan
24 24 0.10 0.001 138 -0.000300313354593 0.000246926564690
24 24 0.10 0.001 139 -0.003158193764437 0.000474069233119
24 24 0.10 0.001 140 0.000042527291753 0.000220127622669
24 24 0.10 0.001 141 0.000044741078511 0.000258904000233
24 24 0.10 0.001 142 -0.000318467140077 0.000236101554391
24 24 0.10 0.001 143 -0.000360713978150 0.000247226314859
24 24 0.10 0.001 144 0.000335172393995 0.000227028251692
24 24 0.10 0.001 145 -0.000151090700128 0.000290407002149
24 24 0.10 0.001 146 -0.000277404017503 0.000228840953514
24 24 0.10 0.001 147 -0.000129639791587 0.000231436641156
24 24 0.10 0.001 148 -0.000122965599660 0.000237750338977
24 24 0.10 0.001 149 -0.000142816160151 0.000231105662045
24 24 0.10 0.001 150 -0.000097582927312 0.000230500585764
24 24 0.10 0.001 151 0.000410837352498 0.000216359950026
24 24 0.10 0.001 152 nan nan
24 24 0.10 0.001 153 0.000149632977042 0.000284493386464
24 24 0.10 0.001 154 -0.000013572724741 0.000254653605914
24 24 0.10 0.001 155 -0.000049017786409 0.000251071452051
24 24 0.10 0.001 156 0.000398912504939 0.000271172709921
24 24 0.10 0.001 157 0.000101517110241 0.000288907707695
24 24 0.10 0.001 158 0.000060564176086 0.000312631744089
24 24 0.10 0.001 159 -0.000031132786379 0.000308045597034
24 24 0.10 0.001 160 0.000069310649011 0.000249475276581
24 24 0.10 0.001 161 -0.000065365426564 0.000253121709143
24 24 0.10 0.001 162 -0.000081043021665 0.000238627473552
24 24 0.10 0.001 163 nan nan
24 24 0.10 0.001 164 0.003530753758695 0.000594068765132
24 24 0.10 0.001 165 0.000017596655968 0.000254495077664
24 24 0.10 0.001 166 0.000488853177258 0.000281488979974
24 24 0.10 0.001 167 -0.000046508680052 0.000269238140068
24 24 0.10 0.001 168 -0.000366255701132 0.000261682212026
24 24 0.10 0.001 169 -0.000122995445479 0.000297167217995
24 24 0.10 0.001 170 0.000106703447187 0.000294007080647
24 24 0.10 0.001 171 nan nan
24 24 0.10 0.001 172 -0.000398849654676 0.000281456578854
24 24 0.10 0.001 173 nan nan
24 24 0.10 0.001 174 0.000057861033626 0.000310736396399
24 24 0.10 0.001 175 0.000076559123908 0.000314084632376
24 24 0.10 0.001 176 -0.000372938247151 0.000296568265257
24 24 0.10 0.001 177 -0.000109825685299 0.000297673843895
24 24 0.10 0.001 178 0.000605879351172 0.000303321365726
24 24 0.10 0.001 179 0.000072958435875 0.000369874294114
24 24 0.10 0.001 180 0.000249832581677 0.000310741958670
24 24 0.10 0.001 181 -0.000074462177210 0.000271957791085
24 24 0.10 0.001 182 0.000087960067528 0.000312208433774
24 24 0.10 0.001 183 nan nan
24 24 0.10 0.001 184 0.000261478091954 0.000323118728156
24 24 0.10 0.001 185 0.000510601577821 0.000313183588875
24 24 0.10 0.001 186 0.000218103861359 0.000315080022641
24 24 0.10 0.001 187 0.000288798494389 0.000342092288375
24 24 0.10 0.001 188 0.000270601333910 0.000339397864266
24 24 0.10 0.001 189 -0.000240694151591 0.000320363465488
24 24 0.10 0.001 190 -0.000146281031469 0.000327206125709
24 24 0.10 0.001 191 -0.000210351216095 0.000346108016614
24 24 0.10 0.001 192 0.000147490021917 0.000330191899193
24 24 0.10 0.001 193 -0.000095554697621 0.000317376592660
24 24 0.10 0.001 194 0.000670408812345 0.000364449081318
24 24 0.10 0.001 195 -0.000300398334568 0.000328542361712
24 24 0.10 0.001 196 -0.000359919716202 0.000305703235003
24 24 0.10 0.001 197 0.000768066158804 0.000380982828897
24 24 0.10 0.001 198 nan nan
24 24 0.10 0.001 199 0.000218434243089 0.000473603479708
24 24 0.10 0.001 200 0.000187158039218 0.000470203549169
24 24 0.10 0.001 201 0.000206120671344 0.000478480846571
24 24 0.10 0.001 202 0.000033588528377 0.000380171954778
24 24 0.10 0.001 203 0.000687906312287 0.000382261678516
24 24 0.10 0.001 204 0.000543313098494 0.000391606392448
24 24 0.10 0.001 205 nan nan
24 24 0.10 0.001 206 0.000306059632225 0.000360900593278
24 24 0.10 0.001 207 -0.000019218817983 0.000496064585608
24 24 0.10 0.001 208 nan nan
24 24 0.10 0.001 209 0.000438327809706 0.000509414336998
24 24 0.10 0.001 210 -0.000175983966509 0.000453779324309
24 24 0.10 0.001 211 0.000057946196983 0.000381400885992
24 24 0.10 0.001 212 0.000218690392965 0.000406345961821
24 24 0.10 0.001 213 -0.000113846374507 0.000449708266497
24 24 0.10 0.001 214 0.000166382500376 0.000479393377550
24 24 0.10 0.001 215 nan nan
24 24 0.10 0.001 216 -0.000181686536789 0.000457066526292
24 24 0.10 0.001 217 0.000442321608059 0.000430197653737
24 24 0.10 0.001 218 0.000258509971735 0.000410320505709
24 24 0.10 0.001 219 0.000539987674618 0.000435388094209
24 24 0.10 0.001 220 -0.000498379530022 0.000464631832745
24 24 0.10 0.001 221 0.000174567817285 0.000432370409037
24 24 0.10 0.001 222 0.000142234138019 0.000563630744829
24 24 0.10 0.001 223 nan nan
24 24 0.10 0.001 224 0.000835571005382 0.000499764934136
24 24 0.10 0.001 225 0.001027181184362 0.000504866445929
24 24 0.10 0.001 226 0.015573633084732 0.000682245485749
24 24 0.10 0.001 227 0.000213123020034 0.000557526385233
24 24 0.10 0.001 228 0.000315263518180 0.000493277512087
24 24 0.10 0.001 229 nan nan
24 24 0.10 0.001 230 -0.000117515662280 0.000601049605053
24 24 0.10 0.001 231 nan nan
24 24 0.10 0.001 232 -0.000103946197952 0.000422883179814
24 24 0.10 0.001 233 0.000495986182209 0.000494232301064
24 24 0.10 0.001 234 0.000352909415793 0.000475745465500
24 24 0.10 0.001 235 0.000037601141658 0.000462152796292
24 24 0.10 0.001 236 0.000206353876016 0.000476580085430
24 24 0.10 0.001 237 0.036702464300508 0.000850855980214
24 24 0.10 0.001 238 -0.000130462671864 0.000458174830379
24 24 0.10 0.001 239 nan nan
24 24 0.10 0.001 240 -0.000080601815493 0.000490695021584
24 24 0.10 0.001 241 nan nan
24 24 0.10 0.001 242 -0.000272521453874 0.000542295249060
24 24 0.10 0.001 243 nan nan
24 24 0.10 0.001 244 -0.000378995562494 0.000447988924668
24 24 0.10 0.001 245 nan nan
24 24 0.10 0.001 246 0.053458863551615 0.000690542407912
24 24 0.10 0.001 247 nan nan
24 24 0.10 0.001 248 nan nan
24 24 0.10 0.001 249 nan nan
24 24 0.10 0.001 250 0.000407856932632 0.000552595147679
24 24 0.10 0.001 251 -0.001144756448282 0.000506120104028
24 24 0.10 0.001 252 0.000676883872706 0.000596447340111
24 24 0.10 0.001 253 -0.000950120833747 0.000523231615470
24 24 0.10 0.001 254 0.000724838714089 0.000589553837335
24 24 0.10 0.001 255 -0.001031516645577 0.000555220048178
24 24 0.10 0.001 256 nan nan
24 24 0.10 0.001 257 nan nan
24 24 0.10 0.001 258 nan nan
24 24 0.10 0.001 259 nan nan
24 24 0.10 0.001 260 nan nan
24 24 0.10 0.001 261 nan nan
24 24 0.10 0.001 262 -0.000741248462822 0.000594523917609
24 24 0.10 0.001 263 nan nan
24 24 0.10 0.001 264 0.256532717858689 0.000835898057636
24 24 0.10 0.001 265 nan nan
24 24 0.10 0.001 266 -0.000788387241595 0.000596834093815
24 24 0.10 0.001 267 -0.000157671588525 0.000669734474461
24 24 0.10 0.001 268 nan nan
24 24 0.10 0.001 269 -0.000158857317309 0.000683401339090
24 24 0.10 0.001 270 0.000186100395743 0.000661998171621
24 24 0.10 0.001 271 0.340460904677418 0.000981027237914
24 24 0.10 0.001 272 -0.000953848893556 0.000573750879113
24 24 0.10 0.001 273 0.000063773340753 0.000559528445393
24 24 0.10 0.001 274 0.000085445693593 0.000518879349966
24 24 0.10 0.001 275 -0.000871631267489 0.000554184855535
24 24 0.10 0.001 276 nan nan
24 24 0.10 0.001 277 -0.000959872543732 0.000575835208211
24 24 0.10 0.001 278 0.142335854287169 0.000673686668389
24 24 0.10 0.001 279 -0.000508772370278 0.000628467750795
24 24 0.10 0.001 280 -0.000160662903489 0.000547608793799
24 24 0.10 0.001 281 -0.000178658140922 0.000575811156631
24 24 0.10 0.001 282 -0.000411398707617 0.000564713354837
24 24 0.10 0.001 283 -0.000364646963123 0.000554822590031
24 24 0.10 0.001 284 0.000749085268044 0.000611721244454
24 24 0.10 0.001 285 0.000737388135058 0.000616705345452
24 24 0.10 0.001 286 -0.000164857643763 0.000590716732359
24 24 0.10 0.001 287 -0.000680533216421 0.000536485228124
24 24 0.10 0.001 288 nan nan
24 24 0.15 0.001 0 0.000224875054578 0.001043982452157
24 24 0.15 0.001 1 -0.000261789097165 0.000935604311026
24 24 0.15 0.001 2 -0.000320052311811 0.000944981631434
24 24 0.15 0.001 3 -0.000124147593371 0.000913288502559
24 24 0.15 0.001 4 -0.001087058007241 0.000952700950145
24 24 0.15 0.001 5 0.000134796274548 0.000672911755954
24 24 0.15 0.001 6 -0.000089533121880 0.000869269814618
24 24 0.15 0.001 7 0.291146194462179 0.001008407455538
24 24 0.15 0.001 8 -0.000557884890581 0.001063558486529
24 24 0.15 0.001 9 -0.000556607223130 0.001058727030420
24 24 0.15 0.001 10 0.288535533685770 0.000990730804033
24 24 0.15 0.001 11 0.000479948452684 0.000981815810263
24 24 0.15 0.001 12 0.000551206142679 0.000730447226899
24 24 0.15 0.001 13 0.000679175790408 0.000639633139021
24 24 0.15 0.001 14 0.000216647714350 0.000801362855890
24 24 0.15 0.001 15 0.000483508187555 0.000759326437186
24 24 0.15 0.001 16 nan nan
24 24 0.15 0.001 17 0.000591790941845 0.000776305410170
24 24 0.15 0.001 18 nan nan
24 24 0.15 0.001 19 0.000872891152993 0.000689050588839
24 24 0.15 0.001 20 -0.000181647377912 0.000663205444185
24 24 0.15 0.001 21 nan nan
24 24 0.15 0.001 22 0.000274188638811 0.000696678614408
24 24 0.15 0.001 23 0.000102927178302 0.000712058921016
24 24 0.15 0.001 24 -0.000102467906844 0.000819946768401
24 24 0.15 0.001 25 nan nan
24 24 0.15 0.001 26 0.000002217208821 0.000783596092343
24 24 0.15 0.001 27 0.000122475217695 0.000782349062414
24 24 0.15 0.001 28 nan nan
24 24 0.15 0.001 29 -0.000313402145430 0.000676285925807
24 24 0.15 0.001 30 -0.000197625480054 0.000766532078728
24 24 0.15 0.001 31 nan nan
24 24 0.15 0.001 32 nan nan
24 24 0.15 0.001 33 -0.000440606216589 0.000899910736509
24 24 0.15 0.001 34 0.000349599923179 0.000670890008038
24 24 0.15 0.001 35 0.000777726101077 0.000728514428226
24 24 0.15 0.001 36 0.189551329989747 0.000728840029131
24 24 0.15 0.001 37 0.202061812194092 0.000683055070371
24 24 0.15 0.001 38 -0.000742281317459 0.000684828104791
24 24 0.15 0.001 39 0.001033469307002 0.000667897696306
24 24 0.15 0.001 40 nan nan
24 24 0.15 0.001 41 nan nan
24 24 0.15 0.001 42 -0.000318354375030 0.000572641554218
24 24 0.15 0.001 43 -0.000173083663761 0.000593012939393
24 24 0.15 0.001 44 -0.000061945775006 0.000617692135886
24 24 0.15 0.001 45 -0.000124047932845 0.000574561610798
24 24 0.15 0.001 46 nan nan
24 24 0.15 0.001 47 nan nan
24 24 0.15 0.001 48 0.000058964432474 0.000492146516663
24 24 0.15 0.001 49 0.000031294859908 0.000635139979320
24 24 0.15 0.001 50 0.001294858117365 0.000699404688568
24 24 0.15 0.001 51 0.000646370703663 0.000641304865529
24 24 0.15 0.001 52 0.000772402080799 0.000645715876569
24 24 0.15 0.001 53 -0.000356411142527 0.000634976982941
24 24 0.15 0.001 54 nan nan
24 24 0.15 0.001 55 0.158548689299073 0.000916935384060
24 24 0.15 0.001 56 0.000472748319958 0.000722346188629
24 24 0.15 0.001 57 0.000478935979004 0.000708303092078
24 24 0.15 0.001 58 0.000199597141228 0.000541236773827
24 24 0.15 0.001 59 0.000459962757772 0.000706543442044
24 24 0.15 0.001 60 0.000671493110525 0.000671669432659
24 24 0.15 0.001 61 0.000254575985896 0.000651950756091
24 24 0.15 0.001 62 nan nan
24 24 0.15 0.001 63 nan nan
24 24 0.15 0.001 64 0.000281795517575 0.000587943901667
24 24 0.15 0.001 65 0.000171908311584 0.000573411715417
24 24 0.15 0.001 66 0.119950045743608 0.000962263092250
24 24 0.15 0.001 67 0.102575956236183 0.000773347721290
24 24 0.15 0.001 68 0.000239193107906 0.000568110711966
24 24 0.15 0.001 69 0.083584115910281 0.000899226201843
24 24 0.15 0.001 70 nan nan
24 24 0.15 0.001 71 0.000015042660977 0.000477324972537
24 24 0.15 0.001 72 nan nan
24 24 0.15 0.001 73 nan nan
24 24 0.15 0.001 74 -0.000856332681127 0.000547178141521
24 24 0.15 0.001 75 0.000948257850978 0.000544457494899
24 24 0.15 0.001 76 0.000593920395086 0.000543930984025
24 24 0.15 0.001 77 0.000092657233827 0.000450477436617
24 24 0.15 0.001 78 0.257869610181134 0.000871183302994
24 24 0.15 0.001 79 0.237548492837202 0.000836402621638
24 24 0.15 0.001 80 0.000180975293396 0.000440109023137
24 24 0.15 0.001 81 0.000419787506348 0.000416944551079
24 24 0.15 0.001 82 0.000233911103893 0.000407709163095
24 24 0.15 0.001 83 0.000065601929876 0.000570698232050
24 24 0.15 0.001 84 nan nan
24 24 0.15 0.001 85 0.000298388040019 0.000450768971440
24 24 0.15 0.001 86 -0.000576384525605 0.000481140370373
24 24 0.15 0.001 87 0.000241714894754 0.000456787314606
24 24 0.15 0.001 88 0.000313128268134 0.000387442470457
24 24 0.15 0.001 89 nan nan
24 24 0.15 0.001 90 0.098285321886686 0.000678527467912
24 24 0.15 0.001 91 0.000052700301740 0.000426990038482
24 24 0.15 0.001 92 0.000408693403749 0.000347471047764
24 24 0.15 0.001 93 nan nan
24 24 0.15 0.001 94 0.079317426633529 0.000688926865398
24 24 0.15 0.001 95 0.000042473998665 0.000400680889978
24 24 0.15 0.001 96 -0.000037786051282 0.000491423105015
24 24 0.15 0.001 97 nan nan
24 24 0.15 0.001 98 0.000632146041217 0.000468741057406
24 24 0.15 0.001 99 0.000578559900445 0.000456733504356
24 24 0.15 0.001 100 -0.000508363800410 0.000369968413230
24 24 0.15 0.001 101 0.000100799416447 0.000313528154798
24 24 0.15 0.001 102 0.000058701048407 0.000330893334086
24 24 0.15 0.001 103 -0.000123776325339 0.000373416969938
24 24 0.15 0.001 104 -0.000094137362605 0.000394541632364
24 24 0.15 0.001 105 nan nan
24 24 0.15 0.001 106 nan nan
24 24 0.15 0.001 107 0.000054619826392 0.000340543511501
24 24 0.15 0.001 108 0.000142239824058 0.000352640248747
24 24 0.15 0.001 109 -0.000384035009324 0.000423202099143
24 24 0.15 0.001 110 0.000201368052209 0.000350013164972
24 24 0.15 0.001 111 0.000649333875439 0.000380183760549
24 24 0.15 0.001 112 -0.000605406497027 0.000300907891030
24 24 0.15 0.001 113 -0.000180841259946 0.000313726342255
24 24 0.15 0.001 114 nan nan
24 24 0.15 0.001 115 -0.000275612659483 0.000333088793721
24 24 0.15 0.001 116 0.000160309922435 0.000347206444159
24 24 0.15 0.001 117 nan nan
24 24 0.15 0.001 118 -0.000127946409695 0.000348535985594
24 24 0.15 0.001 119 -0.000218173540508 0.000363487485511
24 24 0.15 0.001 120 0.000069323030487 0.000272098539645
24 24 0.15 0.001 121 nan nan
24 24 0.15 0.001 122 0.000154085983759 0.000296323005086
24 24 0.15 0.001 123 0.000055347190501 0.000289348282547
24 24 0.15 0.001 124 0.049268203522558 0.000568875978636
24 24 0.15 0.001 125 nan nan
24 24 0.15 0.001 126 nan nan
24 24 0.15 0.001 127 nan nan
24 24 0.15 0.001 128 -0.000318683584081 0.000237572529337
24 24 0.15 0.001 129 nan nan
24 24 0.15 0.001 130 0.033513618981524 0.000625409193144
24 24 0.15 0.001 131 0.000081383107967 0.000288682310913
24 24 0.15 0.001 132 0.050451352841766 0.000891456520439
24 24 0.15 0.001 133 0.000025514306537 0.000332959773843
24 24 0.15 0.001 134 -0.000194824826130 0.000237571316533
24 24 0.15 0.001 135 -0.000261505191613 0.000307307808120
24 24 0.15 0.001 136 0.018405519096693 0.000565059190215
24 24 0.15 0.001 137 -0.000183619097948 0.000266301091103
24 24 0.15 0.001 138 -0.000063671993442 0.000268433926113
24 24 0.15 0.001 139 nan nan
24 24 0.15 0.001 140 0.000070349683462 0.000247728260217
24 24 0.15 0.001 141 -0.000155014552496 0.000286055737364
24 24 0.15 0.001 142 nan nan
24 24 0.15 0.001 143 nan nan
24 24 0.15 0.001 144 nan nan
24 24 0.15 0.001 145 nan nan
24 24 0.15 0.001 146 nan nan
24 24 0.15 0.001 147 -0.004667035949678 0.000626090363586
24 24 0.15 0.001 148 -0.000259066177807 0.000273304303641
24 24 0.15 0.001 149 0.000493557992659 0.000228309401048
24 24 0.15 0.001 150 nan nan
24 24 0.15 0.001 151 0.000576923641056 0.000239780398507
24 24 0.15 0.001 152 -0.000119541294976 0.000248173625931
24 24 0.15 0.001 153 -0.000054872450275 0.000296133020334
24 24 0.15 0.001 154 nan nan
24 24 0.15 0.001 155 0.000006863607644 0.000285580821546
24 24 0.15 0.001 156 nan nan
24 24 0.15 0.001 157 0.000048807937426 0.000246294532653
24 24 0.15 0.001 158 nan nan
24 24 0.15 0.001 159 -0.000095406666529 0.000289382179943
24 24 0.15 0.001 160 -0.000115755314732 0.000306719240814
24 24 0.15 0.001 161 -0.000071213638846 0.000237358833590
24 24 0.15 0.001 162 -0.000127910492006 0.000302682151933
24 24 0.15 0.001 163 nan nan
24 24 0.15 0.001 164 -0.000290719536425 0.000282129595218
24 24 0.15 0.001 165 -0.000143541398927 0.000249867240794
24 24 0.15 0.001 166 -0.000306155699647 0.000246301937220
24 24 0.15 0.001 167 0.000002810107045 0.000342860687476
24 24 0.15 0.001 168 -0.000132465063520 0.000389159939664
24 24 0.15 0.001 169 nan nan
24 24 0.15 0.001 170 nan nan
24 24 0.15 0.001 171 -0.000512624592814 0.000357148939919
24 24 0.15 0.001 172 nan nan
24 24 0.15 0.001 173 nan nan
24 24 0.15 0.001 174 -0.000001654328385 0.000296091563177
24 24 0.15 0.001 175 0.000014434839999 0.000292664753457
24 24 0.15 0.001 176 -0.000172953732232 0.000345410094645
24 24 0.15 0.001 177 nan nan
24 24 0.15 0.001 178 nan nan
24 24 0.15 0.001 179 nan nan
24 24 0.15 0.001 180 -0.067395188899376 0.000619031330734
24 24 0.15 0.001 181 nan nan
24 24 0.15 0.001 182 -0.085681804367146 0.000829225067637
24 24 0.15 0.001 183 nan nan
24 24 0.15 0.001 184 0.000983016845453 0.000363587539634
24 24 0.15 0.001 185 -0.000095306558385 0.000353561549266
24 24 0.15 0.001 186 -0.000463122566176 0.000461520775816
24 24 0.15 0.001 187 nan nan
24 24 0.15 0.001 188 nan nan
24 24 0.15 0.001 189 -0.150329837209266 0.000527854351397
24 24 0.15 0.001 190 nan nan
24 24 0.15 0.001 191 nan nan
24 24 0.15 0.001 192 nan nan
24 24 0.15 0.001 193 nan nan
24 24 0.15 0.001 194 nan nan
24 24 0.15 0.001 195 nan nan
24 24 0.15 0.001 196 nan nan
24 24 0.15 0.001 197 -0.000132447404752 0.000490650763193
24 24 0.15 0.001 198 -0.000191135402575 0.000513991410484
24 24 0.15 0.001 199 -0.133938899782304 0.000760281366849
24 24 0.15 0.001 200 -0.000232842825789 0.000420907661169
24 24 0.15 0.001 201 nan nan
24 24 0.15 0.001 202 nan nan
24 24 0.15 0.001 203 -0.000342017096678 0.000372619353957
24 24 0.15 0.001 204 nan nan
24 24 0.15 0.001 205 nan nan
24 24 0.15 0.001 206 -0.000019884575774 0.000593234783680
24 24 0.15 0.001 207 -0.000355320217104 0.000511157310326
24 24 0.15 0.001 208 -0.000526325290984 0.000495074724461
24 24 0.15 0.001 209 0.000054507714797 0.000461219299502
24 24 0.15 0.001 210 -0.000277404103371 0.000571786787240
24 24 0.15 0.001 211 -0.000989619972030 0.000577904447401
24 24 0.15 0.001 212 nan nan
24 24 0.15 0.001 213 -0.000938213403821 0.000635580423205
24 24 0.15 0.001 214 -0.000915638000289 0.000644001051438
24 24 0.15 0.001 215 -0.000967426048640 0.000617280799290
24 24 0.15 0.001 216 -0.000910809565122 0.000660432491035
24 24 0.15 0.001 217 -0.000741829614038 0.000677937935334
24 24 0.15 0.001 218 -0.000567773865296 0.000646773245887
24 24 0.15 0.001 219 -0.000695938008781 0.000653685950493
24 24 0.15 0.001 220 -0.000559520154005 0.000658461474778
24 24 0.15 0.001 221 -0.000324880659165 0.000664509940635
24 24 0.15 0.001 222 -0.000189877810818 0.000484373926157
24 24 0.15 0.001 223 -0.000247272745886 0.000680521995125
24 24 0.15 0.001 224 -0.000369598657592 0.000480796058368
24 24 0.15 0.001 225 -0.000024365259741 0.000702432109635
24 24 0.15 0.001 226 -0.000074931282091 0.000717960344742
24 24 0.15 0.001 227 0.000146559965703 0.000733140577968
24 24 0.15 0.001 228 0.000204913904533 0.000745386949929
24 24 0.15 0.001 229 0.000462342025660 0.000723920497910
24 24 0.15 0.001 230 0.000290538360833 0.000720884265303
24 24 0.15 0.001 231 0.000049016364783 0.000769326807981
24 24 0.15 0.001 232 0.000045019161376 0.000752808677987
24 24 0.15 0.001 233 0.000104024732733 0.000766690178907
24 24 0.15 0.001 234 -0.000020867237387 0.000769124414976
24 24 0.15 0.001 235 0.000062669353350 0.000779628999104
24 24 0.15 0.001 236 -0.000185315259543 0.000781827535774
24 24 0.15 0.001 237 -0.000188521336482 0.000788391059526
24 24 0.15 0.001 238 -0.000382435163400 0.000780529534663
24 24 0.15 0.001 239 -0.000406624593600 0.000749918257772
24 24 0.15 0.001 240 -0.000337591004346 0.000798806850178
24 24 0.15 0.001 241 0.000276521482965 0.000600429559269
24 24 0.15 0.001 242 -0.000529404230637 0.000761231565103
24 24 0.15 0.001 243 -0.000459385651171 0.000746921811018
24 24 0.15 0.001 244 -0.000230240312190 0.000666008820288
24 24 0.15 0.001 245 -0.000189481653193 0.000681226555351
24 24 0.15 0.001 246 -0.000211665319756 0.000536257457237
24 24 0.15 0.001 247 0.000750803358805 0.000679464230000
24 24 0.15 0.001 248 -0.000066261551886 0.000691469904176
24 24 0.15 0.001 249 -0.000060745658220 0.000668413883245
24 24 0.15 0.001 250 0.000226302903704 0.000623173842856
24 24 0.15 0.001 251 0.000367732682420 0.000665585679361
24 24 0.15 0.001 252 0.000700156679936 0.000663653183069
24 24 0.15 0.001 253 -0.000400568644690 0.000600120454791
24 24 0.15 0.001 254 0.000491198829250 0.000674782320666
24 24 0.15 0.001 255 0.000610454721473 0.000693839915240
24 24 0.15 0.001 256 0.000805445572958 0.000680845927535
24 24 0.15 0.001 257 0.000737850498206 0.000665501586636
24 24 0.15 0.001 258 0.000915622359713 0.000696358254711
24 24 0.15 0.001 259 0.000757573314039 0.000685877830648
24 24 0.15 0.001 260 0.000861281338844 0.000660408942044
24 24 0.15 0.001 261 0.000021858480199 0.000688011118949
24 24 0.15 0.001 262 0.000681388622519 0.000618172055140
24 24 0.15 0.001 263 0.000733292608759 0.000655079352846
24 24 0.15 0.001 264 0.000710700341731 0.000671319809980
24 24 0.15 0.001 265 0.000437114289611 0.000687002636814
24 24 0.15 0.001 266 0.000448985459511 0.000705899595491
24 24 0.15 0.001 267 0.000633984043058 0.000665367229122
24 24 0.15 0.001 268 0.000546434808863 0.000636423653959
24 24 0.15 0.001 269 0.000264661701333 0.000679065858086
24 24 0.15 0.001 270 0.000277336858798 0.000699828839723
24 24 0.15 0.001 271 0.000268974522135 0.000720493577953
24 24 0.15 0.001 272 0.000194940942756 0.000722173348686
24 24 0.15 0.001 273 0.000357505134317 0.000778725601705
24 24 0.15 0.001 274 0.000411357297646 0.000742373803813
24 24 0.15 0.001 275 0.000624399856908 0.000754720542801
24 24 0.15 0.001 276 0.000492224254755 0.000772343554155
24 24 0.15 0.001 277 0.000344537606896 0.000803550850976
24 24 0.15 0.001 278 0.000450180490937 0.000806855643425
24 24 0.15 0.001 279 0.000655313942085 0.000781599114746
24 24 0.15 0.001 280 0.000572766385856 0.000764959347708
24 24 0.15 0.001 281 0.000794319323646 0.000764329540026
24 24 0.15 0.001 282 0.000715196035774 0.000793377688979
24 24 0.15 0.001 283 0.000564959749083 0.000866880814942
24 24 0.15 0.001 284 0.000741378998580 0.000779191309626
24 24 0.15 0.001 285 0.000872664887859 0.000757679199301
24 24 0.15 0.001 286 0.000971829690346 0.000776068435378
24 24 0.15 0.001 287 0.000972859120995 0.000734709579661
24 24 0.15 0.001 288 0.000786851113847 0.000847115330088
24 24 0.20 0.001 0 -0.000386293934728 0.000568877851143
24 24 0.20 0.001 1 -0.000629995851500 0.000659975608097
24 24 0.20 0.001 2 -0.000291573611908 0.000650021480242
24 24 0.20 0.001 3 -0.000687433732995 0.000628301207928
24 24 0.20 0.001 4 -0.000323603041068 0.000595530747021
24 24 0.20 0.001 5 -0.000430884807118 0.000564754843601
24 24 0.20 0.001 6 -0.000532169465622 0.000533232500326
24 24 0.20 0.001 7 -0.000492809804624 0.000536084746537
24 24 0.20 0.001 8 -0.000036918361468 0.000500513618541
24 24 0.20 0.001 9 -0.000366260890729 0.000484743251212
24 24 0.20 0.001 10 -0.000399561853184 0.000444314322059
24 24 0.20 0.001 11 -0.000623719703027 0.000441821272253
24 24 0.20 0.001 12 -0.000361887005070 0.000469331598786
24 24 0.20 0.001 13 0.000060612358689 0.000480790885910
24 24 0.20 0.001 14 -0.000339347092033 0.000443476624804
24 24 0.20 0.001 15 -0.000313128469423 0.000414413771236
24 24 0.20 0.001 16 -0.000385905427400 0.000449912873634
24 24 0.20 0.001 17 -0.000347223283402 0.000411674296196
24 24 0.20 0.001 18 -0.000241519690882 0.000431576734295
24 24 0.20 0.001 19 -0.000224165293271 0.000440227677715
24 24 0.20 0.001 20 -0.000232045732535 0.000452290522480
24 24 0.20 0.001 21 -0.000196353727907 0.000437826100210
24 24 0.20 0.001 22 -0.000253641781496 0.000412115936575
24 24 0.20 0.001 23 -0.000382344709617 0.000453520907631
24 24 0.20 0.001 24 -0.000282777687239 0.000443517399092
24 24 0.20 0.001 25 -0.000206713236427 0.000465816319760
24 24 0.20 0.001 26 -0.000187287192952 0.000464539465245
24 24 0.20 0.001 27 -0.000120445215845 0.000442682009999
24 24 0.20 0.001 28 -0.000123772183399 0.000474922367385
24 24 0.20 0.001 29 -0.000101757200999 0.000433516785874
24 24 0.20 0.001 30 -0.000100256710299 0.000399557773522
24 24 0.20 0.001 31 0.000148621745861 0.000463141284955
24 24 0.20 0.001 32 -0.000266974333728 0.000402225259594
24 24 0.20 0.001 33 0.000306846737904 0.000453383586804
24 24 0.20 0.001 34 0.000196161526261 0.000420373197940
24 24 0.20 0.001 35 0.000560774729578 0.000430118726963
24 24 0.20 0.001 36 0.000589693907609 0.000439581864928
24 24 0.20 0.001 37 0.000740426833745 0.000413373948372
24 24 0.20 0.001 38 0.000808856700522 0.000430564363090
24 24 0.20 0.001 39 0.000832298149447 0.000394329942218
24 24 0.20 0.001 40 -0.000542699957871 0.000389052389715
24 24 0.20 0.001 41 0.001081872188949 0.000412421846092
24 24 0.20 0.001 42 0.001137242294068 0.000394877243757
24 24 0.20 0.001 43 0.001128965828705 0.000406978242050
24 24 0.20 0.001 44 0.001153288626622 0.000419394552585
24 24 0.20 0.001 45 0.001072029786419 0.000434899338405
24 24 0.20 0.001 46 0.000922197748012 0.000430136697715
24 24 0.20 0.001 47 0.000936962201807 0.000432736940250
24 24 0.20 0.001 48 0.000912352091148 0.000425688135542
24 24 0.20 0.001 49 0.000812488082328 0.000462273031864
24 24 0.20 0.001 50 0.000704639361800 0.000439287814127
24 24 0.20 0.001 51 0.000570265720145 0.000463444231914
24 24 0.20 0.001 52 0.000433120577031 0.000446148231794
24 24 0.20 0.001 53 0.000241974819489 0.000461922579814
24 24 0.20 0.001 54 0.000196400828237 0.000446846919505
24 24 0.20 0.001 55 0.000101903238754 0.000444459937117
24 24 0.20 0.001 56 -0.000092574843320 0.000458994046420
24 24 0.20 0.001 57 -0.000386520866984 0.000467888153913
24 24 0.20 0.001 58 -0.000254511616691 0.000438004061403
24 24 0.20 0.001 59 -0.000425169122967 0.000435283485161
24 24 0.20 0.001 60 -0.000494365012978 0.000466813104193
24 24 0.20 0.001 61 -0.000251052199366 0.000473566680807
24 24 0.20 0.001 62 -0.000719754216510 0.000403091965087
24 24 0.20 0.001 63 -0.000734126078485 0.000405909271568
24 24 0.20 0.001 64 -0.000693794571891 0.000384150050966
24 24 0.20 0.001 65 -0.000712486933815 0.000372469966583
24 24 0.20 0.001 66 -0.000027541039094 0.000401852092075
24 24 0.20 0.001 67 -0.000741157121571 0.000345647503895
24 24 0.20 0.001 68 -0.000786944696792 0.000350687787114
24 24 0.20 0.001 69 -0.000852053503190 0.000333133532376
24 24 0.20 0.001 70 -0.000779770096111 0.000353328293918
24 24 0.20 0.001 71 -0.000712366559353 0.000369533562104
24 24 0.20 0.001 72 -0.000694027004971 0.000403192947475
24 24 0.20 0.001 73 -0.000692399346871 0.000383814962424
24 24 0.20 0.001 74 -0.000644694237227 0.000397232388191
24 24 0.20 0.001 75 -0.000626403295780 0.000375059812593
24 24 0.20 0.001 76 -0.000023437761316 0.000426656995714
24 24 0.20 0.001 77 -0.000622389368913 0.000379256492579
24 24 0.20 0.001 78 -0.000564476693368 0.000364992827045
24 24 0.20 0.001 79 0.000127031731703 0.000400766105002
24 24 0.20 0.001 80 -0.000721803605227 0.000378299378789
24 24 0.20 0.001 81 -0.000505369811217 0.000368117972860
24 24 0.20 0.001 82 -0.000548118574270 0.000379246749983
24 24 0.20 0.001 83 -0.000540277262495 0.000380065671319
24 24 0.20 0.001 84 -0.000590281764504 0.000353679015236
24 24 0.20 0.001 85 0.000239950335616 0.000412948706573
24 24 0.20 0.001 86 -0.000509799036442 0.000321117651532
24 24 0.20 0.001 87 -0.000410685506324 0.000340652486284
24 24 0.20 0.001 88 -0.000392619552942 0.000327180981232
24 24 0.20 0.001 89 -0.000384325882237 0.000333084660370
24 24 0.20 0.001 90 -0.000312710183408 0.000330744025155
24 24 0.20 0.001 91 -0.000303330031852 0.000319588067569
24 24 0.20 0.001 92 -0.000303472334478 0.000309008897604
24 24 0.20 0.001 93 0.000242234069649 0.000340811812806
24 24 0.20 0.001 94 -0.000048365191753 0.000279100850330
24 24 0.20 0.001 95 -0.000103098756359 0.000288146102270
24 24 0.20 0.001 96 -0.000096042573724 0.000293403461763
24 24 0.20 0.001 97 0.000004048029991 0.000309584340565
24 24 0.20 0.001 98 0.000018074325234 0.000304836112180
24 24 0.20 0.001 99 -0.000074425229560 0.000331094571666
24 24 0.20 0.001 100 -0.000022647127109 0.000266709290238
24 24 0.20 0.001 101 0.000027515934999 0.000287091506060
24 24 0.20 0.001 102 -0.000025805726277 0.000283405813117
24 24 0.20 0.001 103 -0.000090223253584 0.000295731995233
24 24 0.20 0.001 104 0.000039399330799 0.000294484228841
24 24 0.20 0.001 105 -0.000012480707220 0.000309212083904
24 24 0.20 0.001 106 -0.000056051551385 0.000311272855145
24 24 0.20 0.001 107 -0.000136705669951 0.000314934405633
24 24 0.20 0.001 108 -0.000126757734550 0.000311075283553
24 24 0.20 0.001 109 -0.000344824770489 0.000262119624543
24 24 0.20 0.001 110 -0.000052415719146 0.000302741369041
24 24 0.20 0.001 111 0.000078554383122 0.000291008459165
24 24 0.20 0.001 112 -0.000104602568326 0.000297939514308
24 24 0.20 0.001 113 -0.000050494651209 0.000304756085424
24 24 0.20 0.001 114 -0.000051599480017 0.000304011179291
24 24 0.20 0.001 115 -0.000052820017001 0.000298703618476
24 24 0.20 0.001 116 -0.000025533219584 0.000294431149549
24 24 0.20 0.001 117 0.000028200057134 0.000276756687747
24 24 0.20 0.001 118 0.000057021178382 0.000291767017632
24 24 0.20 0.001 119 0.000053005511618 0.000274893740379
24 24 0.20 0.001 120 0.000180179212913 0.000289457614709
24 24 0.20 0.001 121 0.000162265153901 0.000276889472845
24 24 0.20 0.001 122 0.000053452674126 0.000274350579238
24 24 0.20 0.001 123 0.000092817601718 0.000254502939239
24 24 0.20 0.001 124 0.000139431076135 0.000268154554804
24 24 0.20 0.001 125 0.000107723276448 0.000249743846079
24 24 0.20 0.001 126 0.000098673883935 0.000253198829170
24 24 0.20 0.001 127 0.000147359866788 0.000254197491837
24 24 0.20 0.001 128 0.000116909955347 0.000266859864080
24 24 0.20 0.001 129 0.000061848407879 0.000279855739132
24 24 0.20 0.001 130 -0.000007095577486 0.000272352748480
24 24 0.20 0.001 131 0.000006214771888 0.000295704750772
24 24 0.20 0.001 132 0.000013185857520 0.000286543911457
24 24 0.20 0.001 133 0.000054829741340 0.000300389797375
24 24 0.20 0.001 134 -0.000027127820119 0.000271547236723
24 24 0.20 0.001 135 -0.000012236420758 0.000288229597763
24 24 0.20 0.001 136 0.000052695670815 0.000272798414073
24 24 0.20 0.001 137 0.000060061127450 0.000284713459287
24 24 0.20 0.001 138 0.000066087075519 0.000282580310139
24 24 0.20 0.001 139 -0.000014755096891 0.000278332212824
24 24 0.20 0.001 140 0.000099095597952 0.000279488532424
24 24 0.20 0.001 141 0.000129056723284 0.000293598136710
24 24 0.20 0.001 142 0.000133111973284 0.000251001399647
24 24 0.20 0.001 143 0.000285516524503 0.000266902364925
24 24 0.20 0.001 144 0.000233013425938 0.000241368253623
24 24 0.20 0.001 145 0.000151771592805 0.000250783530549
24 24 0.20 0.001 146 0.000163341762305 0.000262631572281
24 24 0.20 0.001 147 0.000207706438896 0.000253930188095
24 24 0.20 0.001 148 0.000206250379564 0.000245189539372
24 24 0.20 0.001 149 0.000241572053997 0.000251941218743
24 24 0.20 0.001 150 0.000200951462772 0.000253496529093
24 24 0.20 0.001 151 0.000192191487843 0.000261245270313
24 24 0.20 0.001 152 0.000133535838585 0.000270297550746
24 24 0.20 0.001 153 0.000073463299256 0.000275989194494
24 24 0.20 0.001 154 0.000056595691795 0.000280052563483
24 24 0.20 0.001 155 0.000035045567881 0.000302261867296
24 24 0.20 0.001 156 0.000037643034428 0.000292697351987
24 24 0.20 0.001 157 -0.000103812790985 0.000297867184339
24 24 0.20 0.001 158 -0.000093620481190 0.000281654972150
24 24 0.20 0.001 159 0.000268291045145 0.000233260319658
24 24 0.20 0.001 160 -0.000085427351408 0.000284195854070
24 24 0.20 0.001 161 -0.000128351188280 0.000269149365902
24 24 0.20 0.001 162 -0.000205262354705 0.000264292532563
24 24 0.20 0.001 163 -0.000231412334478 0.000249205697392
24 24 0.20 0.001 164 -0.000245396984435 0.000255417862535
24 24 0.20 0.001 165 -0.000270978742997 0.000246760600984
24 24 0.20 0.001 166 -0.000145984470572 0.000246501487863
24 24 0.20 0.001 167 -0.000269224178774 0.000237536740711
24 24 0.20 0.001 168 -0.000328369082556 0.000250707637626
24 24 0.20 0.001 169 -0.000368208923182 0.000269085268089
24 24 0.20 0.001 170 -0.000331881302770 0.000240608447527
24 24 0.20 0.001 171 -0.000293743867445 0.000235693384290
24 24 0.20 0.001 172 -0.000209965054755 0.000244131695795
24 24 0.20 0.001 173 -0.000300640073746 0.000255793222862
24 24 0.20 0.001 174 -0.000234991348045 0.000257538263280
24 24 0.20 0.001 175 -0.000217218905650 0.000263211221714
24 24 0.20 0.001 176 -0.000187916030933 0.000273345871838
24 24 0.20 0.001 177 -0.000161226501548 0.000301470238369
24 24 0.20 0.001 178 -0.000176806752567 0.000289766263092
24 24 0.20 0.001 179 -0.000021435928805 0.000295099285421
24 24 0.20 0.001 180 -0.000085432780196 0.000267801686662
24 24 0.20 0.001 181 0.000053923342207 0.000298835927085
24 24 0.20 0.001 182 0.000203550154726 0.000293077293312
24 24 0.20 0.001 183 0.000263095615344 0.000286427278012
24 24 0.20 0.001 184 0.000297178875110 0.000303923002563
24 24 0.20 0.001 185 0.000288358595088 0.000292257210111
24 24 0.20 0.001 186 0.000323401828608 0.000301940664092
24 24 0.20 0.001 187 0.000378844311943 0.000305374292748
24 24 0.20 0.001 188 0.000424191161122 0.000319545610087
24 24 0.20 0.001 189 0.000589273199915 0.000327303999215
24 24 0.20 0.001 190 0.000461008267344 0.000316596185000
24 24 0.20 0.001 191 0.000475128300115 0.000329696021080
24 24 0.20 0.001 192 0.000391563783570 0.000347304297238
24 24 0.20 0.001 193 0.000409391346744 0.000317357154997
24 24 0.20 0.001 194 0.000445923495074 0.000320689366185
24 24 0.20 0.001 195 0.000493531354076 0.000286828913544
24 24 0.20 0.001 196 0.000274317907069 0.000277614080725
24 24 0.20 0.001 197 0.000295178464535 0.000286642452258
24 24 0.20 0.001 198 0.000257541776826 0.000286836356684
24 24 0.20 0.001 199 0.000203206703461 0.000295874552246
24 24 0.20 0.001 200 0.000069443675283 0.000289002858325
24 24 0.20 0.001 201 0.000013288666957 0.000293952487628
24 24 0.20 0.001 202 -0.000049196709194 0.000320913932570
24 24 0.20 0.001 203 -0.000248844570161 0.000346331310777
24 24 0.20 0.001 204 -0.000218371168006 0.000351495998076
24 24 0.20 0.001 205 -0.000196416143837 0.000365009327102
24 24 0.20 0.001 206 -0.000282519342704 0.000371266621592
24 24 0.20 0.001 207 -0.000396895504506 0.000352191359164
24 24 0.20 0.001 208 -0.000529655672056 0.000386387892066
24 24 0.20 0.001 209 -0.000615223321320 0.000380211908667
24 24 0.20 0.001 210 -0.000649328154798 0.000396542014739
24 24 0.20 0.001 211 -0.000665319752305 0.000392003481313
24 24 0.20 0.001 212 -0.000570555905692 0.000389199581015
24 24 0.20 0.001 213 -0.000757020438494 0.000405391959710
24 24 0.20 0.001 214 -0.000694110065414 0.000419655819893
24 24 0.20 0.001 215 -0.000813775292958 0.000416451645687
24 24 0.20 0.001 216 -0.000760741201378 0.000423074069340
24 24 0.20 0.001 217 -0.000642851097478 0.000439800022372
24 24 0.20 0.001 218 -0.000052438945802 0.000340605757552
24 24 0.20 0.001 219 -0.000681557462222 0.000464903544756
24 24 0.20 0.001 220 -0.000510771796842 0.000450813343783
24 24 0.20 0.001 221 -0.000368403394087 0.000449428278038
24 24 0.20 0.001 222 -0.000263992076161 0.000466433077260
24 24 0.20 0.001 223 -0.000293850222885 0.000474379825644
24 24 0.20 0.001 224 -0.000169093109275 0.000473022606763
24 24 0.20 0.001 225 -0.000074873107562 0.000484228239513
24 24 0.20 0.001 226 -0.000092101068615 0.000522089261279
24 24 0.20 0.001 227 0.000116888654285 0.000524993123240
24 24 0.20 0.001 228 0.000293961535003 0.000529958704631
24 24 0.20 0.001 229 0.000328726449820 0.000528538036933
24 24 0.20 0.001 230 0.000315518948287 0.000489639876004
24 24 0.20 0.001 231 0.000296158325726 0.000554025294278
24 24 0.20 0.001 232 0.000286419739344 0.000515824763283
24 24 0.20 0.001 233 0.000321259609308 0.000512871126083
24 24 0.20 0.001 234 0.000468704078475 0.000423138202606
24 24 0.20 0.001 235 0.000456617686391 0.000502525920448
24 24 0.20 0.001 236 0.000264666245789 0.000501152180921
24 24 0.20 0.001 237 0.000363815614602 0.000482681085482
24 24 0.20 0.001 238 0.000162607958836 0.000489392492880
24 24 0.20 0.001 239 0.000169764220387 0.000451928487302
24 24 0.20 0.001 240 0.000236853485186 0.000470499875344
24 24 0.20 0.001 241 0.000264843931938 0.000422275535987
24 24 0.20 0.001 242 0.000006874892552 0.000466655431278
24 24 0.20 0.001 243 0.000114387695880 0.000419933384384
24 24 0.20 0.001 244 0.000213885141416 0.000386573339241
24 24 0.20 0.001 245 0.000226926718778 0.000409203361326
24 24 0.20 0.001 246 0.000057782903226 0.000396679907643
24 24 0.20 0.001 247 0.000128871970297 0.000401425272146
24 24 0.20 0.001 248 0.000143674761592 0.000423988962807
24 24 0.20 0.001 249 0.000098161171756 0.000418021423552
24 24 0.20 0.001 250 0.000259364283276 0.000407962523989
24 24 0.20 0.001 251 0.000393716810912 0.000417549102786
24 24 0.20 0.001 252 0.000376939984804 0.000421919342988
24 24 0.20 0.001 253 0.000323652447500 0.000455145198466
24 24 0.20 0.001 254 0.000310568143562 0.000419278860968
24 24 0.20 0.001 255 0.000401101261068 0.000447730149500
24 24 0.20 0.001 256 -0.000108435713983 0.000399738199363
24 24 0.20 0.001 257 0.000374731237892 0.000425393539061
24 24 0.20 0.001 258 -0.000712352036464 0.000465570235043
24 24 0.20 0.001 259 0.000278724398573 0.000413227651119
24 24 0.20 0.001 260 0.000418811064989 0.000399861918773
24 24 0.20 0.001 261 0.000178443543556 0.000394836625884
24 24 0.20 0.001 262 0.000191948805154 0.000385548344959
24 24 0.20 0.001 263 0.000250805878206 0.000425929236497
24 24 0.20 0.001 264 0.000235483929765 0.000420756483888
24 24 0.20 0.001 265 -0.000084031551142 0.000502031145190
24 24 0.20 0.001 266 0.000058472517365 0.000394505434554
24 24 0.20 0.001 267 0.000162926718117 0.000421233617849
24 24 0.20 0.001 268 0.000117859116959 0.000391935621810
24 24 0.20 0.001 269 -0.000142188006039 0.000414682772187
24 24 0.20 0.001 270 -0.000133618489302 0.000448913061140
24 24 0.20 0.001 271 -0.000125574419833 0.000450372382313
24 24 0.20 0.001 272 -0.000169573285124 0.000453514765674
24 24 0.20 0.001 273 -0.000062291628387 0.000497482946556
24 24 0.20 0.001 274 0.000031007440940 0.000483823504648
24 24 0.20 0.001 275 -0.000032586841782 0.000484838531469
24 24 0.20 0.001 276 -0.000115917673828 0.000491108283616
24 24 0.20 0.001 277 -0.000111829611345 0.000539668216137
24 24 0.20 0.001 278 -0.000137238484511 0.000489804162053
24 24 0.20 0.001 279 -0.000085871305333 0.000478550218377
24 24 0.20 0.001 280 -0.000019708673229 0.000479452116947
24 24 0.20 0.001 281 0.000070648240021 0.000436385384588
24 24 0.20 0.001 282 -0.000045710582815 0.000442766464811
24 24 0.20 0.001 283 0.000148788976489 0.000420719049572
24 24 0.20 0.001 284 -0.000073737107811 0.000387710259961
24 24 0.20 0.001 285 0.000003293887874 0.000381087338067
24 24 0.20 0.001 286 0.000100136392049 0.000385418115570
24 24 0.20 0.001 287 0.000102873157734 0.000346440940754
24 24 0.20 0.001 288 -0.000087290214221 0.000388997255066
#Ls   Lt  mu  ma  nfluxes AxialCurrent Err
