12 24 0.00 0.001 0 0.000013329182410 0.001885029588592
12 24 0.00 0.001 1 -0.013476111946780 0.001984447931626
12 24 0.00 0.001 2 -0.047770320531815 0.001675803902317
12 24 0.00 0.001 3 -0.065354625118043 0.001318806244846
12 24 0.00 0.001 4 -0.048918045059152 0.001427433520974
12 24 0.00 0.001 5 -0.020274467539928 0.001674481323661
12 24 0.00 0.001 6 0.002386883583479 0.001838981637007
12 24 0.00 0.001 7 nan nan
12 24 0.00 0.001 8 nan nan
12 24 0.00 0.001 9 nan nan
12 24 0.00 0.001 10 nan nan
12 24 0.00 0.001 11 -0.009006687502710 0.001642264917087
12 24 0.00 0.001 12 nan nan
12 24 0.00 0.001 13 nan nan
12 24 0.00 0.001 14 -0.010376273286516 0.001712879893797
12 24 0.00 0.001 15 -0.020699483816260 0.001848724657236
12 24 0.00 0.001 16 nan nan
12 24 0.00 0.001 17 -0.012223631229537 0.001275742625798
12 24 0.00 0.001 18 nan nan
12 24 0.00 0.001 19 0.002864707946509 0.001207902644888
12 24 0.00 0.001 20 -0.000173783048683 0.001189201799848
12 24 0.00 0.001 21 nan nan
12 24 0.00 0.001 22 nan nan
12 24 0.00 0.001 23 nan nan
12 24 0.00 0.001 24 nan nan
12 24 0.00 0.001 25 0.004958502159917 0.001096217559714
12 24 0.00 0.001 26 0.001471662223704 0.001220472431352
12 24 0.00 0.001 27 nan nan
12 24 0.00 0.001 28 nan nan
12 24 0.00 0.001 29 -0.006867337213720 0.001350464642327
12 24 0.00 0.001 30 0.000141226673815 0.001359970858638
12 24 0.00 0.001 31 0.002133779776598 0.001221488074748
12 24 0.00 0.001 32 nan nan
12 24 0.00 0.001 33 nan nan
12 24 0.00 0.001 34 -0.000773909689482 0.001101597384357
12 24 0.00 0.001 35 0.000160193728146 0.001433937483186
12 24 0.00 0.001 36 nan nan
12 24 0.00 0.001 37 -0.001550699954998 0.001200445933255
12 24 0.00 0.001 38 nan nan
12 24 0.00 0.001 39 0.005149229764458 0.001066896134637
12 24 0.00 0.001 40 0.002086019134446 0.000995256764730
12 24 0.00 0.001 41 nan nan
12 24 0.00 0.001 42 nan nan
12 24 0.00 0.001 43 nan nan
12 24 0.00 0.001 44 -0.009397716095111 0.001380005729748
12 24 0.00 0.001 45 0.000349381826514 0.001138086246126
12 24 0.00 0.001 46 0.001145218831256 0.001116441378341
12 24 0.00 0.001 47 nan nan
12 24 0.00 0.001 48 nan nan
12 24 0.00 0.001 49 nan nan
12 24 0.00 0.001 50 -0.002366499936153 0.001442418831899
12 24 0.00 0.001 51 nan nan
12 24 0.00 0.001 52 0.000412569711602 0.001283615645672
12 24 0.00 0.001 53 nan nan
12 24 0.00 0.001 54 -0.000448182303702 0.001142024459548
12 24 0.00 0.001 55 -0.013593716481378 0.001184087153441
12 24 0.00 0.001 56 nan nan
12 24 0.00 0.001 57 nan nan
12 24 0.00 0.001 58 nan nan
12 24 0.00 0.001 59 nan nan
12 24 0.00 0.001 60 nan nan
12 24 0.00 0.001 61 -0.007206285414203 0.001969295965056
12 24 0.00 0.001 62 -0.037216475714138 0.001498589350595
12 24 0.00 0.001 63 nan nan
12 24 0.00 0.001 64 -0.025430131454311 0.001888054955285
12 24 0.00 0.001 65 nan nan
12 24 0.00 0.001 66 0.001179840690673 0.001901832542651
12 24 0.00 0.001 67 nan nan
12 24 0.00 0.001 68 nan nan
12 24 0.00 0.001 69 nan nan
12 24 0.00 0.001 70 nan nan
12 24 0.00 0.001 71 -0.013944425489785 0.001594987147274
12 24 0.00 0.001 72 -0.000356877544236 0.002049418949079
12 24 0.00 0.001 73 nan nan
12 24 0.00 0.001 74 nan nan
12 24 0.00 0.001 75 nan nan
12 24 0.00 0.001 76 nan nan
12 24 0.00 0.001 77 nan nan
12 24 0.00 0.001 78 nan nan
12 24 0.00 0.001 79 nan nan
12 24 0.00 0.001 80 nan nan
12 24 0.00 0.001 81 nan nan
12 24 0.00 0.001 82 nan nan
12 24 0.00 0.001 83 nan nan
12 24 0.00 0.001 84 nan nan
12 24 0.00 0.001 85 nan nan
12 24 0.00 0.001 86 nan nan
12 24 0.00 0.001 87 nan nan
12 24 0.00 0.001 88 nan nan
12 24 0.00 0.001 89 nan nan
12 24 0.00 0.001 90 nan nan
12 24 0.00 0.001 91 nan nan
12 24 0.00 0.001 92 nan nan
12 24 0.00 0.001 93 nan nan
12 24 0.00 0.001 94 nan nan
12 24 0.00 0.001 95 nan nan
12 24 0.00 0.001 96 nan nan
12 24 0.00 0.001 97 nan nan
12 24 0.00 0.001 98 nan nan
12 24 0.00 0.001 99 nan nan
12 24 0.00 0.001 100 nan nan
12 24 0.00 0.001 101 nan nan
12 24 0.00 0.001 102 nan nan
12 24 0.00 0.001 103 nan nan
12 24 0.00 0.001 104 nan nan
12 24 0.00 0.001 105 nan nan
12 24 0.00 0.001 106 nan nan
12 24 0.00 0.001 107 nan nan
12 24 0.00 0.001 108 nan nan
12 24 0.00 0.001 109 nan nan
12 24 0.00 0.001 110 nan nan
12 24 0.00 0.001 111 nan nan
12 24 0.00 0.001 112 nan nan
12 24 0.00 0.001 113 nan nan
12 24 0.00 0.001 114 nan nan
12 24 0.00 0.001 115 nan nan
12 24 0.00 0.001 116 nan nan
12 24 0.00 0.001 117 nan nan
12 24 0.00 0.001 118 nan nan
12 24 0.00 0.001 119 nan nan
12 24 0.00 0.001 120 nan nan
12 24 0.00 0.001 121 nan nan
12 24 0.00 0.001 122 nan nan
12 24 0.00 0.001 123 nan nan
12 24 0.00 0.001 124 nan nan
12 24 0.00 0.001 125 nan nan
12 24 0.00 0.001 126 nan nan
12 24 0.00 0.001 127 nan nan
12 24 0.00 0.001 128 nan nan
12 24 0.00 0.001 129 nan nan
12 24 0.00 0.001 130 nan nan
12 24 0.00 0.001 131 nan nan
12 24 0.00 0.001 132 nan nan
12 24 0.00 0.001 133 nan nan
12 24 0.00 0.001 134 nan nan
12 24 0.00 0.001 135 nan nan
12 24 0.00 0.001 136 nan nan
12 24 0.00 0.001 137 nan nan
12 24 0.00 0.001 138 nan nan
12 24 0.00 0.001 139 nan nan
12 24 0.00 0.001 140 nan nan
12 24 0.00 0.001 141 nan nan
12 24 0.00 0.001 142 nan nan
12 24 0.00 0.001 143 nan nan
12 24 0.00 0.001 144 nan nan
12 24 0.00 0.001 145 nan nan
12 24 0.00 0.001 146 nan nan
12 24 0.00 0.001 147 nan nan
12 24 0.00 0.001 148 nan nan
12 24 0.00 0.001 149 nan nan
12 24 0.00 0.001 150 nan nan
12 24 0.00 0.001 151 nan nan
12 24 0.00 0.001 152 nan nan
12 24 0.00 0.001 153 nan nan
12 24 0.00 0.001 154 nan nan
12 24 0.00 0.001 155 nan nan
12 24 0.00 0.001 156 nan nan
12 24 0.00 0.001 157 nan nan
12 24 0.00 0.001 158 nan nan
12 24 0.00 0.001 159 nan nan
12 24 0.00 0.001 160 nan nan
12 24 0.00 0.001 161 nan nan
12 24 0.00 0.001 162 nan nan
12 24 0.00 0.001 163 nan nan
12 24 0.00 0.001 164 nan nan
12 24 0.00 0.001 165 nan nan
12 24 0.00 0.001 166 nan nan
12 24 0.00 0.001 167 nan nan
12 24 0.00 0.001 168 nan nan
12 24 0.00 0.001 169 nan nan
12 24 0.00 0.001 170 nan nan
12 24 0.00 0.001 171 nan nan
12 24 0.00 0.001 172 nan nan
12 24 0.00 0.001 173 nan nan
12 24 0.00 0.001 174 nan nan
12 24 0.00 0.001 175 nan nan
12 24 0.00 0.001 176 nan nan
12 24 0.00 0.001 177 nan nan
12 24 0.00 0.001 178 nan nan
12 24 0.00 0.001 179 nan nan
12 24 0.00 0.001 180 nan nan
12 24 0.00 0.001 181 nan nan
12 24 0.00 0.001 182 nan nan
12 24 0.00 0.001 183 nan nan
12 24 0.00 0.001 184 nan nan
12 24 0.00 0.001 185 nan nan
12 24 0.00 0.001 186 nan nan
12 24 0.00 0.001 187 nan nan
12 24 0.00 0.001 188 nan nan
12 24 0.00 0.001 189 nan nan
12 24 0.00 0.001 190 nan nan
12 24 0.00 0.001 191 nan nan
12 24 0.00 0.001 192 nan nan
12 24 0.00 0.001 193 nan nan
12 24 0.00 0.001 194 nan nan
12 24 0.00 0.001 195 nan nan
12 24 0.00 0.001 196 nan nan
12 24 0.00 0.001 197 nan nan
12 24 0.00 0.001 198 nan nan
12 24 0.00 0.001 199 nan nan
12 24 0.00 0.001 200 nan nan
12 24 0.00 0.001 201 nan nan
12 24 0.00 0.001 202 nan nan
12 24 0.00 0.001 203 nan nan
12 24 0.00 0.001 204 nan nan
12 24 0.00 0.001 205 nan nan
12 24 0.00 0.001 206 nan nan
12 24 0.00 0.001 207 nan nan
12 24 0.00 0.001 208 nan nan
12 24 0.00 0.001 209 nan nan
12 24 0.00 0.001 210 nan nan
12 24 0.00 0.001 211 nan nan
12 24 0.00 0.001 212 nan nan
12 24 0.00 0.001 213 nan nan
12 24 0.00 0.001 214 nan nan
12 24 0.00 0.001 215 nan nan
12 24 0.00 0.001 216 nan nan
12 24 0.00 0.001 217 nan nan
12 24 0.00 0.001 218 nan nan
12 24 0.00 0.001 219 nan nan
12 24 0.00 0.001 220 nan nan
12 24 0.00 0.001 221 nan nan
12 24 0.00 0.001 222 nan nan
12 24 0.00 0.001 223 nan nan
12 24 0.00 0.001 224 nan nan
12 24 0.00 0.001 225 nan nan
12 24 0.00 0.001 226 nan nan
12 24 0.00 0.001 227 nan nan
12 24 0.00 0.001 228 nan nan
12 24 0.00 0.001 229 nan nan
12 24 0.00 0.001 230 nan nan
12 24 0.00 0.001 231 nan nan
12 24 0.00 0.001 232 nan nan
12 24 0.00 0.001 233 nan nan
12 24 0.00 0.001 234 nan nan
12 24 0.00 0.001 235 nan nan
12 24 0.00 0.001 236 nan nan
12 24 0.00 0.001 237 nan nan
12 24 0.00 0.001 238 nan nan
12 24 0.00 0.001 239 nan nan
12 24 0.00 0.001 240 nan nan
12 24 0.00 0.001 241 nan nan
12 24 0.00 0.001 242 nan nan
12 24 0.00 0.001 243 nan nan
12 24 0.00 0.001 244 nan nan
12 24 0.00 0.001 245 nan nan
12 24 0.00 0.001 246 nan nan
12 24 0.00 0.001 247 nan nan
12 24 0.00 0.001 248 nan nan
12 24 0.00 0.001 249 nan nan
12 24 0.00 0.001 250 nan nan
12 24 0.00 0.001 251 nan nan
12 24 0.00 0.001 252 nan nan
12 24 0.00 0.001 253 nan nan
12 24 0.00 0.001 254 nan nan
12 24 0.00 0.001 255 nan nan
12 24 0.00 0.001 256 nan nan
12 24 0.00 0.001 257 nan nan
12 24 0.00 0.001 258 nan nan
12 24 0.00 0.001 259 nan nan
12 24 0.00 0.001 260 nan nan
12 24 0.00 0.001 261 nan nan
12 24 0.00 0.001 262 nan nan
12 24 0.00 0.001 263 nan nan
12 24 0.00 0.001 264 nan nan
12 24 0.00 0.001 265 nan nan
12 24 0.00 0.001 266 nan nan
12 24 0.00 0.001 267 nan nan
12 24 0.00 0.001 268 nan nan
12 24 0.00 0.001 269 nan nan
12 24 0.00 0.001 270 nan nan
12 24 0.00 0.001 271 nan nan
12 24 0.00 0.001 272 nan nan
12 24 0.00 0.001 273 nan nan
12 24 0.00 0.001 274 nan nan
12 24 0.00 0.001 275 nan nan
12 24 0.00 0.001 276 nan nan
12 24 0.00 0.001 277 nan nan
12 24 0.00 0.001 278 nan nan
12 24 0.00 0.001 279 nan nan
12 24 0.00 0.001 280 nan nan
12 24 0.00 0.001 281 nan nan
12 24 0.00 0.001 282 nan nan
12 24 0.00 0.001 283 nan nan
12 24 0.00 0.001 284 nan nan
12 24 0.00 0.001 285 nan nan
12 24 0.00 0.001 286 nan nan
12 24 0.00 0.001 287 nan nan
12 24 0.00 0.001 288 nan nan
12 24 0.05 0.001 0 nan nan
12 24 0.05 0.001 1 nan nan
12 24 0.05 0.001 2 -0.265695159594712 0.002529892981678
12 24 0.05 0.001 3 -0.258711608206216 0.002030647729759
12 24 0.05 0.001 4 -0.201324806905396 0.001742406285070
12 24 0.05 0.001 5 -0.173026307569557 0.002034541136894
12 24 0.05 0.001 6 -0.203694654183438 0.002026806665312
12 24 0.05 0.001 7 -0.219364338942544 0.002141484487954
12 24 0.05 0.001 8 nan nan
12 24 0.05 0.001 9 -0.142724200404045 0.001664217425459
12 24 0.05 0.001 10 -0.131980269845153 0.001804315601870
12 24 0.05 0.001 11 -0.103241493900535 0.001831588293651
12 24 0.05 0.001 12 -0.081517361587191 0.001919011831933
12 24 0.05 0.001 13 -0.047046284646809 0.001719588405601
12 24 0.05 0.001 14 -0.042114884722574 0.001912561972913
12 24 0.05 0.001 15 -0.056553578823479 0.001562929052744
12 24 0.05 0.001 16 -0.030274272647154 0.001278510975554
12 24 0.05 0.001 17 -0.002194643072679 0.001671783220088
12 24 0.05 0.001 18 -0.007001691732566 0.001506662918908
12 24 0.05 0.001 19 nan nan
12 24 0.05 0.001 20 -0.069156889155530 0.001565942405223
12 24 0.05 0.001 21 -0.076494622415703 0.001254771359585
12 24 0.05 0.001 22 nan nan
12 24 0.05 0.001 23 -0.025464063683684 0.001389375072048
12 24 0.05 0.001 24 -0.022925787008986 0.001271431127177
12 24 0.05 0.001 25 nan nan
12 24 0.05 0.001 26 -0.040164675967952 0.001107081009544
12 24 0.05 0.001 27 -0.008009759840786 0.001206638921347
12 24 0.05 0.001 28 nan nan
12 24 0.05 0.001 29 nan nan
12 24 0.05 0.001 30 nan nan
12 24 0.05 0.001 31 -0.007620549405991 0.001414040400817
12 24 0.05 0.001 32 nan nan
12 24 0.05 0.001 33 -0.011036882686924 0.000956758587377
12 24 0.05 0.001 34 -0.007616166678317 0.000980587750145
12 24 0.05 0.001 35 -0.006814237564890 0.001089017794413
12 24 0.05 0.001 36 nan nan
12 24 0.05 0.001 37 nan nan
12 24 0.05 0.001 38 0.003646645108358 0.001364851508426
12 24 0.05 0.001 39 nan nan
12 24 0.05 0.001 40 nan nan
12 24 0.05 0.001 41 0.010517571602000 0.001685839017438
12 24 0.05 0.001 42 nan nan
12 24 0.05 0.001 43 0.004392720342151 0.001293714547753
12 24 0.05 0.001 44 nan nan
12 24 0.05 0.001 45 0.007331944514432 0.001053744280715
12 24 0.05 0.001 46 0.042370737629068 0.001291823486739
12 24 0.05 0.001 47 0.038280861832396 0.001253949174632
12 24 0.05 0.001 48 0.018802871794044 0.001408639472395
12 24 0.05 0.001 49 0.007751258351942 0.001111368406445
12 24 0.05 0.001 50 nan nan
12 24 0.05 0.001 51 0.060937994450778 0.001618097544121
12 24 0.05 0.001 52 0.067467491444937 0.001448800143575
12 24 0.05 0.001 53 nan nan
12 24 0.05 0.001 54 nan nan
12 24 0.05 0.001 55 nan nan
12 24 0.05 0.001 56 -0.005769482415386 0.001666367566010
12 24 0.05 0.001 57 0.015552053181112 0.001490493206211
12 24 0.05 0.001 58 0.019013590525453 0.001682717263832
12 24 0.05 0.001 59 nan nan
12 24 0.05 0.001 60 0.081533295284537 0.001769657692643
12 24 0.05 0.001 61 0.093622552182801 0.001733660565083
12 24 0.05 0.001 62 0.058297693259953 0.001697422498709
12 24 0.05 0.001 63 nan nan
12 24 0.05 0.001 64 nan nan
12 24 0.05 0.001 65 nan nan
12 24 0.05 0.001 66 0.208565282081906 0.002211583418878
12 24 0.05 0.001 67 0.134210746105257 0.001793007557967
12 24 0.05 0.001 68 0.102579506771401 0.001399756815845
12 24 0.05 0.001 69 nan nan
12 24 0.05 0.001 70 nan nan
12 24 0.05 0.001 71 nan nan
12 24 0.05 0.001 72 nan nan
12 24 0.05 0.001 73 nan nan
12 24 0.05 0.001 74 nan nan
12 24 0.05 0.001 75 nan nan
12 24 0.05 0.001 76 nan nan
12 24 0.05 0.001 77 nan nan
12 24 0.05 0.001 78 nan nan
12 24 0.05 0.001 79 nan nan
12 24 0.05 0.001 80 nan nan
12 24 0.05 0.001 81 nan nan
12 24 0.05 0.001 82 nan nan
12 24 0.05 0.001 83 nan nan
12 24 0.05 0.001 84 nan nan
12 24 0.05 0.001 85 nan nan
12 24 0.05 0.001 86 nan nan
12 24 0.05 0.001 87 nan nan
12 24 0.05 0.001 88 nan nan
12 24 0.05 0.001 89 nan nan
12 24 0.05 0.001 90 nan nan
12 24 0.05 0.001 91 nan nan
12 24 0.05 0.001 92 nan nan
12 24 0.05 0.001 93 nan nan
12 24 0.05 0.001 94 nan nan
12 24 0.05 0.001 95 nan nan
12 24 0.05 0.001 96 nan nan
12 24 0.05 0.001 97 nan nan
12 24 0.05 0.001 98 nan nan
12 24 0.05 0.001 99 nan nan
12 24 0.05 0.001 100 nan nan
12 24 0.05 0.001 101 nan nan
12 24 0.05 0.001 102 nan nan
12 24 0.05 0.001 103 nan nan
12 24 0.05 0.001 104 nan nan
12 24 0.05 0.001 105 nan nan
12 24 0.05 0.001 106 nan nan
12 24 0.05 0.001 107 nan nan
12 24 0.05 0.001 108 nan nan
12 24 0.05 0.001 109 nan nan
12 24 0.05 0.001 110 nan nan
12 24 0.05 0.001 111 nan nan
12 24 0.05 0.001 112 nan nan
12 24 0.05 0.001 113 nan nan
12 24 0.05 0.001 114 nan nan
12 24 0.05 0.001 115 nan nan
12 24 0.05 0.001 116 nan nan
12 24 0.05 0.001 117 nan nan
12 24 0.05 0.001 118 nan nan
12 24 0.05 0.001 119 nan nan
12 24 0.05 0.001 120 nan nan
12 24 0.05 0.001 121 nan nan
12 24 0.05 0.001 122 nan nan
12 24 0.05 0.001 123 nan nan
12 24 0.05 0.001 124 nan nan
12 24 0.05 0.001 125 nan nan
12 24 0.05 0.001 126 nan nan
12 24 0.05 0.001 127 nan nan
12 24 0.05 0.001 128 nan nan
12 24 0.05 0.001 129 nan nan
12 24 0.05 0.001 130 nan nan
12 24 0.05 0.001 131 nan nan
12 24 0.05 0.001 132 nan nan
12 24 0.05 0.001 133 nan nan
12 24 0.05 0.001 134 nan nan
12 24 0.05 0.001 135 nan nan
12 24 0.05 0.001 136 nan nan
12 24 0.05 0.001 137 nan nan
12 24 0.05 0.001 138 nan nan
12 24 0.05 0.001 139 nan nan
12 24 0.05 0.001 140 nan nan
12 24 0.05 0.001 141 nan nan
12 24 0.05 0.001 142 nan nan
12 24 0.05 0.001 143 nan nan
12 24 0.05 0.001 144 nan nan
12 24 0.05 0.001 145 nan nan
12 24 0.05 0.001 146 nan nan
12 24 0.05 0.001 147 nan nan
12 24 0.05 0.001 148 nan nan
12 24 0.05 0.001 149 nan nan
12 24 0.05 0.001 150 nan nan
12 24 0.05 0.001 151 nan nan
12 24 0.05 0.001 152 nan nan
12 24 0.05 0.001 153 nan nan
12 24 0.05 0.001 154 nan nan
12 24 0.05 0.001 155 nan nan
12 24 0.05 0.001 156 nan nan
12 24 0.05 0.001 157 nan nan
12 24 0.05 0.001 158 nan nan
12 24 0.05 0.001 159 nan nan
12 24 0.05 0.001 160 nan nan
12 24 0.05 0.001 161 nan nan
12 24 0.05 0.001 162 nan nan
12 24 0.05 0.001 163 nan nan
12 24 0.05 0.001 164 nan nan
12 24 0.05 0.001 165 nan nan
12 24 0.05 0.001 166 nan nan
12 24 0.05 0.001 167 nan nan
12 24 0.05 0.001 168 nan nan
12 24 0.05 0.001 169 nan nan
12 24 0.05 0.001 170 nan nan
12 24 0.05 0.001 171 nan nan
12 24 0.05 0.001 172 nan nan
12 24 0.05 0.001 173 nan nan
12 24 0.05 0.001 174 nan nan
12 24 0.05 0.001 175 nan nan
12 24 0.05 0.001 176 nan nan
12 24 0.05 0.001 177 nan nan
12 24 0.05 0.001 178 nan nan
12 24 0.05 0.001 179 nan nan
12 24 0.05 0.001 180 nan nan
12 24 0.05 0.001 181 nan nan
12 24 0.05 0.001 182 nan nan
12 24 0.05 0.001 183 nan nan
12 24 0.05 0.001 184 nan nan
12 24 0.05 0.001 185 nan nan
12 24 0.05 0.001 186 nan nan
12 24 0.05 0.001 187 nan nan
12 24 0.05 0.001 188 nan nan
12 24 0.05 0.001 189 nan nan
12 24 0.05 0.001 190 nan nan
12 24 0.05 0.001 191 nan nan
12 24 0.05 0.001 192 nan nan
12 24 0.05 0.001 193 nan nan
12 24 0.05 0.001 194 nan nan
12 24 0.05 0.001 195 nan nan
12 24 0.05 0.001 196 nan nan
12 24 0.05 0.001 197 nan nan
12 24 0.05 0.001 198 nan nan
12 24 0.05 0.001 199 nan nan
12 24 0.05 0.001 200 nan nan
12 24 0.05 0.001 201 nan nan
12 24 0.05 0.001 202 nan nan
12 24 0.05 0.001 203 nan nan
12 24 0.05 0.001 204 nan nan
12 24 0.05 0.001 205 nan nan
12 24 0.05 0.001 206 nan nan
12 24 0.05 0.001 207 nan nan
12 24 0.05 0.001 208 nan nan
12 24 0.05 0.001 209 nan nan
12 24 0.05 0.001 210 nan nan
12 24 0.05 0.001 211 nan nan
12 24 0.05 0.001 212 nan nan
12 24 0.05 0.001 213 nan nan
12 24 0.05 0.001 214 nan nan
12 24 0.05 0.001 215 nan nan
12 24 0.05 0.001 216 nan nan
12 24 0.05 0.001 217 nan nan
12 24 0.05 0.001 218 nan nan
12 24 0.05 0.001 219 nan nan
12 24 0.05 0.001 220 nan nan
12 24 0.05 0.001 221 nan nan
12 24 0.05 0.001 222 nan nan
12 24 0.05 0.001 223 nan nan
12 24 0.05 0.001 224 nan nan
12 24 0.05 0.001 225 nan nan
12 24 0.05 0.001 226 nan nan
12 24 0.05 0.001 227 nan nan
12 24 0.05 0.001 228 nan nan
12 24 0.05 0.001 229 nan nan
12 24 0.05 0.001 230 nan nan
12 24 0.05 0.001 231 nan nan
12 24 0.05 0.001 232 nan nan
12 24 0.05 0.001 233 nan nan
12 24 0.05 0.001 234 nan nan
12 24 0.05 0.001 235 nan nan
12 24 0.05 0.001 236 nan nan
12 24 0.05 0.001 237 nan nan
12 24 0.05 0.001 238 nan nan
12 24 0.05 0.001 239 nan nan
12 24 0.05 0.001 240 nan nan
12 24 0.05 0.001 241 nan nan
12 24 0.05 0.001 242 nan nan
12 24 0.05 0.001 243 nan nan
12 24 0.05 0.001 244 nan nan
12 24 0.05 0.001 245 nan nan
12 24 0.05 0.001 246 nan nan
12 24 0.05 0.001 247 nan nan
12 24 0.05 0.001 248 nan nan
12 24 0.05 0.001 249 nan nan
12 24 0.05 0.001 250 nan nan
12 24 0.05 0.001 251 nan nan
12 24 0.05 0.001 252 nan nan
12 24 0.05 0.001 253 nan nan
12 24 0.05 0.001 254 nan nan
12 24 0.05 0.001 255 nan nan
12 24 0.05 0.001 256 nan nan
12 24 0.05 0.001 257 nan nan
12 24 0.05 0.001 258 nan nan
12 24 0.05 0.001 259 nan nan
12 24 0.05 0.001 260 nan nan
12 24 0.05 0.001 261 nan nan
12 24 0.05 0.001 262 nan nan
12 24 0.05 0.001 263 nan nan
12 24 0.05 0.001 264 nan nan
12 24 0.05 0.001 265 nan nan
12 24 0.05 0.001 266 nan nan
12 24 0.05 0.001 267 nan nan
12 24 0.05 0.001 268 nan nan
12 24 0.05 0.001 269 nan nan
12 24 0.05 0.001 270 nan nan
12 24 0.05 0.001 271 nan nan
12 24 0.05 0.001 272 nan nan
12 24 0.05 0.001 273 nan nan
12 24 0.05 0.001 274 nan nan
12 24 0.05 0.001 275 nan nan
12 24 0.05 0.001 276 nan nan
12 24 0.05 0.001 277 nan nan
12 24 0.05 0.001 278 nan nan
12 24 0.05 0.001 279 nan nan
12 24 0.05 0.001 280 nan nan
12 24 0.05 0.001 281 nan nan
12 24 0.05 0.001 282 nan nan
12 24 0.05 0.001 283 nan nan
12 24 0.05 0.001 284 nan nan
12 24 0.05 0.001 285 nan nan
12 24 0.05 0.001 286 nan nan
12 24 0.05 0.001 287 nan nan
12 24 0.05 0.001 288 nan nan
12 24 0.10 0.001 0 0.004352709642558 0.003837646444892
12 24 0.10 0.001 1 nan nan
12 24 0.10 0.001 2 nan nan
12 24 0.10 0.001 3 nan nan
12 24 0.10 0.001 4 nan nan
12 24 0.10 0.001 5 -0.581920526272362 0.003817548380321
12 24 0.10 0.001 6 nan nan
12 24 0.10 0.001 7 nan nan
12 24 0.10 0.001 8 nan nan
12 24 0.10 0.001 9 nan nan
12 24 0.10 0.001 10 nan nan
12 24 0.10 0.001 11 -0.212390830834338 0.002659817945116
12 24 0.10 0.001 12 -0.331909638325207 0.003574905393154
12 24 0.10 0.001 13 -0.091846895626705 0.002066244875080
12 24 0.10 0.001 14 nan nan
12 24 0.10 0.001 15 -0.167916490764266 0.003409620894244
12 24 0.10 0.001 16 nan nan
12 24 0.10 0.001 17 nan nan
12 24 0.10 0.001 18 nan nan
12 24 0.10 0.001 19 nan nan
12 24 0.10 0.001 20 nan nan
12 24 0.10 0.001 21 -0.251084598478479 0.002709782526830
12 24 0.10 0.001 22 -0.153875153082928 0.002550559401125
12 24 0.10 0.001 23 -0.088218750928887 0.002072614967163
12 24 0.10 0.001 24 -0.097110505644428 0.002301470428473
12 24 0.10 0.001 25 -0.131169660474128 0.001993667591781
12 24 0.10 0.001 26 nan nan
12 24 0.10 0.001 27 nan nan
12 24 0.10 0.001 28 -0.072995517961662 0.001752031600710
12 24 0.10 0.001 29 -0.031097282143342 0.001837590032067
12 24 0.10 0.001 30 nan nan
12 24 0.10 0.001 31 nan nan
12 24 0.10 0.001 32 nan nan
12 24 0.10 0.001 33 -0.050294194590291 0.002175744304951
12 24 0.10 0.001 34 -0.017248604985417 0.001825562619709
12 24 0.10 0.001 35 nan nan
12 24 0.10 0.001 36 nan nan
12 24 0.10 0.001 37 nan nan
12 24 0.10 0.001 38 0.013268154419151 0.002006292937579
12 24 0.10 0.001 39 nan nan
12 24 0.10 0.001 40 nan nan
12 24 0.10 0.001 41 nan nan
12 24 0.10 0.001 42 nan nan
12 24 0.10 0.001 43 nan nan
12 24 0.10 0.001 44 nan nan
12 24 0.10 0.001 45 nan nan
12 24 0.10 0.001 46 nan nan
12 24 0.10 0.001 47 0.137055663230412 0.002140014556154
12 24 0.10 0.001 48 0.091593818694671 0.002522050195698
12 24 0.10 0.001 49 nan nan
12 24 0.10 0.001 50 nan nan
12 24 0.10 0.001 51 0.234257988721605 0.003041586368204
12 24 0.10 0.001 52 nan nan
12 24 0.10 0.001 53 nan nan
12 24 0.10 0.001 54 nan nan
12 24 0.10 0.001 55 nan nan
12 24 0.10 0.001 56 nan nan
12 24 0.10 0.001 57 nan nan
12 24 0.10 0.001 58 nan nan
12 24 0.10 0.001 59 0.102317515085394 0.002292672855222
12 24 0.10 0.001 60 nan nan
12 24 0.10 0.001 61 nan nan
12 24 0.10 0.001 62 nan nan
12 24 0.10 0.001 63 nan nan
12 24 0.10 0.001 64 0.420193277447750 0.003165620351227
12 24 0.10 0.001 65 nan nan
12 24 0.10 0.001 66 0.813423782628558 0.004615629087773
12 24 0.10 0.001 67 0.530589145100106 0.003542437799838
12 24 0.10 0.001 68 nan nan
12 24 0.10 0.001 69 0.690384092505968 0.003224287386059
12 24 0.10 0.001 70 0.799867553568296 0.003714371768271
12 24 0.10 0.001 71 0.577838360670485 0.003899100077824
12 24 0.10 0.001 72 0.007354771709477 0.004936782195668
12 24 0.10 0.001 73 nan nan
12 24 0.10 0.001 74 nan nan
12 24 0.10 0.001 75 nan nan
12 24 0.10 0.001 76 nan nan
12 24 0.10 0.001 77 nan nan
12 24 0.10 0.001 78 nan nan
12 24 0.10 0.001 79 nan nan
12 24 0.10 0.001 80 nan nan
12 24 0.10 0.001 81 nan nan
12 24 0.10 0.001 82 nan nan
12 24 0.10 0.001 83 nan nan
12 24 0.10 0.001 84 nan nan
12 24 0.10 0.001 85 nan nan
12 24 0.10 0.001 86 nan nan
12 24 0.10 0.001 87 nan nan
12 24 0.10 0.001 88 nan nan
12 24 0.10 0.001 89 nan nan
12 24 0.10 0.001 90 nan nan
12 24 0.10 0.001 91 nan nan
12 24 0.10 0.001 92 nan nan
12 24 0.10 0.001 93 nan nan
12 24 0.10 0.001 94 nan nan
12 24 0.10 0.001 95 nan nan
12 24 0.10 0.001 96 nan nan
12 24 0.10 0.001 97 nan nan
12 24 0.10 0.001 98 nan nan
12 24 0.10 0.001 99 nan nan
12 24 0.10 0.001 100 nan nan
12 24 0.10 0.001 101 nan nan
12 24 0.10 0.001 102 nan nan
12 24 0.10 0.001 103 nan nan
12 24 0.10 0.001 104 nan nan
12 24 0.10 0.001 105 nan nan
12 24 0.10 0.001 106 nan nan
12 24 0.10 0.001 107 nan nan
12 24 0.10 0.001 108 nan nan
12 24 0.10 0.001 109 nan nan
12 24 0.10 0.001 110 nan nan
12 24 0.10 0.001 111 nan nan
12 24 0.10 0.001 112 nan nan
12 24 0.10 0.001 113 nan nan
12 24 0.10 0.001 114 nan nan
12 24 0.10 0.001 115 nan nan
12 24 0.10 0.001 116 nan nan
12 24 0.10 0.001 117 nan nan
12 24 0.10 0.001 118 nan nan
12 24 0.10 0.001 119 nan nan
12 24 0.10 0.001 120 nan nan
12 24 0.10 0.001 121 nan nan
12 24 0.10 0.001 122 nan nan
12 24 0.10 0.001 123 nan nan
12 24 0.10 0.001 124 nan nan
12 24 0.10 0.001 125 nan nan
12 24 0.10 0.001 126 nan nan
12 24 0.10 0.001 127 nan nan
12 24 0.10 0.001 128 nan nan
12 24 0.10 0.001 129 nan nan
12 24 0.10 0.001 130 nan nan
12 24 0.10 0.001 131 nan nan
12 24 0.10 0.001 132 nan nan
12 24 0.10 0.001 133 nan nan
12 24 0.10 0.001 134 nan nan
12 24 0.10 0.001 135 nan nan
12 24 0.10 0.001 136 nan nan
12 24 0.10 0.001 137 nan nan
12 24 0.10 0.001 138 nan nan
12 24 0.10 0.001 139 nan nan
12 24 0.10 0.001 140 nan nan
12 24 0.10 0.001 141 nan nan
12 24 0.10 0.001 142 nan nan
12 24 0.10 0.001 143 nan nan
12 24 0.10 0.001 144 nan nan
12 24 0.10 0.001 145 nan nan
12 24 0.10 0.001 146 nan nan
12 24 0.10 0.001 147 nan nan
12 24 0.10 0.001 148 nan nan
12 24 0.10 0.001 149 nan nan
12 24 0.10 0.001 150 nan nan
12 24 0.10 0.001 151 nan nan
12 24 0.10 0.001 152 nan nan
12 24 0.10 0.001 153 nan nan
12 24 0.10 0.001 154 nan nan
12 24 0.10 0.001 155 nan nan
12 24 0.10 0.001 156 nan nan
12 24 0.10 0.001 157 nan nan
12 24 0.10 0.001 158 nan nan
12 24 0.10 0.001 159 nan nan
12 24 0.10 0.001 160 nan nan
12 24 0.10 0.001 161 nan nan
12 24 0.10 0.001 162 nan nan
12 24 0.10 0.001 163 nan nan
12 24 0.10 0.001 164 nan nan
12 24 0.10 0.001 165 nan nan
12 24 0.10 0.001 166 nan nan
12 24 0.10 0.001 167 nan nan
12 24 0.10 0.001 168 nan nan
12 24 0.10 0.001 169 nan nan
12 24 0.10 0.001 170 nan nan
12 24 0.10 0.001 171 nan nan
12 24 0.10 0.001 172 nan nan
12 24 0.10 0.001 173 nan nan
12 24 0.10 0.001 174 nan nan
12 24 0.10 0.001 175 nan nan
12 24 0.10 0.001 176 nan nan
12 24 0.10 0.001 177 nan nan
12 24 0.10 0.001 178 nan nan
12 24 0.10 0.001 179 nan nan
12 24 0.10 0.001 180 nan nan
12 24 0.10 0.001 181 nan nan
12 24 0.10 0.001 182 nan nan
12 24 0.10 0.001 183 nan nan
12 24 0.10 0.001 184 nan nan
12 24 0.10 0.001 185 nan nan
12 24 0.10 0.001 186 nan nan
12 24 0.10 0.001 187 nan nan
12 24 0.10 0.001 188 nan nan
12 24 0.10 0.001 189 nan nan
12 24 0.10 0.001 190 nan nan
12 24 0.10 0.001 191 nan nan
12 24 0.10 0.001 192 nan nan
12 24 0.10 0.001 193 nan nan
12 24 0.10 0.001 194 nan nan
12 24 0.10 0.001 195 nan nan
12 24 0.10 0.001 196 nan nan
12 24 0.10 0.001 197 nan nan
12 24 0.10 0.001 198 nan nan
12 24 0.10 0.001 199 nan nan
12 24 0.10 0.001 200 nan nan
12 24 0.10 0.001 201 nan nan
12 24 0.10 0.001 202 nan nan
12 24 0.10 0.001 203 nan nan
12 24 0.10 0.001 204 nan nan
12 24 0.10 0.001 205 nan nan
12 24 0.10 0.001 206 nan nan
12 24 0.10 0.001 207 nan nan
12 24 0.10 0.001 208 nan nan
12 24 0.10 0.001 209 nan nan
12 24 0.10 0.001 210 nan nan
12 24 0.10 0.001 211 nan nan
12 24 0.10 0.001 212 nan nan
12 24 0.10 0.001 213 nan nan
12 24 0.10 0.001 214 nan nan
12 24 0.10 0.001 215 nan nan
12 24 0.10 0.001 216 nan nan
12 24 0.10 0.001 217 nan nan
12 24 0.10 0.001 218 nan nan
12 24 0.10 0.001 219 nan nan
12 24 0.10 0.001 220 nan nan
12 24 0.10 0.001 221 nan nan
12 24 0.10 0.001 222 nan nan
12 24 0.10 0.001 223 nan nan
12 24 0.10 0.001 224 nan nan
12 24 0.10 0.001 225 nan nan
12 24 0.10 0.001 226 nan nan
12 24 0.10 0.001 227 nan nan
12 24 0.10 0.001 228 nan nan
12 24 0.10 0.001 229 nan nan
12 24 0.10 0.001 230 nan nan
12 24 0.10 0.001 231 nan nan
12 24 0.10 0.001 232 nan nan
12 24 0.10 0.001 233 nan nan
12 24 0.10 0.001 234 nan nan
12 24 0.10 0.001 235 nan nan
12 24 0.10 0.001 236 nan nan
12 24 0.10 0.001 237 nan nan
12 24 0.10 0.001 238 nan nan
12 24 0.10 0.001 239 nan nan
12 24 0.10 0.001 240 nan nan
12 24 0.10 0.001 241 nan nan
12 24 0.10 0.001 242 nan nan
12 24 0.10 0.001 243 nan nan
12 24 0.10 0.001 244 nan nan
12 24 0.10 0.001 245 nan nan
12 24 0.10 0.001 246 nan nan
12 24 0.10 0.001 247 nan nan
12 24 0.10 0.001 248 nan nan
12 24 0.10 0.001 249 nan nan
12 24 0.10 0.001 250 nan nan
12 24 0.10 0.001 251 nan nan
12 24 0.10 0.001 252 nan nan
12 24 0.10 0.001 253 nan nan
12 24 0.10 0.001 254 nan nan
12 24 0.10 0.001 255 nan nan
12 24 0.10 0.001 256 nan nan
12 24 0.10 0.001 257 nan nan
12 24 0.10 0.001 258 nan nan
12 24 0.10 0.001 259 nan nan
12 24 0.10 0.001 260 nan nan
12 24 0.10 0.001 261 nan nan
12 24 0.10 0.001 262 nan nan
12 24 0.10 0.001 263 nan nan
12 24 0.10 0.001 264 nan nan
12 24 0.10 0.001 265 nan nan
12 24 0.10 0.001 266 nan nan
12 24 0.10 0.001 267 nan nan
12 24 0.10 0.001 268 nan nan
12 24 0.10 0.001 269 nan nan
12 24 0.10 0.001 270 nan nan
12 24 0.10 0.001 271 nan nan
12 24 0.10 0.001 272 nan nan
12 24 0.10 0.001 273 nan nan
12 24 0.10 0.001 274 nan nan
12 24 0.10 0.001 275 nan nan
12 24 0.10 0.001 276 nan nan
12 24 0.10 0.001 277 nan nan
12 24 0.10 0.001 278 nan nan
12 24 0.10 0.001 279 nan nan
12 24 0.10 0.001 280 nan nan
12 24 0.10 0.001 281 nan nan
12 24 0.10 0.001 282 nan nan
12 24 0.10 0.001 283 nan nan
12 24 0.10 0.001 284 nan nan
12 24 0.10 0.001 285 nan nan
12 24 0.10 0.001 286 nan nan
12 24 0.10 0.001 287 nan nan
12 24 0.10 0.001 288 nan nan
12 24 0.15 0.001 0 nan nan
12 24 0.15 0.001 1 nan nan
12 24 0.15 0.001 2 nan nan
12 24 0.15 0.001 3 nan nan
12 24 0.15 0.001 4 nan nan
12 24 0.15 0.001 5 0.911120446364195 0.004423735028863
12 24 0.15 0.001 6 1.466795190642311 0.006205634291804
12 24 0.15 0.001 7 0.886600078179393 0.004309754266331
12 24 0.15 0.001 8 nan nan
12 24 0.15 0.001 9 nan nan
12 24 0.15 0.001 10 0.498705347845836 0.003753560653477
12 24 0.15 0.001 11 nan nan
12 24 0.15 0.001 12 0.709445693612873 0.005180001753784
12 24 0.15 0.001 13 0.277776865970874 0.002619858932909
12 24 0.15 0.001 14 nan nan
12 24 0.15 0.001 15 nan nan
12 24 0.15 0.001 16 nan nan
12 24 0.15 0.001 17 0.092039614549149 0.003192856600148
12 24 0.15 0.001 18 0.222747911413708 0.003441551672919
12 24 0.15 0.001 19 0.402170797821701 0.003104970432376
12 24 0.15 0.001 20 nan nan
12 24 0.15 0.001 21 nan nan
12 24 0.15 0.001 22 nan nan
12 24 0.15 0.001 23 0.205782845505565 0.003050077579156
12 24 0.15 0.001 24 0.260209574425392 0.003440106886286
12 24 0.15 0.001 25 nan nan
12 24 0.15 0.001 26 0.320935166893078 0.002860401764232
12 24 0.15 0.001 27 nan nan
12 24 0.15 0.001 28 nan nan
12 24 0.15 0.001 29 nan nan
12 24 0.15 0.001 30 nan nan
12 24 0.15 0.001 31 nan nan
12 24 0.15 0.001 32 nan nan
12 24 0.15 0.001 33 nan nan
12 24 0.15 0.001 34 0.038706279665117 0.002882159684065
12 24 0.15 0.001 35 0.051483577094073 0.001929554643834
12 24 0.15 0.001 36 nan nan
12 24 0.15 0.001 37 -0.050531633060325 0.002330889095620
12 24 0.15 0.001 38 -0.044367455547809 0.002681831839204
12 24 0.15 0.001 39 -0.121142050707113 0.003093006740792
12 24 0.15 0.001 40 -0.049889088455663 0.002087194493480
12 24 0.15 0.001 41 nan nan
12 24 0.15 0.001 42 nan nan
12 24 0.15 0.001 43 nan nan
12 24 0.15 0.001 44 -0.150745537271272 0.002591944072644
12 24 0.15 0.001 45 -0.136350221533921 0.001876099686174
12 24 0.15 0.001 46 nan nan
12 24 0.15 0.001 47 nan nan
12 24 0.15 0.001 48 -0.259094644708267 0.003681810517014
12 24 0.15 0.001 49 nan nan
12 24 0.15 0.001 50 nan nan
12 24 0.15 0.001 51 -0.531475712125811 0.003216980269801
12 24 0.15 0.001 52 nan nan
12 24 0.15 0.001 53 -0.400611608611271 0.003239077288131
12 24 0.15 0.001 54 nan nan
12 24 0.15 0.001 55 -0.115527734581348 0.002852314704721
12 24 0.15 0.001 56 -0.242841755328889 0.003333395959491
12 24 0.15 0.001 57 nan nan
12 24 0.15 0.001 58 -0.354260708966476 0.003569974203202
12 24 0.15 0.001 59 nan nan
12 24 0.15 0.001 60 -0.708037374929972 0.004846694471620
12 24 0.15 0.001 61 nan nan
12 24 0.15 0.001 62 -0.565128621604712 0.003522297529911
12 24 0.15 0.001 63 -0.421274261403006 0.003178451471126
12 24 0.15 0.001 64 -0.730089605865773 0.004468727655174
12 24 0.15 0.001 65 nan nan
12 24 0.15 0.001 66 nan nan
12 24 0.15 0.001 67 -0.922742453525001 0.004828132818289
12 24 0.15 0.001 68 nan nan
12 24 0.15 0.001 69 -1.404193567412069 0.004836266259049
12 24 0.15 0.001 70 -1.555859425021958 0.005710983544045
12 24 0.15 0.001 71 -1.076617079653007 0.005046328589440
12 24 0.15 0.001 72 nan nan
12 24 0.15 0.001 73 nan nan
12 24 0.15 0.001 74 nan nan
12 24 0.15 0.001 75 nan nan
12 24 0.15 0.001 76 nan nan
12 24 0.15 0.001 77 nan nan
12 24 0.15 0.001 78 nan nan
12 24 0.15 0.001 79 nan nan
12 24 0.15 0.001 80 nan nan
12 24 0.15 0.001 81 nan nan
12 24 0.15 0.001 82 nan nan
12 24 0.15 0.001 83 nan nan
12 24 0.15 0.001 84 nan nan
12 24 0.15 0.001 85 nan nan
12 24 0.15 0.001 86 nan nan
12 24 0.15 0.001 87 nan nan
12 24 0.15 0.001 88 nan nan
12 24 0.15 0.001 89 nan nan
12 24 0.15 0.001 90 nan nan
12 24 0.15 0.001 91 nan nan
12 24 0.15 0.001 92 nan nan
12 24 0.15 0.001 93 nan nan
12 24 0.15 0.001 94 nan nan
12 24 0.15 0.001 95 nan nan
12 24 0.15 0.001 96 nan nan
12 24 0.15 0.001 97 nan nan
12 24 0.15 0.001 98 nan nan
12 24 0.15 0.001 99 nan nan
12 24 0.15 0.001 100 nan nan
12 24 0.15 0.001 101 nan nan
12 24 0.15 0.001 102 nan nan
12 24 0.15 0.001 103 nan nan
12 24 0.15 0.001 104 nan nan
12 24 0.15 0.001 105 nan nan
12 24 0.15 0.001 106 nan nan
12 24 0.15 0.001 107 nan nan
12 24 0.15 0.001 108 nan nan
12 24 0.15 0.001 109 nan nan
12 24 0.15 0.001 110 nan nan
12 24 0.15 0.001 111 nan nan
12 24 0.15 0.001 112 nan nan
12 24 0.15 0.001 113 nan nan
12 24 0.15 0.001 114 nan nan
12 24 0.15 0.001 115 nan nan
12 24 0.15 0.001 116 nan nan
12 24 0.15 0.001 117 nan nan
12 24 0.15 0.001 118 nan nan
12 24 0.15 0.001 119 nan nan
12 24 0.15 0.001 120 nan nan
12 24 0.15 0.001 121 nan nan
12 24 0.15 0.001 122 nan nan
12 24 0.15 0.001 123 nan nan
12 24 0.15 0.001 124 nan nan
12 24 0.15 0.001 125 nan nan
12 24 0.15 0.001 126 nan nan
12 24 0.15 0.001 127 nan nan
12 24 0.15 0.001 128 nan nan
12 24 0.15 0.001 129 nan nan
12 24 0.15 0.001 130 nan nan
12 24 0.15 0.001 131 nan nan
12 24 0.15 0.001 132 nan nan
12 24 0.15 0.001 133 nan nan
12 24 0.15 0.001 134 nan nan
12 24 0.15 0.001 135 nan nan
12 24 0.15 0.001 136 nan nan
12 24 0.15 0.001 137 nan nan
12 24 0.15 0.001 138 nan nan
12 24 0.15 0.001 139 nan nan
12 24 0.15 0.001 140 nan nan
12 24 0.15 0.001 141 nan nan
12 24 0.15 0.001 142 nan nan
12 24 0.15 0.001 143 nan nan
12 24 0.15 0.001 144 nan nan
12 24 0.15 0.001 145 nan nan
12 24 0.15 0.001 146 nan nan
12 24 0.15 0.001 147 nan nan
12 24 0.15 0.001 148 nan nan
12 24 0.15 0.001 149 nan nan
12 24 0.15 0.001 150 nan nan
12 24 0.15 0.001 151 nan nan
12 24 0.15 0.001 152 nan nan
12 24 0.15 0.001 153 nan nan
12 24 0.15 0.001 154 nan nan
12 24 0.15 0.001 155 nan nan
12 24 0.15 0.001 156 nan nan
12 24 0.15 0.001 157 nan nan
12 24 0.15 0.001 158 nan nan
12 24 0.15 0.001 159 nan nan
12 24 0.15 0.001 160 nan nan
12 24 0.15 0.001 161 nan nan
12 24 0.15 0.001 162 nan nan
12 24 0.15 0.001 163 nan nan
12 24 0.15 0.001 164 nan nan
12 24 0.15 0.001 165 nan nan
12 24 0.15 0.001 166 nan nan
12 24 0.15 0.001 167 nan nan
12 24 0.15 0.001 168 nan nan
12 24 0.15 0.001 169 nan nan
12 24 0.15 0.001 170 nan nan
12 24 0.15 0.001 171 nan nan
12 24 0.15 0.001 172 nan nan
12 24 0.15 0.001 173 nan nan
12 24 0.15 0.001 174 nan nan
12 24 0.15 0.001 175 nan nan
12 24 0.15 0.001 176 nan nan
12 24 0.15 0.001 177 nan nan
12 24 0.15 0.001 178 nan nan
12 24 0.15 0.001 179 nan nan
12 24 0.15 0.001 180 nan nan
12 24 0.15 0.001 181 nan nan
12 24 0.15 0.001 182 nan nan
12 24 0.15 0.001 183 nan nan
12 24 0.15 0.001 184 nan nan
12 24 0.15 0.001 185 nan nan
12 24 0.15 0.001 186 nan nan
12 24 0.15 0.001 187 nan nan
12 24 0.15 0.001 188 nan nan
12 24 0.15 0.001 189 nan nan
12 24 0.15 0.001 190 nan nan
12 24 0.15 0.001 191 nan nan
12 24 0.15 0.001 192 nan nan
12 24 0.15 0.001 193 nan nan
12 24 0.15 0.001 194 nan nan
12 24 0.15 0.001 195 nan nan
12 24 0.15 0.001 196 nan nan
12 24 0.15 0.001 197 nan nan
12 24 0.15 0.001 198 nan nan
12 24 0.15 0.001 199 nan nan
12 24 0.15 0.001 200 nan nan
12 24 0.15 0.001 201 nan nan
12 24 0.15 0.001 202 nan nan
12 24 0.15 0.001 203 nan nan
12 24 0.15 0.001 204 nan nan
12 24 0.15 0.001 205 nan nan
12 24 0.15 0.001 206 nan nan
12 24 0.15 0.001 207 nan nan
12 24 0.15 0.001 208 nan nan
12 24 0.15 0.001 209 nan nan
12 24 0.15 0.001 210 nan nan
12 24 0.15 0.001 211 nan nan
12 24 0.15 0.001 212 nan nan
12 24 0.15 0.001 213 nan nan
12 24 0.15 0.001 214 nan nan
12 24 0.15 0.001 215 nan nan
12 24 0.15 0.001 216 nan nan
12 24 0.15 0.001 217 nan nan
12 24 0.15 0.001 218 nan nan
12 24 0.15 0.001 219 nan nan
12 24 0.15 0.001 220 nan nan
12 24 0.15 0.001 221 nan nan
12 24 0.15 0.001 222 nan nan
12 24 0.15 0.001 223 nan nan
12 24 0.15 0.001 224 nan nan
12 24 0.15 0.001 225 nan nan
12 24 0.15 0.001 226 nan nan
12 24 0.15 0.001 227 nan nan
12 24 0.15 0.001 228 nan nan
12 24 0.15 0.001 229 nan nan
12 24 0.15 0.001 230 nan nan
12 24 0.15 0.001 231 nan nan
12 24 0.15 0.001 232 nan nan
12 24 0.15 0.001 233 nan nan
12 24 0.15 0.001 234 nan nan
12 24 0.15 0.001 235 nan nan
12 24 0.15 0.001 236 nan nan
12 24 0.15 0.001 237 nan nan
12 24 0.15 0.001 238 nan nan
12 24 0.15 0.001 239 nan nan
12 24 0.15 0.001 240 nan nan
12 24 0.15 0.001 241 nan nan
12 24 0.15 0.001 242 nan nan
12 24 0.15 0.001 243 nan nan
12 24 0.15 0.001 244 nan nan
12 24 0.15 0.001 245 nan nan
12 24 0.15 0.001 246 nan nan
12 24 0.15 0.001 247 nan nan
12 24 0.15 0.001 248 nan nan
12 24 0.15 0.001 249 nan nan
12 24 0.15 0.001 250 nan nan
12 24 0.15 0.001 251 nan nan
12 24 0.15 0.001 252 nan nan
12 24 0.15 0.001 253 nan nan
12 24 0.15 0.001 254 nan nan
12 24 0.15 0.001 255 nan nan
12 24 0.15 0.001 256 nan nan
12 24 0.15 0.001 257 nan nan
12 24 0.15 0.001 258 nan nan
12 24 0.15 0.001 259 nan nan
12 24 0.15 0.001 260 nan nan
12 24 0.15 0.001 261 nan nan
12 24 0.15 0.001 262 nan nan
12 24 0.15 0.001 263 nan nan
12 24 0.15 0.001 264 nan nan
12 24 0.15 0.001 265 nan nan
12 24 0.15 0.001 266 nan nan
12 24 0.15 0.001 267 nan nan
12 24 0.15 0.001 268 nan nan
12 24 0.15 0.001 269 nan nan
12 24 0.15 0.001 270 nan nan
12 24 0.15 0.001 271 nan nan
12 24 0.15 0.001 272 nan nan
12 24 0.15 0.001 273 nan nan
12 24 0.15 0.001 274 nan nan
12 24 0.15 0.001 275 nan nan
12 24 0.15 0.001 276 nan nan
12 24 0.15 0.001 277 nan nan
12 24 0.15 0.001 278 nan nan
12 24 0.15 0.001 279 nan nan
12 24 0.15 0.001 280 nan nan
12 24 0.15 0.001 281 nan nan
12 24 0.15 0.001 282 nan nan
12 24 0.15 0.001 283 nan nan
12 24 0.15 0.001 284 nan nan
12 24 0.15 0.001 285 nan nan
12 24 0.15 0.001 286 nan nan
12 24 0.15 0.001 287 nan nan
12 24 0.15 0.001 288 nan nan
12 24 0.20 0.001 0 nan nan
12 24 0.20 0.001 1 nan nan
12 24 0.20 0.001 2 0.357075119194782 0.001718732189329
12 24 0.20 0.001 3 nan nan
12 24 0.20 0.001 4 nan nan
12 24 0.20 0.001 5 0.259884607735327 0.001848673224299
12 24 0.20 0.001 6 0.378384140356431 0.002723616918461
12 24 0.20 0.001 7 nan nan
12 24 0.20 0.001 8 0.369942716985677 0.002479686100701
12 24 0.20 0.001 9 nan nan
12 24 0.20 0.001 10 0.218782488150482 0.002084343032826
12 24 0.20 0.001 11 0.272075731966960 0.001744559832844
12 24 0.20 0.001 12 nan nan
12 24 0.20 0.001 13 0.202494431922969 0.001758344373620
12 24 0.20 0.001 14 nan nan
12 24 0.20 0.001 15 0.169004757923607 0.001873803661199
12 24 0.20 0.001 16 0.129340220686744 0.001261650135161
12 24 0.20 0.001 17 0.073292206707111 0.001558167292729
12 24 0.20 0.001 18 nan nan
12 24 0.20 0.001 19 0.161152655386757 0.001354342460711
12 24 0.20 0.001 20 nan nan
12 24 0.20 0.001 21 0.194794579751427 0.001520238740379
12 24 0.20 0.001 22 nan nan
12 24 0.20 0.001 23 nan nan
12 24 0.20 0.001 24 0.109043593674802 0.001820190702821
12 24 0.20 0.001 25 0.129514175194490 0.001425479347778
12 24 0.20 0.001 26 0.138379488970912 0.001119535571362
12 24 0.20 0.001 27 0.082733416039978 0.001398306601167
12 24 0.20 0.001 28 0.078142713042220 0.001459820520199
12 24 0.20 0.001 29 0.056927894194236 0.001134833104935
12 24 0.20 0.001 30 0.094516824837029 0.001683393335933
12 24 0.20 0.001 31 nan nan
12 24 0.20 0.001 32 0.041059387930969 0.001172954999171
12 24 0.20 0.001 33 0.046647456523000 0.001408619292122
12 24 0.20 0.001 34 nan nan
12 24 0.20 0.001 35 0.012879694471816 0.001421545565859
12 24 0.20 0.001 36 -0.001740049499195 0.001747549708711
12 24 0.20 0.001 37 nan nan
12 24 0.20 0.001 38 nan nan
12 24 0.20 0.001 39 nan nan
12 24 0.20 0.001 40 nan nan
12 24 0.20 0.001 41 -0.046749216177181 0.001632732329755
12 24 0.20 0.001 42 nan nan
12 24 0.20 0.001 43 nan nan
12 24 0.20 0.001 44 -0.095439826059497 0.001308969075950
12 24 0.20 0.001 45 -0.085326624988880 0.001111389798294
12 24 0.20 0.001 46 nan nan
12 24 0.20 0.001 47 -0.123373627858155 0.001522454207651
12 24 0.20 0.001 48 -0.107552959466174 0.001391874981470
12 24 0.20 0.001 49 -0.119976817001509 0.001496846011309
12 24 0.20 0.001 50 nan nan
12 24 0.20 0.001 51 nan nan
12 24 0.20 0.001 52 nan nan
12 24 0.20 0.001 53 -0.153500899388933 0.001591706798257
12 24 0.20 0.001 54 -0.114219773583593 0.001283294103006
12 24 0.20 0.001 55 -0.100322613772182 0.001331686677236
12 24 0.20 0.001 56 nan nan
12 24 0.20 0.001 57 -0.210178981561047 0.001966762964752
12 24 0.20 0.001 58 -0.201307462488542 0.001666041448573
12 24 0.20 0.001 59 -0.203328000257307 0.001255904171036
12 24 0.20 0.001 60 -0.241558377985950 0.001889516037761
12 24 0.20 0.001 61 nan nan
12 24 0.20 0.001 62 nan nan
12 24 0.20 0.001 63 -0.306998721242777 0.001708198415826
12 24 0.20 0.001 64 -0.420001256159135 0.002278618258152
12 24 0.20 0.001 65 -0.423194278891447 0.002199659738330
12 24 0.20 0.001 66 nan nan
12 24 0.20 0.001 67 nan nan
12 24 0.20 0.001 68 nan nan
12 24 0.20 0.001 69 -0.401729965495990 0.001659301452724
12 24 0.20 0.001 70 -0.429218432975355 0.002551277542379
12 24 0.20 0.001 71 -0.283355983191901 0.001907008309077
12 24 0.20 0.001 72 0.000154946405856 0.002218784504529
12 24 0.20 0.001 73 nan nan
12 24 0.20 0.001 74 nan nan
12 24 0.20 0.001 75 nan nan
12 24 0.20 0.001 76 nan nan
12 24 0.20 0.001 77 nan nan
12 24 0.20 0.001 78 nan nan
12 24 0.20 0.001 79 nan nan
12 24 0.20 0.001 80 nan nan
12 24 0.20 0.001 81 nan nan
12 24 0.20 0.001 82 nan nan
12 24 0.20 0.001 83 nan nan
12 24 0.20 0.001 84 nan nan
12 24 0.20 0.001 85 nan nan
12 24 0.20 0.001 86 nan nan
12 24 0.20 0.001 87 nan nan
12 24 0.20 0.001 88 nan nan
12 24 0.20 0.001 89 nan nan
12 24 0.20 0.001 90 nan nan
12 24 0.20 0.001 91 nan nan
12 24 0.20 0.001 92 nan nan
12 24 0.20 0.001 93 nan nan
12 24 0.20 0.001 94 nan nan
12 24 0.20 0.001 95 nan nan
12 24 0.20 0.001 96 nan nan
12 24 0.20 0.001 97 nan nan
12 24 0.20 0.001 98 nan nan
12 24 0.20 0.001 99 nan nan
12 24 0.20 0.001 100 nan nan
12 24 0.20 0.001 101 nan nan
12 24 0.20 0.001 102 nan nan
12 24 0.20 0.001 103 nan nan
12 24 0.20 0.001 104 nan nan
12 24 0.20 0.001 105 nan nan
12 24 0.20 0.001 106 nan nan
12 24 0.20 0.001 107 nan nan
12 24 0.20 0.001 108 nan nan
12 24 0.20 0.001 109 nan nan
12 24 0.20 0.001 110 nan nan
12 24 0.20 0.001 111 nan nan
12 24 0.20 0.001 112 nan nan
12 24 0.20 0.001 113 nan nan
12 24 0.20 0.001 114 nan nan
12 24 0.20 0.001 115 nan nan
12 24 0.20 0.001 116 nan nan
12 24 0.20 0.001 117 nan nan
12 24 0.20 0.001 118 nan nan
12 24 0.20 0.001 119 nan nan
12 24 0.20 0.001 120 nan nan
12 24 0.20 0.001 121 nan nan
12 24 0.20 0.001 122 nan nan
12 24 0.20 0.001 123 nan nan
12 24 0.20 0.001 124 nan nan
12 24 0.20 0.001 125 nan nan
12 24 0.20 0.001 126 nan nan
12 24 0.20 0.001 127 nan nan
12 24 0.20 0.001 128 nan nan
12 24 0.20 0.001 129 nan nan
12 24 0.20 0.001 130 nan nan
12 24 0.20 0.001 131 nan nan
12 24 0.20 0.001 132 nan nan
12 24 0.20 0.001 133 nan nan
12 24 0.20 0.001 134 nan nan
12 24 0.20 0.001 135 nan nan
12 24 0.20 0.001 136 nan nan
12 24 0.20 0.001 137 nan nan
12 24 0.20 0.001 138 nan nan
12 24 0.20 0.001 139 nan nan
12 24 0.20 0.001 140 nan nan
12 24 0.20 0.001 141 nan nan
12 24 0.20 0.001 142 nan nan
12 24 0.20 0.001 143 nan nan
12 24 0.20 0.001 144 nan nan
12 24 0.20 0.001 145 nan nan
12 24 0.20 0.001 146 nan nan
12 24 0.20 0.001 147 nan nan
12 24 0.20 0.001 148 nan nan
12 24 0.20 0.001 149 nan nan
12 24 0.20 0.001 150 nan nan
12 24 0.20 0.001 151 nan nan
12 24 0.20 0.001 152 nan nan
12 24 0.20 0.001 153 nan nan
12 24 0.20 0.001 154 nan nan
12 24 0.20 0.001 155 nan nan
12 24 0.20 0.001 156 nan nan
12 24 0.20 0.001 157 nan nan
12 24 0.20 0.001 158 nan nan
12 24 0.20 0.001 159 nan nan
12 24 0.20 0.001 160 nan nan
12 24 0.20 0.001 161 nan nan
12 24 0.20 0.001 162 nan nan
12 24 0.20 0.001 163 nan nan
12 24 0.20 0.001 164 nan nan
12 24 0.20 0.001 165 nan nan
12 24 0.20 0.001 166 nan nan
12 24 0.20 0.001 167 nan nan
12 24 0.20 0.001 168 nan nan
12 24 0.20 0.001 169 nan nan
12 24 0.20 0.001 170 nan nan
12 24 0.20 0.001 171 nan nan
12 24 0.20 0.001 172 nan nan
12 24 0.20 0.001 173 nan nan
12 24 0.20 0.001 174 nan nan
12 24 0.20 0.001 175 nan nan
12 24 0.20 0.001 176 nan nan
12 24 0.20 0.001 177 nan nan
12 24 0.20 0.001 178 nan nan
12 24 0.20 0.001 179 nan nan
12 24 0.20 0.001 180 nan nan
12 24 0.20 0.001 181 nan nan
12 24 0.20 0.001 182 nan nan
12 24 0.20 0.001 183 nan nan
12 24 0.20 0.001 184 nan nan
12 24 0.20 0.001 185 nan nan
12 24 0.20 0.001 186 nan nan
12 24 0.20 0.001 187 nan nan
12 24 0.20 0.001 188 nan nan
12 24 0.20 0.001 189 nan nan
12 24 0.20 0.001 190 nan nan
12 24 0.20 0.001 191 nan nan
12 24 0.20 0.001 192 nan nan
12 24 0.20 0.001 193 nan nan
12 24 0.20 0.001 194 nan nan
12 24 0.20 0.001 195 nan nan
12 24 0.20 0.001 196 nan nan
12 24 0.20 0.001 197 nan nan
12 24 0.20 0.001 198 nan nan
12 24 0.20 0.001 199 nan nan
12 24 0.20 0.001 200 nan nan
12 24 0.20 0.001 201 nan nan
12 24 0.20 0.001 202 nan nan
12 24 0.20 0.001 203 nan nan
12 24 0.20 0.001 204 nan nan
12 24 0.20 0.001 205 nan nan
12 24 0.20 0.001 206 nan nan
12 24 0.20 0.001 207 nan nan
12 24 0.20 0.001 208 nan nan
12 24 0.20 0.001 209 nan nan
12 24 0.20 0.001 210 nan nan
12 24 0.20 0.001 211 nan nan
12 24 0.20 0.001 212 nan nan
12 24 0.20 0.001 213 nan nan
12 24 0.20 0.001 214 nan nan
12 24 0.20 0.001 215 nan nan
12 24 0.20 0.001 216 nan nan
12 24 0.20 0.001 217 nan nan
12 24 0.20 0.001 218 nan nan
12 24 0.20 0.001 219 nan nan
12 24 0.20 0.001 220 nan nan
12 24 0.20 0.001 221 nan nan
12 24 0.20 0.001 222 nan nan
12 24 0.20 0.001 223 nan nan
12 24 0.20 0.001 224 nan nan
12 24 0.20 0.001 225 nan nan
12 24 0.20 0.001 226 nan nan
12 24 0.20 0.001 227 nan nan
12 24 0.20 0.001 228 nan nan
12 24 0.20 0.001 229 nan nan
12 24 0.20 0.001 230 nan nan
12 24 0.20 0.001 231 nan nan
12 24 0.20 0.001 232 nan nan
12 24 0.20 0.001 233 nan nan
12 24 0.20 0.001 234 nan nan
12 24 0.20 0.001 235 nan nan
12 24 0.20 0.001 236 nan nan
12 24 0.20 0.001 237 nan nan
12 24 0.20 0.001 238 nan nan
12 24 0.20 0.001 239 nan nan
12 24 0.20 0.001 240 nan nan
12 24 0.20 0.001 241 nan nan
12 24 0.20 0.001 242 nan nan
12 24 0.20 0.001 243 nan nan
12 24 0.20 0.001 244 nan nan
12 24 0.20 0.001 245 nan nan
12 24 0.20 0.001 246 nan nan
12 24 0.20 0.001 247 nan nan
12 24 0.20 0.001 248 nan nan
12 24 0.20 0.001 249 nan nan
12 24 0.20 0.001 250 nan nan
12 24 0.20 0.001 251 nan nan
12 24 0.20 0.001 252 nan nan
12 24 0.20 0.001 253 nan nan
12 24 0.20 0.001 254 nan nan
12 24 0.20 0.001 255 nan nan
12 24 0.20 0.001 256 nan nan
12 24 0.20 0.001 257 nan nan
12 24 0.20 0.001 258 nan nan
12 24 0.20 0.001 259 nan nan
12 24 0.20 0.001 260 nan nan
12 24 0.20 0.001 261 nan nan
12 24 0.20 0.001 262 nan nan
12 24 0.20 0.001 263 nan nan
12 24 0.20 0.001 264 nan nan
12 24 0.20 0.001 265 nan nan
12 24 0.20 0.001 266 nan nan
12 24 0.20 0.001 267 nan nan
12 24 0.20 0.001 268 nan nan
12 24 0.20 0.001 269 nan nan
12 24 0.20 0.001 270 nan nan
12 24 0.20 0.001 271 nan nan
12 24 0.20 0.001 272 nan nan
12 24 0.20 0.001 273 nan nan
12 24 0.20 0.001 274 nan nan
12 24 0.20 0.001 275 nan nan
12 24 0.20 0.001 276 nan nan
12 24 0.20 0.001 277 nan nan
12 24 0.20 0.001 278 nan nan
12 24 0.20 0.001 279 nan nan
12 24 0.20 0.001 280 nan nan
12 24 0.20 0.001 281 nan nan
12 24 0.20 0.001 282 nan nan
12 24 0.20 0.001 283 nan nan
12 24 0.20 0.001 284 nan nan
12 24 0.20 0.001 285 nan nan
12 24 0.20 0.001 286 nan nan
12 24 0.20 0.001 287 nan nan
12 24 0.20 0.001 288 nan nan
#Ls   Lt  mu  ma  nfluxes AxialCurrent Err
