24 24 0.00 0.001 0 nan nan
24 24 0.00 0.001 1 nan nan
24 24 0.00 0.001 2 nan nan
24 24 0.00 0.001 3 nan nan
24 24 0.00 0.001 4 -0.024566186991128 0.005473932409422
24 24 0.00 0.001 5 -0.031327906159239 0.005267606348405
24 24 0.00 0.001 6 -0.033472030570945 0.004943248529946
24 24 0.00 0.001 7 -0.032179102729710 0.005032130860768
24 24 0.00 0.001 8 -0.025619434703499 0.005212428975696
24 24 0.00 0.001 9 -0.018684655502117 0.005473025547754
24 24 0.00 0.001 10 nan nan
24 24 0.00 0.001 11 nan nan
24 24 0.00 0.001 12 -0.000245753733881 0.004575710512109
24 24 0.00 0.001 13 nan nan
24 24 0.00 0.001 14 nan nan
24 24 0.00 0.001 15 nan nan
24 24 0.00 0.001 16 nan nan
24 24 0.00 0.001 17 nan nan
24 24 0.00 0.001 18 nan nan
24 24 0.00 0.001 19 nan nan
24 24 0.00 0.001 20 nan nan
24 24 0.00 0.001 21 nan nan
24 24 0.00 0.001 22 nan nan
24 24 0.00 0.001 23 nan nan
24 24 0.00 0.001 24 nan nan
24 24 0.00 0.001 25 nan nan
24 24 0.00 0.001 26 nan nan
24 24 0.00 0.001 27 nan nan
24 24 0.00 0.001 28 nan nan
24 24 0.00 0.001 29 nan nan
24 24 0.00 0.001 30 nan nan
24 24 0.00 0.001 31 nan nan
24 24 0.00 0.001 32 nan nan
24 24 0.00 0.001 33 nan nan
24 24 0.00 0.001 34 nan nan
24 24 0.00 0.001 35 nan nan
24 24 0.00 0.001 36 nan nan
24 24 0.00 0.001 37 nan nan
24 24 0.00 0.001 38 nan nan
24 24 0.00 0.001 39 nan nan
24 24 0.00 0.001 40 nan nan
24 24 0.00 0.001 41 nan nan
24 24 0.00 0.001 42 nan nan
24 24 0.00 0.001 43 nan nan
24 24 0.00 0.001 44 nan nan
24 24 0.00 0.001 45 nan nan
24 24 0.00 0.001 46 nan nan
24 24 0.00 0.001 47 nan nan
24 24 0.00 0.001 48 nan nan
24 24 0.00 0.001 49 nan nan
24 24 0.00 0.001 50 nan nan
24 24 0.05 0.001 0 nan nan
24 24 0.05 0.001 1 nan nan
24 24 0.05 0.001 2 nan nan
24 24 0.05 0.001 3 nan nan
24 24 0.05 0.001 4 nan nan
24 24 0.05 0.001 5 nan nan
24 24 0.05 0.001 6 nan nan
24 24 0.05 0.001 7 nan nan
24 24 0.05 0.001 8 nan nan
24 24 0.05 0.001 9 nan nan
24 24 0.05 0.001 10 nan nan
24 24 0.05 0.001 11 nan nan
24 24 0.05 0.001 12 nan nan
24 24 0.05 0.001 13 nan nan
24 24 0.05 0.001 14 nan nan
24 24 0.05 0.001 15 nan nan
24 24 0.05 0.001 16 nan nan
24 24 0.05 0.001 17 nan nan
24 24 0.05 0.001 18 nan nan
24 24 0.05 0.001 19 nan nan
24 24 0.05 0.001 20 nan nan
24 24 0.05 0.001 21 nan nan
24 24 0.05 0.001 22 nan nan
24 24 0.05 0.001 23 nan nan
24 24 0.05 0.001 24 nan nan
24 24 0.05 0.001 25 nan nan
24 24 0.05 0.001 26 nan nan
24 24 0.05 0.001 27 nan nan
24 24 0.05 0.001 28 nan nan
24 24 0.05 0.001 29 nan nan
24 24 0.05 0.001 30 nan nan
24 24 0.05 0.001 31 nan nan
24 24 0.05 0.001 32 nan nan
24 24 0.05 0.001 33 nan nan
24 24 0.05 0.001 34 nan nan
24 24 0.05 0.001 35 nan nan
24 24 0.05 0.001 36 nan nan
24 24 0.05 0.001 37 nan nan
24 24 0.05 0.001 38 nan nan
24 24 0.05 0.001 39 nan nan
24 24 0.05 0.001 40 nan nan
24 24 0.05 0.001 41 nan nan
24 24 0.05 0.001 42 nan nan
24 24 0.05 0.001 43 nan nan
24 24 0.05 0.001 44 nan nan
24 24 0.05 0.001 45 nan nan
24 24 0.05 0.001 46 nan nan
24 24 0.05 0.001 47 nan nan
24 24 0.05 0.001 48 nan nan
24 24 0.05 0.001 49 nan nan
24 24 0.05 0.001 50 nan nan
24 24 0.10 0.001 0 nan nan
24 24 0.10 0.001 1 nan nan
24 24 0.10 0.001 2 nan nan
24 24 0.10 0.001 3 nan nan
24 24 0.10 0.001 4 nan nan
24 24 0.10 0.001 5 nan nan
24 24 0.10 0.001 6 nan nan
24 24 0.10 0.001 7 nan nan
24 24 0.10 0.001 8 nan nan
24 24 0.10 0.001 9 nan nan
24 24 0.10 0.001 10 nan nan
24 24 0.10 0.001 11 nan nan
24 24 0.10 0.001 12 nan nan
24 24 0.10 0.001 13 nan nan
24 24 0.10 0.001 14 nan nan
24 24 0.10 0.001 15 nan nan
24 24 0.10 0.001 16 nan nan
24 24 0.10 0.001 17 nan nan
24 24 0.10 0.001 18 nan nan
24 24 0.10 0.001 19 nan nan
24 24 0.10 0.001 20 nan nan
24 24 0.10 0.001 21 nan nan
24 24 0.10 0.001 22 nan nan
24 24 0.10 0.001 23 nan nan
24 24 0.10 0.001 24 nan nan
24 24 0.10 0.001 25 nan nan
24 24 0.10 0.001 26 nan nan
24 24 0.10 0.001 27 nan nan
24 24 0.10 0.001 28 nan nan
24 24 0.10 0.001 29 nan nan
24 24 0.10 0.001 30 nan nan
24 24 0.10 0.001 31 nan nan
24 24 0.10 0.001 32 nan nan
24 24 0.10 0.001 33 nan nan
24 24 0.10 0.001 34 nan nan
24 24 0.10 0.001 35 nan nan
24 24 0.10 0.001 36 nan nan
24 24 0.10 0.001 37 nan nan
24 24 0.10 0.001 38 nan nan
24 24 0.10 0.001 39 nan nan
24 24 0.10 0.001 40 nan nan
24 24 0.10 0.001 41 nan nan
24 24 0.10 0.001 42 nan nan
24 24 0.10 0.001 43 nan nan
24 24 0.10 0.001 44 nan nan
24 24 0.10 0.001 45 nan nan
24 24 0.10 0.001 46 nan nan
24 24 0.10 0.001 47 nan nan
24 24 0.10 0.001 48 nan nan
24 24 0.10 0.001 49 nan nan
24 24 0.10 0.001 50 nan nan
24 24 0.15 0.001 0 nan nan
24 24 0.15 0.001 1 nan nan
24 24 0.15 0.001 2 nan nan
24 24 0.15 0.001 3 nan nan
24 24 0.15 0.001 4 nan nan
24 24 0.15 0.001 5 nan nan
24 24 0.15 0.001 6 nan nan
24 24 0.15 0.001 7 nan nan
24 24 0.15 0.001 8 nan nan
24 24 0.15 0.001 9 nan nan
24 24 0.15 0.001 10 nan nan
24 24 0.15 0.001 11 nan nan
24 24 0.15 0.001 12 nan nan
24 24 0.15 0.001 13 nan nan
24 24 0.15 0.001 14 nan nan
24 24 0.15 0.001 15 nan nan
24 24 0.15 0.001 16 nan nan
24 24 0.15 0.001 17 nan nan
24 24 0.15 0.001 18 nan nan
24 24 0.15 0.001 19 nan nan
24 24 0.15 0.001 20 nan nan
24 24 0.15 0.001 21 nan nan
24 24 0.15 0.001 22 nan nan
24 24 0.15 0.001 23 nan nan
24 24 0.15 0.001 24 nan nan
24 24 0.15 0.001 25 nan nan
24 24 0.15 0.001 26 nan nan
24 24 0.15 0.001 27 nan nan
24 24 0.15 0.001 28 nan nan
24 24 0.15 0.001 29 nan nan
24 24 0.15 0.001 30 nan nan
24 24 0.15 0.001 31 nan nan
24 24 0.15 0.001 32 nan nan
24 24 0.15 0.001 33 nan nan
24 24 0.15 0.001 34 nan nan
24 24 0.15 0.001 35 nan nan
24 24 0.15 0.001 36 nan nan
24 24 0.15 0.001 37 nan nan
24 24 0.15 0.001 38 nan nan
24 24 0.15 0.001 39 nan nan
24 24 0.15 0.001 40 nan nan
24 24 0.15 0.001 41 nan nan
24 24 0.15 0.001 42 nan nan
24 24 0.15 0.001 43 nan nan
24 24 0.15 0.001 44 nan nan
24 24 0.15 0.001 45 nan nan
24 24 0.15 0.001 46 nan nan
24 24 0.15 0.001 47 nan nan
24 24 0.15 0.001 48 nan nan
24 24 0.15 0.001 49 nan nan
24 24 0.15 0.001 50 nan nan
24 24 0.20 0.001 0 nan nan
24 24 0.20 0.001 1 nan nan
24 24 0.20 0.001 2 nan nan
24 24 0.20 0.001 3 nan nan
24 24 0.20 0.001 4 nan nan
24 24 0.20 0.001 5 nan nan
24 24 0.20 0.001 6 nan nan
24 24 0.20 0.001 7 nan nan
24 24 0.20 0.001 8 nan nan
24 24 0.20 0.001 9 nan nan
24 24 0.20 0.001 10 nan nan
24 24 0.20 0.001 11 nan nan
24 24 0.20 0.001 12 0.132148623667904 0.009497558452862
24 24 0.20 0.001 13 nan nan
24 24 0.20 0.001 14 nan nan
24 24 0.20 0.001 15 nan nan
24 24 0.20 0.001 16 nan nan
24 24 0.20 0.001 17 nan nan
24 24 0.20 0.001 18 nan nan
24 24 0.20 0.001 19 nan nan
24 24 0.20 0.001 20 nan nan
24 24 0.20 0.001 21 nan nan
24 24 0.20 0.001 22 nan nan
24 24 0.20 0.001 23 nan nan
24 24 0.20 0.001 24 nan nan
24 24 0.20 0.001 25 nan nan
24 24 0.20 0.001 26 nan nan
24 24 0.20 0.001 27 nan nan
24 24 0.20 0.001 28 nan nan
24 24 0.20 0.001 29 nan nan
24 24 0.20 0.001 30 nan nan
24 24 0.20 0.001 31 nan nan
24 24 0.20 0.001 32 nan nan
24 24 0.20 0.001 33 nan nan
24 24 0.20 0.001 34 nan nan
24 24 0.20 0.001 35 nan nan
24 24 0.20 0.001 36 nan nan
24 24 0.20 0.001 37 nan nan
24 24 0.20 0.001 38 nan nan
24 24 0.20 0.001 39 nan nan
24 24 0.20 0.001 40 nan nan
24 24 0.20 0.001 41 nan nan
24 24 0.20 0.001 42 nan nan
24 24 0.20 0.001 43 nan nan
24 24 0.20 0.001 44 nan nan
24 24 0.20 0.001 45 nan nan
24 24 0.20 0.001 46 nan nan
24 24 0.20 0.001 47 nan nan
24 24 0.20 0.001 48 nan nan
24 24 0.20 0.001 49 nan nan
24 24 0.20 0.001 50 nan nan
24 24 0.25 0.001 0 nan nan
24 24 0.25 0.001 1 nan nan
24 24 0.25 0.001 2 nan nan
24 24 0.25 0.001 3 nan nan
24 24 0.25 0.001 4 nan nan
24 24 0.25 0.001 5 nan nan
24 24 0.25 0.001 6 nan nan
24 24 0.25 0.001 7 nan nan
24 24 0.25 0.001 8 nan nan
24 24 0.25 0.001 9 nan nan
24 24 0.25 0.001 10 nan nan
24 24 0.25 0.001 11 nan nan
24 24 0.25 0.001 12 nan nan
24 24 0.25 0.001 13 nan nan
24 24 0.25 0.001 14 nan nan
24 24 0.25 0.001 15 nan nan
24 24 0.25 0.001 16 nan nan
24 24 0.25 0.001 17 nan nan
24 24 0.25 0.001 18 nan nan
24 24 0.25 0.001 19 nan nan
24 24 0.25 0.001 20 nan nan
24 24 0.25 0.001 21 nan nan
24 24 0.25 0.001 22 nan nan
24 24 0.25 0.001 23 nan nan
24 24 0.25 0.001 24 nan nan
24 24 0.25 0.001 25 nan nan
24 24 0.25 0.001 26 nan nan
24 24 0.25 0.001 27 nan nan
24 24 0.25 0.001 28 nan nan
24 24 0.25 0.001 29 nan nan
24 24 0.25 0.001 30 nan nan
24 24 0.25 0.001 31 nan nan
24 24 0.25 0.001 32 nan nan
24 24 0.25 0.001 33 nan nan
24 24 0.25 0.001 34 nan nan
24 24 0.25 0.001 35 nan nan
24 24 0.25 0.001 36 nan nan
24 24 0.25 0.001 37 nan nan
24 24 0.25 0.001 38 nan nan
24 24 0.25 0.001 39 nan nan
24 24 0.25 0.001 40 nan nan
24 24 0.25 0.001 41 nan nan
24 24 0.25 0.001 42 nan nan
24 24 0.25 0.001 43 nan nan
24 24 0.25 0.001 44 nan nan
24 24 0.25 0.001 45 nan nan
24 24 0.25 0.001 46 nan nan
24 24 0.25 0.001 47 nan nan
24 24 0.25 0.001 48 nan nan
24 24 0.25 0.001 49 nan nan
24 24 0.25 0.001 50 nan nan
24 24 0.30 0.001 0 nan nan
24 24 0.30 0.001 1 nan nan
24 24 0.30 0.001 2 nan nan
24 24 0.30 0.001 3 nan nan
24 24 0.30 0.001 4 nan nan
24 24 0.30 0.001 5 nan nan
24 24 0.30 0.001 6 nan nan
24 24 0.30 0.001 7 nan nan
24 24 0.30 0.001 8 nan nan
24 24 0.30 0.001 9 nan nan
24 24 0.30 0.001 10 nan nan
24 24 0.30 0.001 11 nan nan
24 24 0.30 0.001 12 nan nan
24 24 0.30 0.001 13 nan nan
24 24 0.30 0.001 14 nan nan
24 24 0.30 0.001 15 nan nan
24 24 0.30 0.001 16 nan nan
24 24 0.30 0.001 17 nan nan
24 24 0.30 0.001 18 nan nan
24 24 0.30 0.001 19 nan nan
24 24 0.30 0.001 20 nan nan
24 24 0.30 0.001 21 nan nan
24 24 0.30 0.001 22 nan nan
24 24 0.30 0.001 23 nan nan
24 24 0.30 0.001 24 nan nan
24 24 0.30 0.001 25 nan nan
24 24 0.30 0.001 26 nan nan
24 24 0.30 0.001 27 nan nan
24 24 0.30 0.001 28 nan nan
24 24 0.30 0.001 29 nan nan
24 24 0.30 0.001 30 nan nan
24 24 0.30 0.001 31 nan nan
24 24 0.30 0.001 32 nan nan
24 24 0.30 0.001 33 nan nan
24 24 0.30 0.001 34 nan nan
24 24 0.30 0.001 35 nan nan
24 24 0.30 0.001 36 nan nan
24 24 0.30 0.001 37 nan nan
24 24 0.30 0.001 38 nan nan
24 24 0.30 0.001 39 nan nan
24 24 0.30 0.001 40 nan nan
24 24 0.30 0.001 41 nan nan
24 24 0.30 0.001 42 nan nan
24 24 0.30 0.001 43 nan nan
24 24 0.30 0.001 44 nan nan
24 24 0.30 0.001 45 nan nan
24 24 0.30 0.001 46 nan nan
24 24 0.30 0.001 47 nan nan
24 24 0.30 0.001 48 nan nan
24 24 0.30 0.001 49 nan nan
24 24 0.30 0.001 50 nan nan
24 24 0.35 0.001 0 nan nan
24 24 0.35 0.001 1 nan nan
24 24 0.35 0.001 2 nan nan
24 24 0.35 0.001 3 nan nan
24 24 0.35 0.001 4 nan nan
24 24 0.35 0.001 5 nan nan
24 24 0.35 0.001 6 nan nan
24 24 0.35 0.001 7 nan nan
24 24 0.35 0.001 8 nan nan
24 24 0.35 0.001 9 nan nan
24 24 0.35 0.001 10 nan nan
24 24 0.35 0.001 11 nan nan
24 24 0.35 0.001 12 -0.093920328216008 0.020434635741397
24 24 0.35 0.001 13 nan nan
24 24 0.35 0.001 14 nan nan
24 24 0.35 0.001 15 nan nan
24 24 0.35 0.001 16 nan nan
24 24 0.35 0.001 17 nan nan
24 24 0.35 0.001 18 nan nan
24 24 0.35 0.001 19 nan nan
24 24 0.35 0.001 20 nan nan
24 24 0.35 0.001 21 nan nan
24 24 0.35 0.001 22 nan nan
24 24 0.35 0.001 23 nan nan
24 24 0.35 0.001 24 nan nan
24 24 0.35 0.001 25 nan nan
24 24 0.35 0.001 26 -0.076008131095509 0.043932506015064
24 24 0.35 0.001 27 nan nan
24 24 0.35 0.001 28 nan nan
24 24 0.35 0.001 29 nan nan
24 24 0.35 0.001 30 nan nan
24 24 0.35 0.001 31 nan nan
24 24 0.35 0.001 32 nan nan
24 24 0.35 0.001 33 nan nan
24 24 0.35 0.001 34 0.031758940943423 0.039655555281908
24 24 0.35 0.001 35 nan nan
24 24 0.35 0.001 36 nan nan
24 24 0.35 0.001 37 nan nan
24 24 0.35 0.001 38 nan nan
24 24 0.35 0.001 39 nan nan
24 24 0.35 0.001 40 nan nan
24 24 0.35 0.001 41 nan nan
24 24 0.35 0.001 42 nan nan
24 24 0.35 0.001 43 nan nan
24 24 0.35 0.001 44 nan nan
24 24 0.35 0.001 45 nan nan
24 24 0.35 0.001 46 nan nan
24 24 0.35 0.001 47 nan nan
24 24 0.35 0.001 48 nan nan
24 24 0.35 0.001 49 nan nan
24 24 0.35 0.001 50 nan nan
24 24 0.40 0.001 0 -0.028710030449377 0.206388828637250
24 24 0.40 0.001 1 nan nan
24 24 0.40 0.001 2 nan nan
24 24 0.40 0.001 3 nan nan
24 24 0.40 0.001 4 1.143307877193817 0.708669626905285
24 24 0.40 0.001 5 nan nan
24 24 0.40 0.001 6 0.935653381244268 0.638623076845551
24 24 0.40 0.001 7 nan nan
24 24 0.40 0.001 8 nan nan
24 24 0.40 0.001 9 nan nan
24 24 0.40 0.001 10 nan nan
24 24 0.40 0.001 11 nan nan
24 24 0.40 0.001 12 1.101314170252716 0.811896553098885
24 24 0.40 0.001 13 nan nan
24 24 0.40 0.001 14 nan nan
24 24 0.40 0.001 15 nan nan
24 24 0.40 0.001 16 nan nan
24 24 0.40 0.001 17 nan nan
24 24 0.40 0.001 18 nan nan
24 24 0.40 0.001 19 nan nan
24 24 0.40 0.001 20 nan nan
24 24 0.40 0.001 21 nan nan
24 24 0.40 0.001 22 nan nan
24 24 0.40 0.001 23 nan nan
24 24 0.40 0.001 24 nan nan
24 24 0.40 0.001 25 nan nan
24 24 0.40 0.001 26 nan nan
24 24 0.40 0.001 27 nan nan
24 24 0.40 0.001 28 nan nan
24 24 0.40 0.001 29 nan nan
24 24 0.40 0.001 30 nan nan
24 24 0.40 0.001 31 nan nan
24 24 0.40 0.001 32 nan nan
24 24 0.40 0.001 33 nan nan
24 24 0.40 0.001 34 nan nan
24 24 0.40 0.001 35 nan nan
24 24 0.40 0.001 36 nan nan
24 24 0.40 0.001 37 nan nan
24 24 0.40 0.001 38 nan nan
24 24 0.40 0.001 39 nan nan
24 24 0.40 0.001 40 nan nan
24 24 0.40 0.001 41 nan nan
24 24 0.40 0.001 42 nan nan
24 24 0.40 0.001 43 nan nan
24 24 0.40 0.001 44 nan nan
24 24 0.40 0.001 45 nan nan
24 24 0.40 0.001 46 nan nan
24 24 0.40 0.001 47 nan nan
24 24 0.40 0.001 48 nan nan
24 24 0.40 0.001 49 nan nan
24 24 0.40 0.001 50 nan nan
24 24 0.45 0.001 0 0.000130293437692 0.006774610032692
24 24 0.45 0.001 1 nan nan
24 24 0.45 0.001 2 nan nan
24 24 0.45 0.001 3 nan nan
24 24 0.45 0.001 4 0.167750519636024 0.012451916088653
24 24 0.45 0.001 5 0.157534083792124 0.012970577141233
24 24 0.45 0.001 6 0.136311184208921 0.011423342128346
24 24 0.45 0.001 7 nan nan
24 24 0.45 0.001 8 nan nan
24 24 0.45 0.001 9 nan nan
24 24 0.45 0.001 10 nan nan
24 24 0.45 0.001 11 nan nan
24 24 0.45 0.001 12 0.203257670267112 0.013924315320621
24 24 0.45 0.001 13 nan nan
24 24 0.45 0.001 14 nan nan
24 24 0.45 0.001 15 nan nan
24 24 0.45 0.001 16 nan nan
24 24 0.45 0.001 17 nan nan
24 24 0.45 0.001 18 nan nan
24 24 0.45 0.001 19 nan nan
24 24 0.45 0.001 20 nan nan
24 24 0.45 0.001 21 nan nan
24 24 0.45 0.001 22 nan nan
24 24 0.45 0.001 23 nan nan
24 24 0.45 0.001 24 nan nan
24 24 0.45 0.001 25 nan nan
24 24 0.45 0.001 26 nan nan
24 24 0.45 0.001 27 nan nan
24 24 0.45 0.001 28 nan nan
24 24 0.45 0.001 29 nan nan
24 24 0.45 0.001 30 nan nan
24 24 0.45 0.001 31 nan nan
24 24 0.45 0.001 32 nan nan
24 24 0.45 0.001 33 nan nan
24 24 0.45 0.001 34 nan nan
24 24 0.45 0.001 35 nan nan
24 24 0.45 0.001 36 nan nan
24 24 0.45 0.001 37 nan nan
24 24 0.45 0.001 38 nan nan
24 24 0.45 0.001 39 nan nan
24 24 0.45 0.001 40 nan nan
24 24 0.45 0.001 41 nan nan
24 24 0.45 0.001 42 nan nan
24 24 0.45 0.001 43 nan nan
24 24 0.45 0.001 44 nan nan
24 24 0.45 0.001 45 nan nan
24 24 0.45 0.001 46 nan nan
24 24 0.45 0.001 47 nan nan
24 24 0.45 0.001 48 nan nan
24 24 0.45 0.001 49 nan nan
24 24 0.45 0.001 50 nan nan
24 24 0.50 0.001 0 nan nan
24 24 0.50 0.001 1 nan nan
24 24 0.50 0.001 2 0.072082019109921 0.004758482574534
24 24 0.50 0.001 3 0.089642395149393 0.005187221492178
24 24 0.50 0.001 4 0.093367528096385 0.005145056950516
24 24 0.50 0.001 5 0.085310269980582 0.005374497129512
24 24 0.50 0.001 6 0.071688192652157 0.004507813088242
24 24 0.50 0.001 7 nan nan
24 24 0.50 0.001 8 0.054738817436467 0.004634312202455
24 24 0.50 0.001 9 0.058341833701220 0.004785000573982
24 24 0.50 0.001 10 nan nan
24 24 0.50 0.001 11 nan nan
24 24 0.50 0.001 12 0.128901747295198 0.004936158895857
24 24 0.50 0.001 13 nan nan
24 24 0.50 0.001 14 nan nan
24 24 0.50 0.001 15 nan nan
24 24 0.50 0.001 16 nan nan
24 24 0.50 0.001 17 nan nan
24 24 0.50 0.001 18 nan nan
24 24 0.50 0.001 19 nan nan
24 24 0.50 0.001 20 nan nan
24 24 0.50 0.001 21 nan nan
24 24 0.50 0.001 22 nan nan
24 24 0.50 0.001 23 nan nan
24 24 0.50 0.001 24 nan nan
24 24 0.50 0.001 25 nan nan
24 24 0.50 0.001 26 nan nan
24 24 0.50 0.001 27 nan nan
24 24 0.50 0.001 28 nan nan
24 24 0.50 0.001 29 nan nan
24 24 0.50 0.001 30 nan nan
24 24 0.50 0.001 31 nan nan
24 24 0.50 0.001 32 nan nan
24 24 0.50 0.001 33 nan nan
24 24 0.50 0.001 34 nan nan
24 24 0.50 0.001 35 nan nan
24 24 0.50 0.001 36 nan nan
24 24 0.50 0.001 37 nan nan
24 24 0.50 0.001 38 nan nan
24 24 0.50 0.001 39 nan nan
24 24 0.50 0.001 40 nan nan
24 24 0.50 0.001 41 nan nan
24 24 0.50 0.001 42 nan nan
24 24 0.50 0.001 43 nan nan
24 24 0.50 0.001 44 nan nan
24 24 0.50 0.001 45 nan nan
24 24 0.50 0.001 46 nan nan
24 24 0.50 0.001 47 nan nan
24 24 0.50 0.001 48 nan nan
24 24 0.50 0.001 49 nan nan
24 24 0.50 0.001 50 nan nan
24 24 0.55 0.001 0 -0.000078022361586 0.005032351021337
24 24 0.55 0.001 1 nan nan
24 24 0.55 0.001 2 nan nan
24 24 0.55 0.001 3 0.049046534168993 0.005088435378601
24 24 0.55 0.001 4 0.048052556557155 0.004837641863401
24 24 0.55 0.001 5 0.040627489754409 0.005121770487695
24 24 0.55 0.001 6 0.031243751997715 0.004607620680164
24 24 0.55 0.001 7 nan nan
24 24 0.55 0.001 8 nan nan
24 24 0.55 0.001 9 nan nan
24 24 0.55 0.001 10 nan nan
24 24 0.55 0.001 11 nan nan
24 24 0.55 0.001 12 0.083774849638740 0.004618316192641
24 24 0.55 0.001 13 nan nan
24 24 0.55 0.001 14 nan nan
24 24 0.55 0.001 15 nan nan
24 24 0.55 0.001 16 nan nan
24 24 0.55 0.001 17 nan nan
24 24 0.55 0.001 18 nan nan
24 24 0.55 0.001 19 nan nan
24 24 0.55 0.001 20 nan nan
24 24 0.55 0.001 21 nan nan
24 24 0.55 0.001 22 nan nan
24 24 0.55 0.001 23 nan nan
24 24 0.55 0.001 24 nan nan
24 24 0.55 0.001 25 nan nan
24 24 0.55 0.001 26 nan nan
24 24 0.55 0.001 27 nan nan
24 24 0.55 0.001 28 nan nan
24 24 0.55 0.001 29 nan nan
24 24 0.55 0.001 30 nan nan
24 24 0.55 0.001 31 nan nan
24 24 0.55 0.001 32 nan nan
24 24 0.55 0.001 33 nan nan
24 24 0.55 0.001 34 nan nan
24 24 0.55 0.001 35 nan nan
24 24 0.55 0.001 36 nan nan
24 24 0.55 0.001 37 nan nan
24 24 0.55 0.001 38 nan nan
24 24 0.55 0.001 39 nan nan
24 24 0.55 0.001 40 nan nan
24 24 0.55 0.001 41 nan nan
24 24 0.55 0.001 42 nan nan
24 24 0.55 0.001 43 nan nan
24 24 0.55 0.001 44 nan nan
24 24 0.55 0.001 45 nan nan
24 24 0.55 0.001 46 nan nan
24 24 0.55 0.001 47 nan nan
24 24 0.55 0.001 48 nan nan
24 24 0.55 0.001 49 nan nan
24 24 0.55 0.001 50 nan nan
24 24 0.60 0.001 0 -0.000148936747878 0.007105482809954
24 24 0.60 0.001 1 nan nan
24 24 0.60 0.001 2 nan nan
24 24 0.60 0.001 3 -0.015925586203001 0.011399408891419
24 24 0.60 0.001 4 nan nan
24 24 0.60 0.001 5 nan nan
24 24 0.60 0.001 6 -0.034936102646429 0.011847521229199
24 24 0.60 0.001 7 nan nan
24 24 0.60 0.001 8 nan nan
24 24 0.60 0.001 9 nan nan
24 24 0.60 0.001 10 nan nan
24 24 0.60 0.001 11 nan nan
24 24 0.60 0.001 12 0.012291730608600 0.012632637687620
24 24 0.60 0.001 13 nan nan
24 24 0.60 0.001 14 nan nan
24 24 0.60 0.001 15 nan nan
24 24 0.60 0.001 16 nan nan
24 24 0.60 0.001 17 nan nan
24 24 0.60 0.001 18 nan nan
24 24 0.60 0.001 19 nan nan
24 24 0.60 0.001 20 nan nan
24 24 0.60 0.001 21 nan nan
24 24 0.60 0.001 22 nan nan
24 24 0.60 0.001 23 nan nan
24 24 0.60 0.001 24 nan nan
24 24 0.60 0.001 25 nan nan
24 24 0.60 0.001 26 nan nan
24 24 0.60 0.001 27 nan nan
24 24 0.60 0.001 28 nan nan
24 24 0.60 0.001 29 nan nan
24 24 0.60 0.001 30 nan nan
24 24 0.60 0.001 31 nan nan
24 24 0.60 0.001 32 nan nan
24 24 0.60 0.001 33 0.130629979528045 0.035020179469835
24 24 0.60 0.001 34 nan nan
24 24 0.60 0.001 35 nan nan
24 24 0.60 0.001 36 nan nan
24 24 0.60 0.001 37 nan nan
24 24 0.60 0.001 38 nan nan
24 24 0.60 0.001 39 nan nan
24 24 0.60 0.001 40 nan nan
24 24 0.60 0.001 41 nan nan
24 24 0.60 0.001 42 nan nan
24 24 0.60 0.001 43 nan nan
24 24 0.60 0.001 44 nan nan
24 24 0.60 0.001 45 nan nan
24 24 0.60 0.001 46 nan nan
24 24 0.60 0.001 47 nan nan
24 24 0.60 0.001 48 nan nan
24 24 0.60 0.001 49 nan nan
24 24 0.60 0.001 50 nan nan
24 24 0.65 0.001 0 -0.022259346179357 0.680144767228167
24 24 0.65 0.001 1 nan nan
24 24 0.65 0.001 2 nan nan
24 24 0.65 0.001 3 nan nan
24 24 0.65 0.001 4 nan nan
24 24 0.65 0.001 5 nan nan
24 24 0.65 0.001 6 -1.416354447319653 1.615425103352802
24 24 0.65 0.001 7 nan nan
24 24 0.65 0.001 8 nan nan
24 24 0.65 0.001 9 nan nan
24 24 0.65 0.001 10 nan nan
24 24 0.65 0.001 11 nan nan
24 24 0.65 0.001 12 -1.353593218586506 1.715012406253823
24 24 0.65 0.001 13 nan nan
24 24 0.65 0.001 14 nan nan
24 24 0.65 0.001 15 nan nan
24 24 0.65 0.001 16 nan nan
24 24 0.65 0.001 17 nan nan
24 24 0.65 0.001 18 nan nan
24 24 0.65 0.001 19 nan nan
24 24 0.65 0.001 20 nan nan
24 24 0.65 0.001 21 nan nan
24 24 0.65 0.001 22 nan nan
24 24 0.65 0.001 23 nan nan
24 24 0.65 0.001 24 nan nan
24 24 0.65 0.001 25 nan nan
24 24 0.65 0.001 26 nan nan
24 24 0.65 0.001 27 nan nan
24 24 0.65 0.001 28 nan nan
24 24 0.65 0.001 29 nan nan
24 24 0.65 0.001 30 nan nan
24 24 0.65 0.001 31 nan nan
24 24 0.65 0.001 32 nan nan
24 24 0.65 0.001 33 nan nan
24 24 0.65 0.001 34 nan nan
24 24 0.65 0.001 35 nan nan
24 24 0.65 0.001 36 nan nan
24 24 0.65 0.001 37 nan nan
24 24 0.65 0.001 38 nan nan
24 24 0.65 0.001 39 nan nan
24 24 0.65 0.001 40 nan nan
24 24 0.65 0.001 41 nan nan
24 24 0.65 0.001 42 nan nan
24 24 0.65 0.001 43 nan nan
24 24 0.65 0.001 44 nan nan
24 24 0.65 0.001 45 nan nan
24 24 0.65 0.001 46 nan nan
24 24 0.65 0.001 47 nan nan
24 24 0.65 0.001 48 nan nan
24 24 0.65 0.001 49 nan nan
24 24 0.65 0.001 50 nan nan
24 24 0.70 0.001 0 -0.000760239762416 0.008188189828691
24 24 0.70 0.001 1 nan nan
24 24 0.70 0.001 2 nan nan
24 24 0.70 0.001 3 0.209575132754505 0.014193017991824
24 24 0.70 0.001 4 0.228393604198082 0.015001084445020
24 24 0.70 0.001 5 0.220079929412634 0.018591606058232
24 24 0.70 0.001 6 0.196363534259207 0.017036724118897
24 24 0.70 0.001 7 nan nan
24 24 0.70 0.001 8 nan nan
24 24 0.70 0.001 9 nan nan
24 24 0.70 0.001 10 nan nan
24 24 0.70 0.001 11 nan nan
24 24 0.70 0.001 12 0.262575611767711 0.018896452592460
24 24 0.70 0.001 13 nan nan
24 24 0.70 0.001 14 nan nan
24 24 0.70 0.001 15 nan nan
24 24 0.70 0.001 16 nan nan
24 24 0.70 0.001 17 nan nan
24 24 0.70 0.001 18 nan nan
24 24 0.70 0.001 19 nan nan
24 24 0.70 0.001 20 nan nan
24 24 0.70 0.001 21 nan nan
24 24 0.70 0.001 22 nan nan
24 24 0.70 0.001 23 nan nan
24 24 0.70 0.001 24 nan nan
24 24 0.70 0.001 25 nan nan
24 24 0.70 0.001 26 nan nan
24 24 0.70 0.001 27 nan nan
24 24 0.70 0.001 28 nan nan
24 24 0.70 0.001 29 nan nan
24 24 0.70 0.001 30 nan nan
24 24 0.70 0.001 31 nan nan
24 24 0.70 0.001 32 nan nan
24 24 0.70 0.001 33 nan nan
24 24 0.70 0.001 34 nan nan
24 24 0.70 0.001 35 nan nan
24 24 0.70 0.001 36 nan nan
24 24 0.70 0.001 37 nan nan
24 24 0.70 0.001 38 nan nan
24 24 0.70 0.001 39 nan nan
24 24 0.70 0.001 40 nan nan
24 24 0.70 0.001 41 nan nan
24 24 0.70 0.001 42 nan nan
24 24 0.70 0.001 43 nan nan
24 24 0.70 0.001 44 nan nan
24 24 0.70 0.001 45 nan nan
24 24 0.70 0.001 46 nan nan
24 24 0.70 0.001 47 nan nan
24 24 0.70 0.001 48 nan nan
24 24 0.70 0.001 49 nan nan
24 24 0.70 0.001 50 nan nan
24 24 0.75 0.001 0 nan nan
24 24 0.75 0.001 1 nan nan
24 24 0.75 0.001 2 nan nan
24 24 0.75 0.001 3 0.133661267047025 0.004714507260062
24 24 0.75 0.001 4 0.143420286239003 0.004764738706543
24 24 0.75 0.001 5 0.136587986923341 0.005376365553202
24 24 0.75 0.001 6 0.118970910567149 0.004631662103861
24 24 0.75 0.001 7 nan nan
24 24 0.75 0.001 8 nan nan
24 24 0.75 0.001 9 nan nan
24 24 0.75 0.001 10 nan nan
24 24 0.75 0.001 11 nan nan
24 24 0.75 0.001 12 0.178351465987708 0.005811021845123
24 24 0.75 0.001 13 nan nan
24 24 0.75 0.001 14 nan nan
24 24 0.75 0.001 15 nan nan
24 24 0.75 0.001 16 nan nan
24 24 0.75 0.001 17 nan nan
24 24 0.75 0.001 18 nan nan
24 24 0.75 0.001 19 nan nan
24 24 0.75 0.001 20 nan nan
24 24 0.75 0.001 21 nan nan
24 24 0.75 0.001 22 nan nan
24 24 0.75 0.001 23 nan nan
24 24 0.75 0.001 24 nan nan
24 24 0.75 0.001 25 nan nan
24 24 0.75 0.001 26 nan nan
24 24 0.75 0.001 27 nan nan
24 24 0.75 0.001 28 nan nan
24 24 0.75 0.001 29 nan nan
24 24 0.75 0.001 30 nan nan
24 24 0.75 0.001 31 nan nan
24 24 0.75 0.001 32 0.332294599475494 0.013357860345403
24 24 0.75 0.001 33 nan nan
24 24 0.75 0.001 34 nan nan
24 24 0.75 0.001 35 nan nan
24 24 0.75 0.001 36 nan nan
24 24 0.75 0.001 37 nan nan
24 24 0.75 0.001 38 nan nan
24 24 0.75 0.001 39 nan nan
24 24 0.75 0.001 40 nan nan
24 24 0.75 0.001 41 nan nan
24 24 0.75 0.001 42 nan nan
24 24 0.75 0.001 43 nan nan
24 24 0.75 0.001 44 nan nan
24 24 0.75 0.001 45 nan nan
24 24 0.75 0.001 46 nan nan
24 24 0.75 0.001 47 nan nan
24 24 0.75 0.001 48 nan nan
24 24 0.75 0.001 49 nan nan
24 24 0.75 0.001 50 nan nan
#Ls   Lt  mu  ma  nfluxes AxialCurrent Err
