#Ls   Lt  mu  ma  nfluxes AxialCurrent Err
24 24 0.00 0.001 0 -0.000155693062776 0.000584011319099
24 24 0.00 0.001 1 nan nan
24 24 0.00 0.001 2 -0.008059030937905 0.000500956194484
24 24 0.00 0.001 3 -0.016559576130781 0.000567408740830
24 24 0.00 0.001 4 -0.023697699081448 0.000525137549121
24 24 0.00 0.001 5 nan nan
24 24 0.00 0.001 6 nan nan
24 24 0.00 0.001 7 nan nan
24 24 0.00 0.001 8 nan nan
24 24 0.00 0.001 9 -0.017354907826596 0.000471684727266
24 24 0.00 0.001 10 -0.009806322754257 0.000344410980457
24 24 0.00 0.001 11 -0.003512127336108 0.000453306214949
24 24 0.00 0.001 12 nan nan
24 24 0.00 0.001 13 -0.000637955906012 0.000475843863858
24 24 0.00 0.001 14 nan nan
24 24 0.00 0.001 15 nan nan
24 24 0.00 0.001 16 -0.021152392904554 0.000489750317346
24 24 0.00 0.001 17 nan nan
24 24 0.00 0.001 18 nan nan
24 24 0.00 0.001 19 nan nan
24 24 0.00 0.001 20 -0.024348999201228 0.000457884311604
24 24 0.00 0.001 21 -0.017199812588853 0.000482521732189
24 24 0.00 0.001 22 -0.011132690373147 0.000444882146076
24 24 0.00 0.001 23 nan nan
24 24 0.00 0.001 24 nan nan
24 24 0.00 0.001 25 0.000382141488829 0.000602592736252
24 24 0.00 0.001 26 -0.003099560778438 0.000617020998263
24 24 0.00 0.001 27 nan nan
24 24 0.00 0.001 28 nan nan
24 24 0.00 0.001 29 nan nan
24 24 0.00 0.001 30 nan nan
24 24 0.00 0.001 31 nan nan
24 24 0.00 0.001 32 nan nan
24 24 0.00 0.001 33 nan nan
24 24 0.00 0.001 34 -0.009197710632049 0.000662139690271
24 24 0.00 0.001 35 nan nan
24 24 0.00 0.001 36 0.000425660412732 0.000554929833524
24 24 0.00 0.001 37 0.000676902387995 0.000588520811748
24 24 0.00 0.001 38 -0.002497007738850 0.000553738270637
24 24 0.00 0.001 39 -0.005342538838833 0.000555569206157
24 24 0.00 0.001 40 nan nan
24 24 0.00 0.001 41 nan nan
24 24 0.00 0.001 42 -0.018251981023275 0.000541095037232
24 24 0.00 0.001 43 -0.019979270717458 0.000564919348065
24 24 0.00 0.001 44 nan nan
24 24 0.00 0.001 45 nan nan
24 24 0.00 0.001 46 nan nan
24 24 0.00 0.001 47 nan nan
24 24 0.00 0.001 48 0.000484282114089 0.000451299959766
24 24 0.00 0.001 49 0.001594407406562 0.000442960520669
24 24 0.00 0.001 50 nan nan
24 24 0.00 0.001 51 nan nan
24 24 0.00 0.001 52 nan nan
24 24 0.00 0.001 53 nan nan
24 24 0.00 0.001 54 nan nan
24 24 0.00 0.001 55 nan nan
24 24 0.00 0.001 56 nan nan
24 24 0.00 0.001 57 nan nan
24 24 0.00 0.001 58 nan nan
24 24 0.00 0.001 59 nan nan
24 24 0.00 0.001 60 -0.000281725069943 0.000375709179094
24 24 0.00 0.001 61 nan nan
24 24 0.00 0.001 62 nan nan
24 24 0.00 0.001 63 nan nan
24 24 0.00 0.001 64 nan nan
24 24 0.00 0.001 65 nan nan
24 24 0.00 0.001 66 nan nan
24 24 0.00 0.001 67 nan nan
24 24 0.00 0.001 68 -0.008983654122604 0.000524759729904
24 24 0.00 0.001 69 nan nan
24 24 0.00 0.001 70 nan nan
24 24 0.00 0.001 71 -0.002474834273411 0.000435751645939
24 24 0.00 0.001 72 0.000029958192036 0.000295001922701
24 24 0.00 0.001 73 0.001670211597071 0.000459650732005
24 24 0.00 0.001 74 nan nan
24 24 0.00 0.001 75 0.000537181093243 0.000430226357042
24 24 0.00 0.001 76 nan nan
24 24 0.00 0.001 77 nan nan
24 24 0.00 0.001 78 nan nan
24 24 0.00 0.001 79 nan nan
24 24 0.00 0.001 80 nan nan
24 24 0.00 0.001 81 nan nan
24 24 0.00 0.001 82 nan nan
24 24 0.00 0.001 83 nan nan
24 24 0.00 0.001 84 nan nan
24 24 0.00 0.001 85 0.000788325498864 0.000441511480543
24 24 0.00 0.001 86 nan nan
24 24 0.00 0.001 87 nan nan
24 24 0.00 0.001 88 -0.000572894468409 0.000461783368848
24 24 0.00 0.001 89 nan nan
24 24 0.00 0.001 90 -0.003611268262688 0.000401674712274
24 24 0.00 0.001 91 nan nan
24 24 0.00 0.001 92 -0.001178187790596 0.000446091094090
24 24 0.00 0.001 93 nan nan
24 24 0.00 0.001 94 nan nan
24 24 0.00 0.001 95 -0.002151208153722 0.000376073818497
24 24 0.00 0.001 96 0.000059639476897 0.000328878226937
24 24 0.00 0.001 97 nan nan
24 24 0.00 0.001 98 nan nan
24 24 0.00 0.001 99 0.001719552810059 0.000395105759113
24 24 0.00 0.001 100 0.001211153191703 0.000414805229507
24 24 0.00 0.001 101 nan nan
24 24 0.00 0.001 102 -0.002448383778144 0.000400391010578
24 24 0.00 0.001 103 nan nan
24 24 0.00 0.001 104 nan nan
24 24 0.00 0.001 105 nan nan
24 24 0.00 0.001 106 nan nan
24 24 0.00 0.001 107 nan nan
24 24 0.00 0.001 108 nan nan
24 24 0.00 0.001 109 nan nan
24 24 0.00 0.001 110 nan nan
24 24 0.00 0.001 111 0.001235309885150 0.000344092681149
24 24 0.00 0.001 112 nan nan
24 24 0.00 0.001 113 -0.000241415156626 0.000462043367975
24 24 0.00 0.001 114 nan nan
24 24 0.00 0.001 115 0.000865259453385 0.000436172045014
24 24 0.00 0.001 116 nan nan
24 24 0.00 0.001 117 nan nan
24 24 0.00 0.001 118 -0.001903198659802 0.000376688767805
24 24 0.00 0.001 119 -0.001339563713439 0.000361129312812
24 24 0.00 0.001 120 0.000183505911143 0.000419946059560
24 24 0.00 0.001 121 nan nan
24 24 0.00 0.001 122 nan nan
24 24 0.00 0.001 123 0.001246612987655 0.000358686811462
24 24 0.00 0.001 124 nan nan
24 24 0.00 0.001 125 nan nan
24 24 0.00 0.001 126 -0.000339421313594 0.000377433019027
24 24 0.00 0.001 127 nan nan
24 24 0.00 0.001 128 -0.001491564160220 0.000426255962349
24 24 0.00 0.001 129 -0.001290668808536 0.000392353209473
24 24 0.00 0.001 130 -0.000586179326165 0.000371945403461
24 24 0.00 0.001 131 nan nan
24 24 0.00 0.001 132 -0.000431006201094 0.000419102459590
24 24 0.00 0.001 133 nan nan
24 24 0.00 0.001 134 nan nan
24 24 0.00 0.001 135 nan nan
24 24 0.00 0.001 136 nan nan
24 24 0.00 0.001 137 0.000216492283216 0.000361538057702
24 24 0.00 0.001 138 -0.000575353228526 0.000363243663788
24 24 0.00 0.001 139 nan nan
24 24 0.00 0.001 140 -0.000437017945807 0.000386886035333
24 24 0.00 0.001 141 nan nan
24 24 0.00 0.001 142 nan nan
24 24 0.00 0.001 143 nan nan
24 24 0.00 0.001 144 0.000474896338212 0.000382085154024
24 24 0.00 0.001 145 -0.000279333251641 0.000489828879928
24 24 0.00 0.001 146 nan nan
24 24 0.00 0.001 147 nan nan
24 24 0.00 0.001 148 nan nan
24 24 0.00 0.001 149 nan nan
24 24 0.00 0.001 150 nan nan
24 24 0.00 0.001 151 nan nan
24 24 0.00 0.001 152 0.000269524773265 0.000373482223185
24 24 0.00 0.001 153 nan nan
24 24 0.00 0.001 154 0.000874486675292 0.000458140937074
24 24 0.00 0.001 155 nan nan
24 24 0.00 0.001 156 nan nan
24 24 0.00 0.001 157 nan nan
24 24 0.00 0.001 158 nan nan
24 24 0.00 0.001 159 -0.001368080120882 0.000360048447422
24 24 0.00 0.001 160 nan nan
24 24 0.00 0.001 161 -0.002211709888907 0.000393897025591
24 24 0.00 0.001 162 nan nan
24 24 0.00 0.001 163 nan nan
24 24 0.00 0.001 164 nan nan
24 24 0.00 0.001 165 nan nan
24 24 0.00 0.001 166 nan nan
24 24 0.00 0.001 167 nan nan
24 24 0.00 0.001 168 0.000221500713007 0.000430514148697
24 24 0.00 0.001 169 nan nan
24 24 0.00 0.001 170 -0.001772420290997 0.000329765529563
24 24 0.00 0.001 171 nan nan
24 24 0.00 0.001 172 -0.003084726261405 0.000368743644154
24 24 0.00 0.001 173 nan nan
24 24 0.00 0.001 174 -0.001576096539729 0.000374113227221
24 24 0.00 0.001 175 nan nan
24 24 0.00 0.001 176 0.001247292918039 0.000399865866315
24 24 0.00 0.001 177 nan nan
24 24 0.00 0.001 178 nan nan
24 24 0.00 0.001 179 nan nan
24 24 0.00 0.001 180 0.000010285554306 0.000378777257067
24 24 0.00 0.001 181 nan nan
24 24 0.00 0.001 182 nan nan
24 24 0.00 0.001 183 -0.004004001777565 0.000368728670514
24 24 0.00 0.001 184 -0.006383315089541 0.000376925785608
24 24 0.00 0.001 185 nan nan
24 24 0.00 0.001 186 nan nan
24 24 0.00 0.001 187 -0.001385802225537 0.000429741569923
24 24 0.00 0.001 188 0.000335007784295 0.000384956937235
24 24 0.00 0.001 189 0.001560889346154 0.000382213663491
24 24 0.00 0.001 190 nan nan
24 24 0.00 0.001 191 0.001145498169784 0.000413280034694
24 24 0.00 0.001 192 nan nan
24 24 0.00 0.001 193 nan nan
24 24 0.00 0.001 194 nan nan
24 24 0.00 0.001 195 nan nan
24 24 0.00 0.001 196 -0.001684696048347 0.000477367175638
24 24 0.00 0.001 197 -0.004266605953229 0.000479004460222
24 24 0.00 0.001 198 nan nan
24 24 0.00 0.001 199 nan nan
24 24 0.00 0.001 200 nan nan
24 24 0.00 0.001 201 nan nan
24 24 0.00 0.001 202 nan nan
24 24 0.00 0.001 203 0.002182136120927 0.000500890073035
24 24 0.00 0.001 204 nan nan
24 24 0.00 0.001 205 -0.002057737086540 0.000467404991926
24 24 0.00 0.001 206 -0.005387153828730 0.000361257846280
24 24 0.00 0.001 207 nan nan
24 24 0.00 0.001 208 nan nan
24 24 0.00 0.001 209 nan nan
24 24 0.00 0.001 210 nan nan
24 24 0.00 0.001 211 nan nan
24 24 0.00 0.001 212 nan nan
24 24 0.00 0.001 213 0.000725822100655 0.000319297069225
24 24 0.00 0.001 214 nan nan
24 24 0.00 0.001 215 0.002071037299404 0.000439463275894
24 24 0.00 0.001 216 0.000905207181724 0.000462478133372
24 24 0.00 0.001 217 nan nan
24 24 0.00 0.001 218 nan nan
24 24 0.00 0.001 219 -0.002985055018433 0.000446347592644
24 24 0.00 0.001 220 nan nan
24 24 0.00 0.001 221 nan nan
24 24 0.00 0.001 222 nan nan
24 24 0.00 0.001 223 nan nan
24 24 0.00 0.001 224 -0.002823799103031 0.000602815950248
24 24 0.00 0.001 225 -0.000220129886246 0.000461835863371
24 24 0.00 0.001 226 nan nan
24 24 0.00 0.001 227 0.000278649995747 0.000489031939573
24 24 0.00 0.001 228 -0.000229763541537 0.000505844581788
24 24 0.00 0.001 229 nan nan
24 24 0.00 0.001 230 nan nan
24 24 0.00 0.001 231 -0.009907663093030 0.000452415137939
24 24 0.00 0.001 232 nan nan
24 24 0.00 0.001 233 nan nan
24 24 0.00 0.001 234 -0.013212776552376 0.000595557660488
24 24 0.00 0.001 235 nan nan
24 24 0.00 0.001 236 nan nan
24 24 0.00 0.001 237 nan nan
24 24 0.00 0.001 238 nan nan
24 24 0.00 0.001 239 nan nan
24 24 0.00 0.001 240 nan nan
24 24 0.00 0.001 241 nan nan
24 24 0.00 0.001 242 nan nan
24 24 0.00 0.001 243 nan nan
24 24 0.00 0.001 244 nan nan
24 24 0.00 0.001 245 -0.019775197623714 0.000571337896925
24 24 0.00 0.001 246 -0.020062747860567 0.000550422244111
24 24 0.00 0.001 247 nan nan
24 24 0.00 0.001 248 -0.010368850803643 0.000542224538356
24 24 0.00 0.001 249 nan nan
24 24 0.00 0.001 250 nan nan
24 24 0.00 0.001 251 nan nan
24 24 0.00 0.001 252 nan nan
24 24 0.00 0.001 253 nan nan
24 24 0.00 0.001 254 -0.009647627873006 0.000576739374229
24 24 0.00 0.001 255 nan nan
24 24 0.00 0.001 256 -0.021022523196724 0.000452156109138
24 24 0.00 0.001 257 -0.024633988636952 0.000617332148161
24 24 0.00 0.001 258 nan nan
24 24 0.00 0.001 259 -0.021849813529826 0.000583480772213
24 24 0.00 0.001 260 -0.015905784351361 0.000688136420447
24 24 0.00 0.001 261 -0.009304540291841 0.000438078145356
24 24 0.00 0.001 262 -0.003122085842082 0.000484858347112
24 24 0.00 0.001 263 0.000404130803806 0.000481571479426
24 24 0.00 0.001 264 0.000513283728948 0.000565295323343
24 24 0.00 0.001 265 -0.002466395677315 0.000507308323816
24 24 0.00 0.001 266 -0.009723355221189 0.000519755327996
24 24 0.00 0.001 267 nan nan
24 24 0.00 0.001 268 -0.024157346452425 0.000389406147782
24 24 0.00 0.001 269 nan nan
24 24 0.00 0.001 270 nan nan
24 24 0.00 0.001 271 nan nan
24 24 0.00 0.001 272 -0.019582747270875 0.000437817351906
24 24 0.00 0.001 273 nan nan
24 24 0.00 0.001 274 -0.005789326787022 0.000552520345146
24 24 0.00 0.001 275 nan nan
24 24 0.00 0.001 276 nan nan
24 24 0.00 0.001 277 -0.002942386217164 0.000444141620733
24 24 0.00 0.001 278 -0.009861970114008 0.000418104025467
24 24 0.00 0.001 279 nan nan
24 24 0.00 0.001 280 -0.025128653789430 0.000437199498944
24 24 0.00 0.001 281 nan nan
24 24 0.00 0.001 282 nan nan
24 24 0.00 0.001 283 nan nan
24 24 0.00 0.001 284 nan nan
24 24 0.00 0.001 285 nan nan
24 24 0.00 0.001 286 nan nan
24 24 0.00 0.001 287 nan nan
24 24 0.00 0.001 288 -0.000393202239034 0.000721875771039
