12 24 0.00 0.001 0 0.001006702020260 0.001993388173945
12 24 0.00 0.001 1 -0.013476111946780 0.001984447931626
12 24 0.00 0.001 2 -0.047770320531815 0.001675803902317
12 24 0.00 0.001 3 0.000806461316335 0.001811037709823
12 24 0.00 0.001 4 0.000410160302568 0.001438010513226
12 24 0.00 0.001 5 0.000543793368354 0.001738815910638
12 24 0.00 0.001 6 0.002386883583479 0.001838981637007
12 24 0.00 0.001 7 nan nan
12 24 0.00 0.001 8 -0.000233348495560 0.002004251944418
12 24 0.00 0.001 9 0.001083950682411 0.001494429854744
12 24 0.00 0.001 10 -0.001107371364758 0.001822919736688
12 24 0.00 0.001 11 -0.000709704869848 0.001349696822830
12 24 0.00 0.001 12 -0.001184381500711 0.001276031590251
12 24 0.00 0.001 13 -0.001206999635841 0.001391714135708
12 24 0.00 0.001 14 0.001660571339562 0.001042022656554
12 24 0.00 0.001 15 0.001346043758231 0.001260583465755
12 24 0.00 0.001 16 -0.001428403368013 0.001280139373135
12 24 0.00 0.001 17 -0.001460201917164 0.001313834781631
12 24 0.00 0.001 18 nan nan
12 24 0.00 0.001 19 0.000778567090404 0.000948158781517
12 24 0.00 0.001 20 -0.000597580720651 0.000976698367177
12 24 0.00 0.001 21 0.001971053962040 0.000892790625473
12 24 0.00 0.001 22 0.000593346477777 0.001093369825238
12 24 0.00 0.001 23 0.000107110253019 0.001118335772067
12 24 0.00 0.001 24 0.000563132621984 0.001102234782472
12 24 0.00 0.001 25 0.000363566038638 0.001051654379175
12 24 0.00 0.001 26 -0.001020694609770 0.000878186518040
12 24 0.00 0.001 27 0.000095830915586 0.001021328474026
12 24 0.00 0.001 28 nan nan
12 24 0.00 0.001 29 0.000539935871377 0.000790509551756
12 24 0.00 0.001 30 -0.000328269370453 0.000826472407821
12 24 0.00 0.001 31 0.000611526191460 0.000760447226377
12 24 0.00 0.001 32 0.001802403047217 0.000692484835054
12 24 0.00 0.001 33 0.001663140731550 0.000677972451556
12 24 0.00 0.001 34 0.001604374976087 0.000738067757491
12 24 0.00 0.001 35 0.002574628508265 0.000780606771543
12 24 0.00 0.001 36 0.000127685468044 0.000543970442773
12 24 0.00 0.001 37 -0.000303440896897 0.000619253522559
12 24 0.00 0.001 38 nan nan
12 24 0.00 0.001 39 0.005149229764458 0.001066896134637
12 24 0.00 0.001 40 -0.000190118515548 0.000774736876650
12 24 0.00 0.001 41 -0.001458832161508 0.000603103304825
12 24 0.00 0.001 42 0.000888222528480 0.000832577354675
12 24 0.00 0.001 43 nan nan
12 24 0.00 0.001 44 -0.000003051444312 0.000777382952878
12 24 0.00 0.001 45 -0.000442770266331 0.000712333608227
12 24 0.00 0.001 46 -0.001276679149087 0.000977611768876
12 24 0.00 0.001 47 0.000549910320888 0.000826580125964
12 24 0.00 0.001 48 0.001214367843859 0.000999714334975
12 24 0.00 0.001 49 0.001241703995835 0.000924515558078
12 24 0.00 0.001 50 -0.000091889262180 0.001000579855995
12 24 0.00 0.001 51 0.002175316114212 0.001090438109135
12 24 0.00 0.001 52 0.001334429125234 0.001118069262418
12 24 0.00 0.001 53 nan nan
12 24 0.00 0.001 54 0.000995402916685 0.001079087776400
12 24 0.00 0.001 55 -0.013593716481378 0.001184087153441
12 24 0.00 0.001 56 -0.001077470892026 0.001264462159164
12 24 0.00 0.001 57 nan nan
12 24 0.00 0.001 58 -0.000899756003197 0.001379181746674
12 24 0.00 0.001 59 -0.000935454482600 0.001220033329812
12 24 0.00 0.001 60 -0.002325539198413 0.001430945634287
12 24 0.00 0.001 61 -0.002617075886001 0.001369309959040
12 24 0.00 0.001 62 -0.037216475714138 0.001498589350595
12 24 0.00 0.001 63 nan nan
12 24 0.00 0.001 64 -0.000862164253513 0.001398505715942
12 24 0.00 0.001 65 -0.000040938372095 0.001537839267008
12 24 0.00 0.001 66 -0.002534678455110 0.001596975823831
12 24 0.00 0.001 67 -0.001200196978531 0.001453019285035
12 24 0.00 0.001 68 nan nan
12 24 0.00 0.001 69 -0.000561271713569 0.001395998474653
12 24 0.00 0.001 70 -0.000877355527615 0.001591459721959
12 24 0.00 0.001 71 -0.000480053500223 0.001573735609224
12 24 0.00 0.001 72 -0.000356877544236 0.002049418949079
12 24 0.00 0.001 73 nan nan
12 24 0.00 0.001 74 nan nan
12 24 0.00 0.001 75 nan nan
12 24 0.00 0.001 76 nan nan
12 24 0.00 0.001 77 nan nan
12 24 0.00 0.001 78 nan nan
12 24 0.00 0.001 79 nan nan
12 24 0.00 0.001 80 nan nan
12 24 0.00 0.001 81 nan nan
12 24 0.00 0.001 82 nan nan
12 24 0.00 0.001 83 nan nan
12 24 0.00 0.001 84 nan nan
12 24 0.00 0.001 85 nan nan
12 24 0.00 0.001 86 nan nan
12 24 0.00 0.001 87 nan nan
12 24 0.00 0.001 88 nan nan
12 24 0.00 0.001 89 nan nan
12 24 0.00 0.001 90 nan nan
12 24 0.00 0.001 91 nan nan
12 24 0.00 0.001 92 nan nan
12 24 0.00 0.001 93 nan nan
12 24 0.00 0.001 94 nan nan
12 24 0.00 0.001 95 nan nan
12 24 0.00 0.001 96 nan nan
12 24 0.00 0.001 97 nan nan
12 24 0.00 0.001 98 nan nan
12 24 0.00 0.001 99 nan nan
12 24 0.00 0.001 100 nan nan
12 24 0.00 0.001 101 nan nan
12 24 0.00 0.001 102 nan nan
12 24 0.00 0.001 103 nan nan
12 24 0.00 0.001 104 nan nan
12 24 0.00 0.001 105 nan nan
12 24 0.00 0.001 106 nan nan
12 24 0.00 0.001 107 nan nan
12 24 0.00 0.001 108 nan nan
12 24 0.00 0.001 109 nan nan
12 24 0.00 0.001 110 nan nan
12 24 0.00 0.001 111 nan nan
12 24 0.00 0.001 112 nan nan
12 24 0.00 0.001 113 nan nan
12 24 0.00 0.001 114 nan nan
12 24 0.00 0.001 115 nan nan
12 24 0.00 0.001 116 nan nan
12 24 0.00 0.001 117 nan nan
12 24 0.00 0.001 118 nan nan
12 24 0.00 0.001 119 nan nan
12 24 0.00 0.001 120 nan nan
12 24 0.00 0.001 121 nan nan
12 24 0.00 0.001 122 nan nan
12 24 0.00 0.001 123 nan nan
12 24 0.00 0.001 124 nan nan
12 24 0.00 0.001 125 nan nan
12 24 0.00 0.001 126 nan nan
12 24 0.00 0.001 127 nan nan
12 24 0.00 0.001 128 nan nan
12 24 0.00 0.001 129 nan nan
12 24 0.00 0.001 130 nan nan
12 24 0.00 0.001 131 nan nan
12 24 0.00 0.001 132 nan nan
12 24 0.00 0.001 133 nan nan
12 24 0.00 0.001 134 nan nan
12 24 0.00 0.001 135 nan nan
12 24 0.00 0.001 136 nan nan
12 24 0.00 0.001 137 nan nan
12 24 0.00 0.001 138 nan nan
12 24 0.00 0.001 139 nan nan
12 24 0.00 0.001 140 nan nan
12 24 0.00 0.001 141 nan nan
12 24 0.00 0.001 142 nan nan
12 24 0.00 0.001 143 nan nan
12 24 0.00 0.001 144 nan nan
12 24 0.00 0.001 145 nan nan
12 24 0.00 0.001 146 nan nan
12 24 0.00 0.001 147 nan nan
12 24 0.00 0.001 148 nan nan
12 24 0.00 0.001 149 nan nan
12 24 0.00 0.001 150 nan nan
12 24 0.00 0.001 151 nan nan
12 24 0.00 0.001 152 nan nan
12 24 0.00 0.001 153 nan nan
12 24 0.00 0.001 154 nan nan
12 24 0.00 0.001 155 nan nan
12 24 0.00 0.001 156 nan nan
12 24 0.00 0.001 157 nan nan
12 24 0.00 0.001 158 nan nan
12 24 0.00 0.001 159 nan nan
12 24 0.00 0.001 160 nan nan
12 24 0.00 0.001 161 nan nan
12 24 0.00 0.001 162 nan nan
12 24 0.00 0.001 163 nan nan
12 24 0.00 0.001 164 nan nan
12 24 0.00 0.001 165 nan nan
12 24 0.00 0.001 166 nan nan
12 24 0.00 0.001 167 nan nan
12 24 0.00 0.001 168 nan nan
12 24 0.00 0.001 169 nan nan
12 24 0.00 0.001 170 nan nan
12 24 0.00 0.001 171 nan nan
12 24 0.00 0.001 172 nan nan
12 24 0.00 0.001 173 nan nan
12 24 0.00 0.001 174 nan nan
12 24 0.00 0.001 175 nan nan
12 24 0.00 0.001 176 nan nan
12 24 0.00 0.001 177 nan nan
12 24 0.00 0.001 178 nan nan
12 24 0.00 0.001 179 nan nan
12 24 0.00 0.001 180 nan nan
12 24 0.00 0.001 181 nan nan
12 24 0.00 0.001 182 nan nan
12 24 0.00 0.001 183 nan nan
12 24 0.00 0.001 184 nan nan
12 24 0.00 0.001 185 nan nan
12 24 0.00 0.001 186 nan nan
12 24 0.00 0.001 187 nan nan
12 24 0.00 0.001 188 nan nan
12 24 0.00 0.001 189 nan nan
12 24 0.00 0.001 190 nan nan
12 24 0.00 0.001 191 nan nan
12 24 0.00 0.001 192 nan nan
12 24 0.00 0.001 193 nan nan
12 24 0.00 0.001 194 nan nan
12 24 0.00 0.001 195 nan nan
12 24 0.00 0.001 196 nan nan
12 24 0.00 0.001 197 nan nan
12 24 0.00 0.001 198 nan nan
12 24 0.00 0.001 199 nan nan
12 24 0.00 0.001 200 nan nan
12 24 0.00 0.001 201 nan nan
12 24 0.00 0.001 202 nan nan
12 24 0.00 0.001 203 nan nan
12 24 0.00 0.001 204 nan nan
12 24 0.00 0.001 205 nan nan
12 24 0.00 0.001 206 nan nan
12 24 0.00 0.001 207 nan nan
12 24 0.00 0.001 208 nan nan
12 24 0.00 0.001 209 nan nan
12 24 0.00 0.001 210 nan nan
12 24 0.00 0.001 211 nan nan
12 24 0.00 0.001 212 nan nan
12 24 0.00 0.001 213 nan nan
12 24 0.00 0.001 214 nan nan
12 24 0.00 0.001 215 nan nan
12 24 0.00 0.001 216 nan nan
12 24 0.00 0.001 217 nan nan
12 24 0.00 0.001 218 nan nan
12 24 0.00 0.001 219 nan nan
12 24 0.00 0.001 220 nan nan
12 24 0.00 0.001 221 nan nan
12 24 0.00 0.001 222 nan nan
12 24 0.00 0.001 223 nan nan
12 24 0.00 0.001 224 nan nan
12 24 0.00 0.001 225 nan nan
12 24 0.00 0.001 226 nan nan
12 24 0.00 0.001 227 nan nan
12 24 0.00 0.001 228 nan nan
12 24 0.00 0.001 229 nan nan
12 24 0.00 0.001 230 nan nan
12 24 0.00 0.001 231 nan nan
12 24 0.00 0.001 232 nan nan
12 24 0.00 0.001 233 nan nan
12 24 0.00 0.001 234 nan nan
12 24 0.00 0.001 235 nan nan
12 24 0.00 0.001 236 nan nan
12 24 0.00 0.001 237 nan nan
12 24 0.00 0.001 238 nan nan
12 24 0.00 0.001 239 nan nan
12 24 0.00 0.001 240 nan nan
12 24 0.00 0.001 241 nan nan
12 24 0.00 0.001 242 nan nan
12 24 0.00 0.001 243 nan nan
12 24 0.00 0.001 244 nan nan
12 24 0.00 0.001 245 nan nan
12 24 0.00 0.001 246 nan nan
12 24 0.00 0.001 247 nan nan
12 24 0.00 0.001 248 nan nan
12 24 0.00 0.001 249 nan nan
12 24 0.00 0.001 250 nan nan
12 24 0.00 0.001 251 nan nan
12 24 0.00 0.001 252 nan nan
12 24 0.00 0.001 253 nan nan
12 24 0.00 0.001 254 nan nan
12 24 0.00 0.001 255 nan nan
12 24 0.00 0.001 256 nan nan
12 24 0.00 0.001 257 nan nan
12 24 0.00 0.001 258 nan nan
12 24 0.00 0.001 259 nan nan
12 24 0.00 0.001 260 nan nan
12 24 0.00 0.001 261 nan nan
12 24 0.00 0.001 262 nan nan
12 24 0.00 0.001 263 nan nan
12 24 0.00 0.001 264 nan nan
12 24 0.00 0.001 265 nan nan
12 24 0.00 0.001 266 nan nan
12 24 0.00 0.001 267 nan nan
12 24 0.00 0.001 268 nan nan
12 24 0.00 0.001 269 nan nan
12 24 0.00 0.001 270 nan nan
12 24 0.00 0.001 271 nan nan
12 24 0.00 0.001 272 nan nan
12 24 0.00 0.001 273 nan nan
12 24 0.00 0.001 274 nan nan
12 24 0.00 0.001 275 nan nan
12 24 0.00 0.001 276 nan nan
12 24 0.00 0.001 277 nan nan
12 24 0.00 0.001 278 nan nan
12 24 0.00 0.001 279 nan nan
12 24 0.00 0.001 280 nan nan
12 24 0.00 0.001 281 nan nan
12 24 0.00 0.001 282 nan nan
12 24 0.00 0.001 283 nan nan
12 24 0.00 0.001 284 nan nan
12 24 0.00 0.001 285 nan nan
12 24 0.00 0.001 286 nan nan
12 24 0.00 0.001 287 nan nan
12 24 0.00 0.001 288 nan nan
12 24 0.05 0.001 0 0.001864969235278 0.002699585556417
12 24 0.05 0.001 1 0.000107855743419 0.002055817719555
12 24 0.05 0.001 2 -0.265695159594712 0.002529892981678
12 24 0.05 0.001 3 -0.001805637917488 0.002071096272405
12 24 0.05 0.001 4 -0.201324806905396 0.001742406285070
12 24 0.05 0.001 5 0.001756223601933 0.002248989601813
12 24 0.05 0.001 6 -0.000435551420220 0.001512142894426
12 24 0.05 0.001 7 -0.219364338942544 0.002141484487954
12 24 0.05 0.001 8 0.000694373900598 0.001770754246212
12 24 0.05 0.001 9 0.000879221170334 0.001624608656867
12 24 0.05 0.001 10 -0.000972230704585 0.001946385017937
12 24 0.05 0.001 11 0.001449394146928 0.001394898604249
12 24 0.05 0.001 12 0.001011085265050 0.001429367284147
12 24 0.05 0.001 13 0.001227993706091 0.001196204409233
12 24 0.05 0.001 14 -0.001274940766563 0.001260157484468
12 24 0.05 0.001 15 -0.056553578823479 0.001562929052744
12 24 0.05 0.001 16 -0.030274272647154 0.001278510975554
12 24 0.05 0.001 17 -0.002194643072679 0.001671783220088
12 24 0.05 0.001 18 0.000830709998294 0.001044300045095
12 24 0.05 0.001 19 -0.001258340066207 0.001241268660891
12 24 0.05 0.001 20 0.001023430629346 0.001057631627273
12 24 0.05 0.001 21 -0.076494622415703 0.001254771359585
12 24 0.05 0.001 22 0.000386552907170 0.001129077457446
12 24 0.05 0.001 23 0.000076954353228 0.001124370441048
12 24 0.05 0.001 24 -0.022925787008986 0.001271431127177
12 24 0.05 0.001 25 0.000719704033647 0.001120811192604
12 24 0.05 0.001 26 0.000741753713821 0.000985040446999
12 24 0.05 0.001 27 -0.008009759840786 0.001206638921347
12 24 0.05 0.001 28 0.001557702405347 0.000936151528475
12 24 0.05 0.001 29 -0.000140887408857 0.001004497679303
12 24 0.05 0.001 30 nan nan
12 24 0.05 0.001 31 0.000476307379819 0.000794264072675
12 24 0.05 0.001 32 0.000732116395842 0.000783237416742
12 24 0.05 0.001 33 0.001741503219755 0.000723614565809
12 24 0.05 0.001 34 0.000796922817076 0.000682620598621
12 24 0.05 0.001 35 0.000179712188423 0.000579390623139
12 24 0.05 0.001 36 0.000039911495603 0.000688852292182
12 24 0.05 0.001 37 0.000619045472835 0.000765426226975
12 24 0.05 0.001 38 -0.000040951094693 0.000777816102087
12 24 0.05 0.001 39 -0.000840409840529 0.000618712808875
12 24 0.05 0.001 40 nan nan
12 24 0.05 0.001 41 0.000128443704553 0.000792659628248
12 24 0.05 0.001 42 -0.000590416567552 0.000801142581942
12 24 0.05 0.001 43 -0.000969861853318 0.000942792273992
12 24 0.05 0.001 44 -0.001056879217860 0.000773716013424
12 24 0.05 0.001 45 -0.001240353439107 0.000801689756726
12 24 0.05 0.001 46 0.042370737629068 0.001291823486739
12 24 0.05 0.001 47 0.000403694149775 0.000929530307136
12 24 0.05 0.001 48 0.001390188041105 0.001121723909837
12 24 0.05 0.001 49 0.001075540465372 0.000992697185122
12 24 0.05 0.001 50 0.000168818899065 0.001165367097602
12 24 0.05 0.001 51 0.002079408810111 0.001173018754835
12 24 0.05 0.001 52 0.067467491444937 0.001448800143575
12 24 0.05 0.001 53 0.000661895487142 0.001012955092902
12 24 0.05 0.001 54 0.001823596208346 0.001467687264112
12 24 0.05 0.001 55 0.000529744940212 0.001225944560096
12 24 0.05 0.001 56 0.000262651009963 0.001235519772615
12 24 0.05 0.001 57 0.015552053181112 0.001490493206211
12 24 0.05 0.001 58 -0.000828730266035 0.001258456212049
12 24 0.05 0.001 59 -0.000171342710565 0.001359359529665
12 24 0.05 0.001 60 -0.002181140097352 0.001641805986157
12 24 0.05 0.001 61 0.000869050342209 0.001706643675721
12 24 0.05 0.001 62 -0.001705856056255 0.001582450792427
12 24 0.05 0.001 63 0.001179365152247 0.001759374729189
12 24 0.05 0.001 64 nan nan
12 24 0.05 0.001 65 -0.001585783928237 0.001601467899792
12 24 0.05 0.001 66 0.208565282081906 0.002211583418878
12 24 0.05 0.001 67 -0.003145351542624 0.001841475862052
12 24 0.05 0.001 68 -0.000830279782704 0.001545405411985
12 24 0.05 0.001 69 -0.000592433669101 0.001636147569598
12 24 0.05 0.001 70 0.002054291182393 0.001761886692851
12 24 0.05 0.001 71 nan nan
12 24 0.05 0.001 72 -0.000910698434190 0.001902518409416
12 24 0.05 0.001 73 nan nan
12 24 0.05 0.001 74 nan nan
12 24 0.05 0.001 75 nan nan
12 24 0.05 0.001 76 nan nan
12 24 0.05 0.001 77 nan nan
12 24 0.05 0.001 78 nan nan
12 24 0.05 0.001 79 nan nan
12 24 0.05 0.001 80 nan nan
12 24 0.05 0.001 81 nan nan
12 24 0.05 0.001 82 nan nan
12 24 0.05 0.001 83 nan nan
12 24 0.05 0.001 84 nan nan
12 24 0.05 0.001 85 nan nan
12 24 0.05 0.001 86 nan nan
12 24 0.05 0.001 87 nan nan
12 24 0.05 0.001 88 nan nan
12 24 0.05 0.001 89 nan nan
12 24 0.05 0.001 90 nan nan
12 24 0.05 0.001 91 nan nan
12 24 0.05 0.001 92 nan nan
12 24 0.05 0.001 93 nan nan
12 24 0.05 0.001 94 nan nan
12 24 0.05 0.001 95 nan nan
12 24 0.05 0.001 96 nan nan
12 24 0.05 0.001 97 nan nan
12 24 0.05 0.001 98 nan nan
12 24 0.05 0.001 99 nan nan
12 24 0.05 0.001 100 nan nan
12 24 0.05 0.001 101 nan nan
12 24 0.05 0.001 102 nan nan
12 24 0.05 0.001 103 nan nan
12 24 0.05 0.001 104 nan nan
12 24 0.05 0.001 105 nan nan
12 24 0.05 0.001 106 nan nan
12 24 0.05 0.001 107 nan nan
12 24 0.05 0.001 108 nan nan
12 24 0.05 0.001 109 nan nan
12 24 0.05 0.001 110 nan nan
12 24 0.05 0.001 111 nan nan
12 24 0.05 0.001 112 nan nan
12 24 0.05 0.001 113 nan nan
12 24 0.05 0.001 114 nan nan
12 24 0.05 0.001 115 nan nan
12 24 0.05 0.001 116 nan nan
12 24 0.05 0.001 117 nan nan
12 24 0.05 0.001 118 nan nan
12 24 0.05 0.001 119 nan nan
12 24 0.05 0.001 120 nan nan
12 24 0.05 0.001 121 nan nan
12 24 0.05 0.001 122 nan nan
12 24 0.05 0.001 123 nan nan
12 24 0.05 0.001 124 nan nan
12 24 0.05 0.001 125 nan nan
12 24 0.05 0.001 126 nan nan
12 24 0.05 0.001 127 nan nan
12 24 0.05 0.001 128 nan nan
12 24 0.05 0.001 129 nan nan
12 24 0.05 0.001 130 nan nan
12 24 0.05 0.001 131 nan nan
12 24 0.05 0.001 132 nan nan
12 24 0.05 0.001 133 nan nan
12 24 0.05 0.001 134 nan nan
12 24 0.05 0.001 135 nan nan
12 24 0.05 0.001 136 nan nan
12 24 0.05 0.001 137 nan nan
12 24 0.05 0.001 138 nan nan
12 24 0.05 0.001 139 nan nan
12 24 0.05 0.001 140 nan nan
12 24 0.05 0.001 141 nan nan
12 24 0.05 0.001 142 nan nan
12 24 0.05 0.001 143 nan nan
12 24 0.05 0.001 144 nan nan
12 24 0.05 0.001 145 nan nan
12 24 0.05 0.001 146 nan nan
12 24 0.05 0.001 147 nan nan
12 24 0.05 0.001 148 nan nan
12 24 0.05 0.001 149 nan nan
12 24 0.05 0.001 150 nan nan
12 24 0.05 0.001 151 nan nan
12 24 0.05 0.001 152 nan nan
12 24 0.05 0.001 153 nan nan
12 24 0.05 0.001 154 nan nan
12 24 0.05 0.001 155 nan nan
12 24 0.05 0.001 156 nan nan
12 24 0.05 0.001 157 nan nan
12 24 0.05 0.001 158 nan nan
12 24 0.05 0.001 159 nan nan
12 24 0.05 0.001 160 nan nan
12 24 0.05 0.001 161 nan nan
12 24 0.05 0.001 162 nan nan
12 24 0.05 0.001 163 nan nan
12 24 0.05 0.001 164 nan nan
12 24 0.05 0.001 165 nan nan
12 24 0.05 0.001 166 nan nan
12 24 0.05 0.001 167 nan nan
12 24 0.05 0.001 168 nan nan
12 24 0.05 0.001 169 nan nan
12 24 0.05 0.001 170 nan nan
12 24 0.05 0.001 171 nan nan
12 24 0.05 0.001 172 nan nan
12 24 0.05 0.001 173 nan nan
12 24 0.05 0.001 174 nan nan
12 24 0.05 0.001 175 nan nan
12 24 0.05 0.001 176 nan nan
12 24 0.05 0.001 177 nan nan
12 24 0.05 0.001 178 nan nan
12 24 0.05 0.001 179 nan nan
12 24 0.05 0.001 180 nan nan
12 24 0.05 0.001 181 nan nan
12 24 0.05 0.001 182 nan nan
12 24 0.05 0.001 183 nan nan
12 24 0.05 0.001 184 nan nan
12 24 0.05 0.001 185 nan nan
12 24 0.05 0.001 186 nan nan
12 24 0.05 0.001 187 nan nan
12 24 0.05 0.001 188 nan nan
12 24 0.05 0.001 189 nan nan
12 24 0.05 0.001 190 nan nan
12 24 0.05 0.001 191 nan nan
12 24 0.05 0.001 192 nan nan
12 24 0.05 0.001 193 nan nan
12 24 0.05 0.001 194 nan nan
12 24 0.05 0.001 195 nan nan
12 24 0.05 0.001 196 nan nan
12 24 0.05 0.001 197 nan nan
12 24 0.05 0.001 198 nan nan
12 24 0.05 0.001 199 nan nan
12 24 0.05 0.001 200 nan nan
12 24 0.05 0.001 201 nan nan
12 24 0.05 0.001 202 nan nan
12 24 0.05 0.001 203 nan nan
12 24 0.05 0.001 204 nan nan
12 24 0.05 0.001 205 nan nan
12 24 0.05 0.001 206 nan nan
12 24 0.05 0.001 207 nan nan
12 24 0.05 0.001 208 nan nan
12 24 0.05 0.001 209 nan nan
12 24 0.05 0.001 210 nan nan
12 24 0.05 0.001 211 nan nan
12 24 0.05 0.001 212 nan nan
12 24 0.05 0.001 213 nan nan
12 24 0.05 0.001 214 nan nan
12 24 0.05 0.001 215 nan nan
12 24 0.05 0.001 216 nan nan
12 24 0.05 0.001 217 nan nan
12 24 0.05 0.001 218 nan nan
12 24 0.05 0.001 219 nan nan
12 24 0.05 0.001 220 nan nan
12 24 0.05 0.001 221 nan nan
12 24 0.05 0.001 222 nan nan
12 24 0.05 0.001 223 nan nan
12 24 0.05 0.001 224 nan nan
12 24 0.05 0.001 225 nan nan
12 24 0.05 0.001 226 nan nan
12 24 0.05 0.001 227 nan nan
12 24 0.05 0.001 228 nan nan
12 24 0.05 0.001 229 nan nan
12 24 0.05 0.001 230 nan nan
12 24 0.05 0.001 231 nan nan
12 24 0.05 0.001 232 nan nan
12 24 0.05 0.001 233 nan nan
12 24 0.05 0.001 234 nan nan
12 24 0.05 0.001 235 nan nan
12 24 0.05 0.001 236 nan nan
12 24 0.05 0.001 237 nan nan
12 24 0.05 0.001 238 nan nan
12 24 0.05 0.001 239 nan nan
12 24 0.05 0.001 240 nan nan
12 24 0.05 0.001 241 nan nan
12 24 0.05 0.001 242 nan nan
12 24 0.05 0.001 243 nan nan
12 24 0.05 0.001 244 nan nan
12 24 0.05 0.001 245 nan nan
12 24 0.05 0.001 246 nan nan
12 24 0.05 0.001 247 nan nan
12 24 0.05 0.001 248 nan nan
12 24 0.05 0.001 249 nan nan
12 24 0.05 0.001 250 nan nan
12 24 0.05 0.001 251 nan nan
12 24 0.05 0.001 252 nan nan
12 24 0.05 0.001 253 nan nan
12 24 0.05 0.001 254 nan nan
12 24 0.05 0.001 255 nan nan
12 24 0.05 0.001 256 nan nan
12 24 0.05 0.001 257 nan nan
12 24 0.05 0.001 258 nan nan
12 24 0.05 0.001 259 nan nan
12 24 0.05 0.001 260 nan nan
12 24 0.05 0.001 261 nan nan
12 24 0.05 0.001 262 nan nan
12 24 0.05 0.001 263 nan nan
12 24 0.05 0.001 264 nan nan
12 24 0.05 0.001 265 nan nan
12 24 0.05 0.001 266 nan nan
12 24 0.05 0.001 267 nan nan
12 24 0.05 0.001 268 nan nan
12 24 0.05 0.001 269 nan nan
12 24 0.05 0.001 270 nan nan
12 24 0.05 0.001 271 nan nan
12 24 0.05 0.001 272 nan nan
12 24 0.05 0.001 273 nan nan
12 24 0.05 0.001 274 nan nan
12 24 0.05 0.001 275 nan nan
12 24 0.05 0.001 276 nan nan
12 24 0.05 0.001 277 nan nan
12 24 0.05 0.001 278 nan nan
12 24 0.05 0.001 279 nan nan
12 24 0.05 0.001 280 nan nan
12 24 0.05 0.001 281 nan nan
12 24 0.05 0.001 282 nan nan
12 24 0.05 0.001 283 nan nan
12 24 0.05 0.001 284 nan nan
12 24 0.05 0.001 285 nan nan
12 24 0.05 0.001 286 nan nan
12 24 0.05 0.001 287 nan nan
12 24 0.05 0.001 288 nan nan
12 24 0.10 0.001 0 -0.010873493702732 0.004380690385009
12 24 0.10 0.001 1 0.003478126003711 0.003491523654165
12 24 0.10 0.001 2 -0.001085969254160 0.003999191590445
12 24 0.10 0.001 3 nan nan
12 24 0.10 0.001 4 0.001031019829490 0.003205563390408
12 24 0.10 0.001 5 -0.000904067197876 0.003725079951950
12 24 0.10 0.001 6 nan nan
12 24 0.10 0.001 7 nan nan
12 24 0.10 0.001 8 -0.004960603146488 0.002827149503679
12 24 0.10 0.001 9 -0.000542303542573 0.003064277928751
12 24 0.10 0.001 10 -0.005611837949214 0.002492880600724
12 24 0.10 0.001 11 -0.002787206701404 0.002605661577374
12 24 0.10 0.001 12 -0.004807020348120 0.002669110610701
12 24 0.10 0.001 13 -0.091846895626705 0.002066244875080
12 24 0.10 0.001 14 0.003053804347818 0.002755013348187
12 24 0.10 0.001 15 0.002343141694166 0.001751227402945
12 24 0.10 0.001 16 nan nan
12 24 0.10 0.001 17 0.002501535715659 0.001809480776103
12 24 0.10 0.001 18 0.001535424641877 0.001657763787591
12 24 0.10 0.001 19 0.001736180286491 0.001867585184831
12 24 0.10 0.001 20 0.002065326601517 0.001750626303286
12 24 0.10 0.001 21 -0.003109495740146 0.001665973224933
12 24 0.10 0.001 22 -0.153875153082928 0.002550559401125
12 24 0.10 0.001 23 0.002281193840761 0.001499749554794
12 24 0.10 0.001 24 0.001395521513879 0.001805669647047
12 24 0.10 0.001 25 0.000986806734868 0.001606252951056
12 24 0.10 0.001 26 nan nan
12 24 0.10 0.001 27 -0.002712182151393 0.001220372242962
12 24 0.10 0.001 28 -0.002476949611076 0.001201994005566
12 24 0.10 0.001 29 -0.000535497183270 0.001402028281954
12 24 0.10 0.001 30 0.000210476682454 0.001365208384084
12 24 0.10 0.001 31 0.000744855921492 0.001036351382454
12 24 0.10 0.001 32 0.001077253358303 0.000917544017540
12 24 0.10 0.001 33 0.000567941922835 0.000734819712850
12 24 0.10 0.001 34 0.000241746076469 0.000667646104877
12 24 0.10 0.001 35 0.000465008392006 0.000722867232456
12 24 0.10 0.001 36 0.000120217903907 0.000545883665105
12 24 0.10 0.001 37 0.000074491895835 0.000817604676555
12 24 0.10 0.001 38 0.013268154419151 0.002006292937579
12 24 0.10 0.001 39 nan nan
12 24 0.10 0.001 40 nan nan
12 24 0.10 0.001 41 -0.001731309151684 0.001126379111417
12 24 0.10 0.001 42 -0.001282466925009 0.001244462461055
12 24 0.10 0.001 43 -0.000742311085708 0.001196375552112
12 24 0.10 0.001 44 nan nan
12 24 0.10 0.001 45 nan nan
12 24 0.10 0.001 46 0.000916957435947 0.001459348734482
12 24 0.10 0.001 47 0.137055663230412 0.002140014556154
12 24 0.10 0.001 48 0.001932204901165 0.002015479635619
12 24 0.10 0.001 49 0.000811686333144 0.001887000947202
12 24 0.10 0.001 50 0.001354646654067 0.001960755858981
12 24 0.10 0.001 51 0.002654948900733 0.001920658920747
12 24 0.10 0.001 52 0.001520514276051 0.002129772770075
12 24 0.10 0.001 53 0.000025577192455 0.001920916686504
12 24 0.10 0.001 54 0.002193164639665 0.002301555966298
12 24 0.10 0.001 55 0.000515391832409 0.002146005039992
12 24 0.10 0.001 56 0.001451585063640 0.002554878425711
12 24 0.10 0.001 57 -0.000389486153618 0.002395165847269
12 24 0.10 0.001 58 -0.000599129257125 0.002498887438418
12 24 0.10 0.001 59 0.000045159342927 0.002635654266231
12 24 0.10 0.001 60 -0.001468970356696 0.002891272952012
12 24 0.10 0.001 61 nan nan
12 24 0.10 0.001 62 nan nan
12 24 0.10 0.001 63 0.000334635365702 0.002619959289133
12 24 0.10 0.001 64 -0.000952333404731 0.003193253564930
12 24 0.10 0.001 65 nan nan
12 24 0.10 0.001 66 0.001334203443983 0.003184945528393
12 24 0.10 0.001 67 0.003545891647048 0.003642217647577
12 24 0.10 0.001 68 -0.001073088328528 0.003238356095539
12 24 0.10 0.001 69 -0.000904369362334 0.003501555332542
12 24 0.10 0.001 70 -0.001453261979406 0.003716765258848
12 24 0.10 0.001 71 -0.002026644323518 0.004022278028706
12 24 0.10 0.001 72 0.007354771709477 0.004936782195668
12 24 0.10 0.001 73 nan nan
12 24 0.10 0.001 74 nan nan
12 24 0.10 0.001 75 nan nan
12 24 0.10 0.001 76 nan nan
12 24 0.10 0.001 77 nan nan
12 24 0.10 0.001 78 nan nan
12 24 0.10 0.001 79 nan nan
12 24 0.10 0.001 80 nan nan
12 24 0.10 0.001 81 nan nan
12 24 0.10 0.001 82 nan nan
12 24 0.10 0.001 83 nan nan
12 24 0.10 0.001 84 nan nan
12 24 0.10 0.001 85 nan nan
12 24 0.10 0.001 86 nan nan
12 24 0.10 0.001 87 nan nan
12 24 0.10 0.001 88 nan nan
12 24 0.10 0.001 89 nan nan
12 24 0.10 0.001 90 nan nan
12 24 0.10 0.001 91 nan nan
12 24 0.10 0.001 92 nan nan
12 24 0.10 0.001 93 nan nan
12 24 0.10 0.001 94 nan nan
12 24 0.10 0.001 95 nan nan
12 24 0.10 0.001 96 nan nan
12 24 0.10 0.001 97 nan nan
12 24 0.10 0.001 98 nan nan
12 24 0.10 0.001 99 nan nan
12 24 0.10 0.001 100 nan nan
12 24 0.10 0.001 101 nan nan
12 24 0.10 0.001 102 nan nan
12 24 0.10 0.001 103 nan nan
12 24 0.10 0.001 104 nan nan
12 24 0.10 0.001 105 nan nan
12 24 0.10 0.001 106 nan nan
12 24 0.10 0.001 107 nan nan
12 24 0.10 0.001 108 nan nan
12 24 0.10 0.001 109 nan nan
12 24 0.10 0.001 110 nan nan
12 24 0.10 0.001 111 nan nan
12 24 0.10 0.001 112 nan nan
12 24 0.10 0.001 113 nan nan
12 24 0.10 0.001 114 nan nan
12 24 0.10 0.001 115 nan nan
12 24 0.10 0.001 116 nan nan
12 24 0.10 0.001 117 nan nan
12 24 0.10 0.001 118 nan nan
12 24 0.10 0.001 119 nan nan
12 24 0.10 0.001 120 nan nan
12 24 0.10 0.001 121 nan nan
12 24 0.10 0.001 122 nan nan
12 24 0.10 0.001 123 nan nan
12 24 0.10 0.001 124 nan nan
12 24 0.10 0.001 125 nan nan
12 24 0.10 0.001 126 nan nan
12 24 0.10 0.001 127 nan nan
12 24 0.10 0.001 128 nan nan
12 24 0.10 0.001 129 nan nan
12 24 0.10 0.001 130 nan nan
12 24 0.10 0.001 131 nan nan
12 24 0.10 0.001 132 nan nan
12 24 0.10 0.001 133 nan nan
12 24 0.10 0.001 134 nan nan
12 24 0.10 0.001 135 nan nan
12 24 0.10 0.001 136 nan nan
12 24 0.10 0.001 137 nan nan
12 24 0.10 0.001 138 nan nan
12 24 0.10 0.001 139 nan nan
12 24 0.10 0.001 140 nan nan
12 24 0.10 0.001 141 nan nan
12 24 0.10 0.001 142 nan nan
12 24 0.10 0.001 143 nan nan
12 24 0.10 0.001 144 nan nan
12 24 0.10 0.001 145 nan nan
12 24 0.10 0.001 146 nan nan
12 24 0.10 0.001 147 nan nan
12 24 0.10 0.001 148 nan nan
12 24 0.10 0.001 149 nan nan
12 24 0.10 0.001 150 nan nan
12 24 0.10 0.001 151 nan nan
12 24 0.10 0.001 152 nan nan
12 24 0.10 0.001 153 nan nan
12 24 0.10 0.001 154 nan nan
12 24 0.10 0.001 155 nan nan
12 24 0.10 0.001 156 nan nan
12 24 0.10 0.001 157 nan nan
12 24 0.10 0.001 158 nan nan
12 24 0.10 0.001 159 nan nan
12 24 0.10 0.001 160 nan nan
12 24 0.10 0.001 161 nan nan
12 24 0.10 0.001 162 nan nan
12 24 0.10 0.001 163 nan nan
12 24 0.10 0.001 164 nan nan
12 24 0.10 0.001 165 nan nan
12 24 0.10 0.001 166 nan nan
12 24 0.10 0.001 167 nan nan
12 24 0.10 0.001 168 nan nan
12 24 0.10 0.001 169 nan nan
12 24 0.10 0.001 170 nan nan
12 24 0.10 0.001 171 nan nan
12 24 0.10 0.001 172 nan nan
12 24 0.10 0.001 173 nan nan
12 24 0.10 0.001 174 nan nan
12 24 0.10 0.001 175 nan nan
12 24 0.10 0.001 176 nan nan
12 24 0.10 0.001 177 nan nan
12 24 0.10 0.001 178 nan nan
12 24 0.10 0.001 179 nan nan
12 24 0.10 0.001 180 nan nan
12 24 0.10 0.001 181 nan nan
12 24 0.10 0.001 182 nan nan
12 24 0.10 0.001 183 nan nan
12 24 0.10 0.001 184 nan nan
12 24 0.10 0.001 185 nan nan
12 24 0.10 0.001 186 nan nan
12 24 0.10 0.001 187 nan nan
12 24 0.10 0.001 188 nan nan
12 24 0.10 0.001 189 nan nan
12 24 0.10 0.001 190 nan nan
12 24 0.10 0.001 191 nan nan
12 24 0.10 0.001 192 nan nan
12 24 0.10 0.001 193 nan nan
12 24 0.10 0.001 194 nan nan
12 24 0.10 0.001 195 nan nan
12 24 0.10 0.001 196 nan nan
12 24 0.10 0.001 197 nan nan
12 24 0.10 0.001 198 nan nan
12 24 0.10 0.001 199 nan nan
12 24 0.10 0.001 200 nan nan
12 24 0.10 0.001 201 nan nan
12 24 0.10 0.001 202 nan nan
12 24 0.10 0.001 203 nan nan
12 24 0.10 0.001 204 nan nan
12 24 0.10 0.001 205 nan nan
12 24 0.10 0.001 206 nan nan
12 24 0.10 0.001 207 nan nan
12 24 0.10 0.001 208 nan nan
12 24 0.10 0.001 209 nan nan
12 24 0.10 0.001 210 nan nan
12 24 0.10 0.001 211 nan nan
12 24 0.10 0.001 212 nan nan
12 24 0.10 0.001 213 nan nan
12 24 0.10 0.001 214 nan nan
12 24 0.10 0.001 215 nan nan
12 24 0.10 0.001 216 nan nan
12 24 0.10 0.001 217 nan nan
12 24 0.10 0.001 218 nan nan
12 24 0.10 0.001 219 nan nan
12 24 0.10 0.001 220 nan nan
12 24 0.10 0.001 221 nan nan
12 24 0.10 0.001 222 nan nan
12 24 0.10 0.001 223 nan nan
12 24 0.10 0.001 224 nan nan
12 24 0.10 0.001 225 nan nan
12 24 0.10 0.001 226 nan nan
12 24 0.10 0.001 227 nan nan
12 24 0.10 0.001 228 nan nan
12 24 0.10 0.001 229 nan nan
12 24 0.10 0.001 230 nan nan
12 24 0.10 0.001 231 nan nan
12 24 0.10 0.001 232 nan nan
12 24 0.10 0.001 233 nan nan
12 24 0.10 0.001 234 nan nan
12 24 0.10 0.001 235 nan nan
12 24 0.10 0.001 236 nan nan
12 24 0.10 0.001 237 nan nan
12 24 0.10 0.001 238 nan nan
12 24 0.10 0.001 239 nan nan
12 24 0.10 0.001 240 nan nan
12 24 0.10 0.001 241 nan nan
12 24 0.10 0.001 242 nan nan
12 24 0.10 0.001 243 nan nan
12 24 0.10 0.001 244 nan nan
12 24 0.10 0.001 245 nan nan
12 24 0.10 0.001 246 nan nan
12 24 0.10 0.001 247 nan nan
12 24 0.10 0.001 248 nan nan
12 24 0.10 0.001 249 nan nan
12 24 0.10 0.001 250 nan nan
12 24 0.10 0.001 251 nan nan
12 24 0.10 0.001 252 nan nan
12 24 0.10 0.001 253 nan nan
12 24 0.10 0.001 254 nan nan
12 24 0.10 0.001 255 nan nan
12 24 0.10 0.001 256 nan nan
12 24 0.10 0.001 257 nan nan
12 24 0.10 0.001 258 nan nan
12 24 0.10 0.001 259 nan nan
12 24 0.10 0.001 260 nan nan
12 24 0.10 0.001 261 nan nan
12 24 0.10 0.001 262 nan nan
12 24 0.10 0.001 263 nan nan
12 24 0.10 0.001 264 nan nan
12 24 0.10 0.001 265 nan nan
12 24 0.10 0.001 266 nan nan
12 24 0.10 0.001 267 nan nan
12 24 0.10 0.001 268 nan nan
12 24 0.10 0.001 269 nan nan
12 24 0.10 0.001 270 nan nan
12 24 0.10 0.001 271 nan nan
12 24 0.10 0.001 272 nan nan
12 24 0.10 0.001 273 nan nan
12 24 0.10 0.001 274 nan nan
12 24 0.10 0.001 275 nan nan
12 24 0.10 0.001 276 nan nan
12 24 0.10 0.001 277 nan nan
12 24 0.10 0.001 278 nan nan
12 24 0.10 0.001 279 nan nan
12 24 0.10 0.001 280 nan nan
12 24 0.10 0.001 281 nan nan
12 24 0.10 0.001 282 nan nan
12 24 0.10 0.001 283 nan nan
12 24 0.10 0.001 284 nan nan
12 24 0.10 0.001 285 nan nan
12 24 0.10 0.001 286 nan nan
12 24 0.10 0.001 287 nan nan
12 24 0.10 0.001 288 nan nan
12 24 0.15 0.001 0 -0.006958064607296 0.006400333345949
12 24 0.15 0.001 1 0.003473036247207 0.007397883390714
12 24 0.15 0.001 2 nan nan
12 24 0.15 0.001 3 0.004410844686009 0.006570884971886
12 24 0.15 0.001 4 0.001283153601148 0.004103396787747
12 24 0.15 0.001 5 0.003059826970993 0.005646140308007
12 24 0.15 0.001 6 0.003974828220179 0.004645640876989
12 24 0.15 0.001 7 0.886600078179393 0.004309754266331
12 24 0.15 0.001 8 0.002048808943323 0.003513598584850
12 24 0.15 0.001 9 0.010426967091100 0.003862070828082
12 24 0.15 0.001 10 0.498705347845836 0.003753560653477
12 24 0.15 0.001 11 -0.000225214508696 0.003627024737741
12 24 0.15 0.001 12 -0.000955918353315 0.004119432464110
12 24 0.15 0.001 13 0.277776865970874 0.002619858932909
12 24 0.15 0.001 14 0.000057624221997 0.003616313162575
12 24 0.15 0.001 15 -0.001181213189387 0.003718454675035
12 24 0.15 0.001 16 -0.001309789302071 0.003794456851972
12 24 0.15 0.001 17 -0.000981237376107 0.003812741092685
12 24 0.15 0.001 18 0.222747911413708 0.003441551672919
12 24 0.15 0.001 19 -0.001870814038043 0.003527119887951
12 24 0.15 0.001 20 -0.002477380550470 0.002927698614077
12 24 0.15 0.001 21 0.001052584171413 0.002120380432436
12 24 0.15 0.001 22 -0.004585913313524 0.002260077110038
12 24 0.15 0.001 23 0.001529839157596 0.002948553972021
12 24 0.15 0.001 24 -0.002523780063411 0.002733441862904
12 24 0.15 0.001 25 -0.001905426342826 0.002398149844975
12 24 0.15 0.001 26 -0.001774812360449 0.002101970415795
12 24 0.15 0.001 27 nan nan
12 24 0.15 0.001 28 -0.000316753834618 0.001760419621558
12 24 0.15 0.001 29 -0.000792352984981 0.002016269609948
12 24 0.15 0.001 30 nan nan
12 24 0.15 0.001 31 -0.000595988585547 0.001265416893612
12 24 0.15 0.001 32 -0.000076746872536 0.001109886981671
12 24 0.15 0.001 33 -0.000388837489951 0.000965117456691
12 24 0.15 0.001 34 -0.000179095607583 0.001077580457667
12 24 0.15 0.001 35 -0.001864835105861 0.000874472973839
12 24 0.15 0.001 36 0.000047482892963 0.000541145769177
12 24 0.15 0.001 37 0.001265717664034 0.001381650245414
12 24 0.15 0.001 38 -0.000606025072590 0.000968115868344
12 24 0.15 0.001 39 -0.000266336636493 0.001004183422027
12 24 0.15 0.001 40 -0.000137472839855 0.001132536838486
12 24 0.15 0.001 41 -0.000156235502100 0.001457382767495
12 24 0.15 0.001 42 nan nan
12 24 0.15 0.001 43 0.000171973052442 0.001538494152341
12 24 0.15 0.001 44 -0.000869412117697 0.001844299197213
12 24 0.15 0.001 45 0.001583551853623 0.001820291619945
12 24 0.15 0.001 46 0.001561229769988 0.002510298485055
12 24 0.15 0.001 47 nan nan
12 24 0.15 0.001 48 0.001485708035967 0.002407270000876
12 24 0.15 0.001 49 -0.001770073803734 0.002350207661179
12 24 0.15 0.001 50 0.002860802018263 0.003021064499458
12 24 0.15 0.001 51 0.003840027991092 0.002528197254075
12 24 0.15 0.001 52 0.002249321843055 0.002676292454668
12 24 0.15 0.001 53 0.003473943839885 0.003113041283028
12 24 0.15 0.001 54 0.003684546980335 0.003574776519147
12 24 0.15 0.001 55 0.003861555457182 0.003644473143658
12 24 0.15 0.001 56 0.005781252726720 0.003498255426639
12 24 0.15 0.001 57 0.003508195014712 0.003687851871768
12 24 0.15 0.001 58 0.001950948230956 0.003825565373303
12 24 0.15 0.001 59 0.002061551651039 0.004030223929165
12 24 0.15 0.001 60 0.003906409034198 0.004286774609323
12 24 0.15 0.001 61 0.005851081462088 0.003897115925846
12 24 0.15 0.001 62 0.005917879762351 0.003812514027613
12 24 0.15 0.001 63 0.004729162520079 0.003433899862746
12 24 0.15 0.001 64 0.002466932537080 0.004234870259417
12 24 0.15 0.001 65 0.006027063294664 0.004138098189676
12 24 0.15 0.001 66 0.005907351513700 0.003881176875203
12 24 0.15 0.001 67 0.007804799472600 0.004610727937362
12 24 0.15 0.001 68 0.002981210822042 0.004856073385468
12 24 0.15 0.001 69 0.000060307647581 0.004896224631641
12 24 0.15 0.001 70 -0.002583637472444 0.005242171945454
12 24 0.15 0.001 71 -0.003233320555484 0.005699754077392
12 24 0.15 0.001 72 -0.005066366567026 0.006801113287610
12 24 0.15 0.001 73 nan nan
12 24 0.15 0.001 74 nan nan
12 24 0.15 0.001 75 nan nan
12 24 0.15 0.001 76 nan nan
12 24 0.15 0.001 77 nan nan
12 24 0.15 0.001 78 nan nan
12 24 0.15 0.001 79 nan nan
12 24 0.15 0.001 80 nan nan
12 24 0.15 0.001 81 nan nan
12 24 0.15 0.001 82 nan nan
12 24 0.15 0.001 83 nan nan
12 24 0.15 0.001 84 nan nan
12 24 0.15 0.001 85 nan nan
12 24 0.15 0.001 86 nan nan
12 24 0.15 0.001 87 nan nan
12 24 0.15 0.001 88 nan nan
12 24 0.15 0.001 89 nan nan
12 24 0.15 0.001 90 nan nan
12 24 0.15 0.001 91 nan nan
12 24 0.15 0.001 92 nan nan
12 24 0.15 0.001 93 nan nan
12 24 0.15 0.001 94 nan nan
12 24 0.15 0.001 95 nan nan
12 24 0.15 0.001 96 nan nan
12 24 0.15 0.001 97 nan nan
12 24 0.15 0.001 98 nan nan
12 24 0.15 0.001 99 nan nan
12 24 0.15 0.001 100 nan nan
12 24 0.15 0.001 101 nan nan
12 24 0.15 0.001 102 nan nan
12 24 0.15 0.001 103 nan nan
12 24 0.15 0.001 104 nan nan
12 24 0.15 0.001 105 nan nan
12 24 0.15 0.001 106 nan nan
12 24 0.15 0.001 107 nan nan
12 24 0.15 0.001 108 nan nan
12 24 0.15 0.001 109 nan nan
12 24 0.15 0.001 110 nan nan
12 24 0.15 0.001 111 nan nan
12 24 0.15 0.001 112 nan nan
12 24 0.15 0.001 113 nan nan
12 24 0.15 0.001 114 nan nan
12 24 0.15 0.001 115 nan nan
12 24 0.15 0.001 116 nan nan
12 24 0.15 0.001 117 nan nan
12 24 0.15 0.001 118 nan nan
12 24 0.15 0.001 119 nan nan
12 24 0.15 0.001 120 nan nan
12 24 0.15 0.001 121 nan nan
12 24 0.15 0.001 122 nan nan
12 24 0.15 0.001 123 nan nan
12 24 0.15 0.001 124 nan nan
12 24 0.15 0.001 125 nan nan
12 24 0.15 0.001 126 nan nan
12 24 0.15 0.001 127 nan nan
12 24 0.15 0.001 128 nan nan
12 24 0.15 0.001 129 nan nan
12 24 0.15 0.001 130 nan nan
12 24 0.15 0.001 131 nan nan
12 24 0.15 0.001 132 nan nan
12 24 0.15 0.001 133 nan nan
12 24 0.15 0.001 134 nan nan
12 24 0.15 0.001 135 nan nan
12 24 0.15 0.001 136 nan nan
12 24 0.15 0.001 137 nan nan
12 24 0.15 0.001 138 nan nan
12 24 0.15 0.001 139 nan nan
12 24 0.15 0.001 140 nan nan
12 24 0.15 0.001 141 nan nan
12 24 0.15 0.001 142 nan nan
12 24 0.15 0.001 143 nan nan
12 24 0.15 0.001 144 nan nan
12 24 0.15 0.001 145 nan nan
12 24 0.15 0.001 146 nan nan
12 24 0.15 0.001 147 nan nan
12 24 0.15 0.001 148 nan nan
12 24 0.15 0.001 149 nan nan
12 24 0.15 0.001 150 nan nan
12 24 0.15 0.001 151 nan nan
12 24 0.15 0.001 152 nan nan
12 24 0.15 0.001 153 nan nan
12 24 0.15 0.001 154 nan nan
12 24 0.15 0.001 155 nan nan
12 24 0.15 0.001 156 nan nan
12 24 0.15 0.001 157 nan nan
12 24 0.15 0.001 158 nan nan
12 24 0.15 0.001 159 nan nan
12 24 0.15 0.001 160 nan nan
12 24 0.15 0.001 161 nan nan
12 24 0.15 0.001 162 nan nan
12 24 0.15 0.001 163 nan nan
12 24 0.15 0.001 164 nan nan
12 24 0.15 0.001 165 nan nan
12 24 0.15 0.001 166 nan nan
12 24 0.15 0.001 167 nan nan
12 24 0.15 0.001 168 nan nan
12 24 0.15 0.001 169 nan nan
12 24 0.15 0.001 170 nan nan
12 24 0.15 0.001 171 nan nan
12 24 0.15 0.001 172 nan nan
12 24 0.15 0.001 173 nan nan
12 24 0.15 0.001 174 nan nan
12 24 0.15 0.001 175 nan nan
12 24 0.15 0.001 176 nan nan
12 24 0.15 0.001 177 nan nan
12 24 0.15 0.001 178 nan nan
12 24 0.15 0.001 179 nan nan
12 24 0.15 0.001 180 nan nan
12 24 0.15 0.001 181 nan nan
12 24 0.15 0.001 182 nan nan
12 24 0.15 0.001 183 nan nan
12 24 0.15 0.001 184 nan nan
12 24 0.15 0.001 185 nan nan
12 24 0.15 0.001 186 nan nan
12 24 0.15 0.001 187 nan nan
12 24 0.15 0.001 188 nan nan
12 24 0.15 0.001 189 nan nan
12 24 0.15 0.001 190 nan nan
12 24 0.15 0.001 191 nan nan
12 24 0.15 0.001 192 nan nan
12 24 0.15 0.001 193 nan nan
12 24 0.15 0.001 194 nan nan
12 24 0.15 0.001 195 nan nan
12 24 0.15 0.001 196 nan nan
12 24 0.15 0.001 197 nan nan
12 24 0.15 0.001 198 nan nan
12 24 0.15 0.001 199 nan nan
12 24 0.15 0.001 200 nan nan
12 24 0.15 0.001 201 nan nan
12 24 0.15 0.001 202 nan nan
12 24 0.15 0.001 203 nan nan
12 24 0.15 0.001 204 nan nan
12 24 0.15 0.001 205 nan nan
12 24 0.15 0.001 206 nan nan
12 24 0.15 0.001 207 nan nan
12 24 0.15 0.001 208 nan nan
12 24 0.15 0.001 209 nan nan
12 24 0.15 0.001 210 nan nan
12 24 0.15 0.001 211 nan nan
12 24 0.15 0.001 212 nan nan
12 24 0.15 0.001 213 nan nan
12 24 0.15 0.001 214 nan nan
12 24 0.15 0.001 215 nan nan
12 24 0.15 0.001 216 nan nan
12 24 0.15 0.001 217 nan nan
12 24 0.15 0.001 218 nan nan
12 24 0.15 0.001 219 nan nan
12 24 0.15 0.001 220 nan nan
12 24 0.15 0.001 221 nan nan
12 24 0.15 0.001 222 nan nan
12 24 0.15 0.001 223 nan nan
12 24 0.15 0.001 224 nan nan
12 24 0.15 0.001 225 nan nan
12 24 0.15 0.001 226 nan nan
12 24 0.15 0.001 227 nan nan
12 24 0.15 0.001 228 nan nan
12 24 0.15 0.001 229 nan nan
12 24 0.15 0.001 230 nan nan
12 24 0.15 0.001 231 nan nan
12 24 0.15 0.001 232 nan nan
12 24 0.15 0.001 233 nan nan
12 24 0.15 0.001 234 nan nan
12 24 0.15 0.001 235 nan nan
12 24 0.15 0.001 236 nan nan
12 24 0.15 0.001 237 nan nan
12 24 0.15 0.001 238 nan nan
12 24 0.15 0.001 239 nan nan
12 24 0.15 0.001 240 nan nan
12 24 0.15 0.001 241 nan nan
12 24 0.15 0.001 242 nan nan
12 24 0.15 0.001 243 nan nan
12 24 0.15 0.001 244 nan nan
12 24 0.15 0.001 245 nan nan
12 24 0.15 0.001 246 nan nan
12 24 0.15 0.001 247 nan nan
12 24 0.15 0.001 248 nan nan
12 24 0.15 0.001 249 nan nan
12 24 0.15 0.001 250 nan nan
12 24 0.15 0.001 251 nan nan
12 24 0.15 0.001 252 nan nan
12 24 0.15 0.001 253 nan nan
12 24 0.15 0.001 254 nan nan
12 24 0.15 0.001 255 nan nan
12 24 0.15 0.001 256 nan nan
12 24 0.15 0.001 257 nan nan
12 24 0.15 0.001 258 nan nan
12 24 0.15 0.001 259 nan nan
12 24 0.15 0.001 260 nan nan
12 24 0.15 0.001 261 nan nan
12 24 0.15 0.001 262 nan nan
12 24 0.15 0.001 263 nan nan
12 24 0.15 0.001 264 nan nan
12 24 0.15 0.001 265 nan nan
12 24 0.15 0.001 266 nan nan
12 24 0.15 0.001 267 nan nan
12 24 0.15 0.001 268 nan nan
12 24 0.15 0.001 269 nan nan
12 24 0.15 0.001 270 nan nan
12 24 0.15 0.001 271 nan nan
12 24 0.15 0.001 272 nan nan
12 24 0.15 0.001 273 nan nan
12 24 0.15 0.001 274 nan nan
12 24 0.15 0.001 275 nan nan
12 24 0.15 0.001 276 nan nan
12 24 0.15 0.001 277 nan nan
12 24 0.15 0.001 278 nan nan
12 24 0.15 0.001 279 nan nan
12 24 0.15 0.001 280 nan nan
12 24 0.15 0.001 281 nan nan
12 24 0.15 0.001 282 nan nan
12 24 0.15 0.001 283 nan nan
12 24 0.15 0.001 284 nan nan
12 24 0.15 0.001 285 nan nan
12 24 0.15 0.001 286 nan nan
12 24 0.15 0.001 287 nan nan
12 24 0.15 0.001 288 nan nan
12 24 0.20 0.001 0 -0.002736224667471 0.002722447269399
12 24 0.20 0.001 1 -0.003408657028050 0.002517950316916
12 24 0.20 0.001 2 -0.002961852507198 0.002326600346610
12 24 0.20 0.001 3 -0.002228099366384 0.002054386790593
12 24 0.20 0.001 4 -0.002185240741454 0.001951123773014
12 24 0.20 0.001 5 -0.000713701671073 0.001717324266875
12 24 0.20 0.001 6 -0.001026558196359 0.001715136586874
12 24 0.20 0.001 7 -0.001398295132516 0.001508304834091
12 24 0.20 0.001 8 -0.000161683977073 0.001511899476781
12 24 0.20 0.001 9 0.000392268312228 0.001510984515720
12 24 0.20 0.001 10 0.000976858064704 0.001588642133584
12 24 0.20 0.001 11 -0.001202579111068 0.001331878017096
12 24 0.20 0.001 12 0.000152414345816 0.001516791607696
12 24 0.20 0.001 13 0.000639130731595 0.001504402147133
12 24 0.20 0.001 14 0.000213509194253 0.001387167732042
12 24 0.20 0.001 15 -0.000028130381079 0.001379836571575
12 24 0.20 0.001 16 0.000006673429323 0.001365928630212
12 24 0.20 0.001 17 -0.001088851394520 0.001389716792599
12 24 0.20 0.001 18 -0.001874963966377 0.001451309410382
12 24 0.20 0.001 19 -0.001420513634160 0.001337433524424
12 24 0.20 0.001 20 0.000409951632596 0.001031176032414
12 24 0.20 0.001 21 0.000297370887711 0.000960625015455
12 24 0.20 0.001 22 0.000754850971988 0.001053566140145
12 24 0.20 0.001 23 -0.001219945361931 0.001081114673547
12 24 0.20 0.001 24 -0.000328211919533 0.001074984143242
12 24 0.20 0.001 25 -0.000886913357850 0.001014125013289
12 24 0.20 0.001 26 -0.000199440288903 0.000950272556479
12 24 0.20 0.001 27 -0.000419227627978 0.000833222025718
12 24 0.20 0.001 28 -0.000052863118983 0.000879451351975
12 24 0.20 0.001 29 -0.001114830079810 0.000830043749025
12 24 0.20 0.001 30 -0.001128146926500 0.000856265891825
12 24 0.20 0.001 31 -0.001150473783897 0.000796794442618
12 24 0.20 0.001 32 -0.000563950365076 0.000653040087747
12 24 0.20 0.001 33 -0.000678151778622 0.000754744658549
12 24 0.20 0.001 34 -0.000264653889733 0.000744078303278
12 24 0.20 0.001 35 -0.000560730500932 0.000916538404701
12 24 0.20 0.001 36 -0.001455601470461 0.000836143935615
12 24 0.20 0.001 37 0.000014680930679 0.000804491858249
12 24 0.20 0.001 38 -0.000928257409369 0.000783117778569
12 24 0.20 0.001 39 0.000241933933427 0.000695847427776
12 24 0.20 0.001 40 -0.000711145991599 0.000734215155508
12 24 0.20 0.001 41 0.000709724597301 0.000660504425430
12 24 0.20 0.001 42 -0.000862244313420 0.000703629727680
12 24 0.20 0.001 43 -0.000262310876400 0.000844030948608
12 24 0.20 0.001 44 0.000287457168166 0.000831087072236
12 24 0.20 0.001 45 0.000302034648999 0.000753996395337
12 24 0.20 0.001 46 0.000377083753859 0.000775638624240
12 24 0.20 0.001 47 -0.000176996734254 0.000846314821270
12 24 0.20 0.001 48 0.000498825605064 0.000858110954282
12 24 0.20 0.001 49 0.000943489566484 0.001014747124607
12 24 0.20 0.001 50 0.001721405796982 0.000888852593365
12 24 0.20 0.001 51 0.001822523355707 0.000962210326797
12 24 0.20 0.001 52 -0.000394123503719 0.001447002507134
12 24 0.20 0.001 53 0.001809550413142 0.001177473288401
12 24 0.20 0.001 54 -0.114219773583593 0.001283294103006
12 24 0.20 0.001 55 0.002598845470244 0.001353020496279
12 24 0.20 0.001 56 0.001008531918353 0.001342879782071
12 24 0.20 0.001 57 0.002643503956415 0.001416539532129
12 24 0.20 0.001 58 0.002305116645360 0.001478017997816
12 24 0.20 0.001 59 0.002418668169186 0.001563010442482
12 24 0.20 0.001 60 0.003035554731606 0.001756110421782
12 24 0.20 0.001 61 0.003573318941816 0.001685329747574
12 24 0.20 0.001 62 -0.000841692526274 0.001600610805950
12 24 0.20 0.001 63 -0.000782833297564 0.001558641902033
12 24 0.20 0.001 64 0.002526732483248 0.001660078793570
12 24 0.20 0.001 65 0.002373257871610 0.001826835820572
12 24 0.20 0.001 66 0.000567949336970 0.001991608414482
12 24 0.20 0.001 67 0.002583444136035 0.001859734728292
12 24 0.20 0.001 68 0.002705265580307 0.001820155707655
12 24 0.20 0.001 69 0.000483458448808 0.002009318459247
12 24 0.20 0.001 70 0.002197380179789 0.001961955515245
12 24 0.20 0.001 71 0.001261908866277 0.002131368935800
12 24 0.20 0.001 72 -0.001550621672446 0.002234267295361
12 24 0.20 0.001 73 nan nan
12 24 0.20 0.001 74 nan nan
12 24 0.20 0.001 75 nan nan
12 24 0.20 0.001 76 nan nan
12 24 0.20 0.001 77 nan nan
12 24 0.20 0.001 78 nan nan
12 24 0.20 0.001 79 nan nan
12 24 0.20 0.001 80 nan nan
12 24 0.20 0.001 81 nan nan
12 24 0.20 0.001 82 nan nan
12 24 0.20 0.001 83 nan nan
12 24 0.20 0.001 84 nan nan
12 24 0.20 0.001 85 nan nan
12 24 0.20 0.001 86 nan nan
12 24 0.20 0.001 87 nan nan
12 24 0.20 0.001 88 nan nan
12 24 0.20 0.001 89 nan nan
12 24 0.20 0.001 90 nan nan
12 24 0.20 0.001 91 nan nan
12 24 0.20 0.001 92 nan nan
12 24 0.20 0.001 93 nan nan
12 24 0.20 0.001 94 nan nan
12 24 0.20 0.001 95 nan nan
12 24 0.20 0.001 96 nan nan
12 24 0.20 0.001 97 nan nan
12 24 0.20 0.001 98 nan nan
12 24 0.20 0.001 99 nan nan
12 24 0.20 0.001 100 nan nan
12 24 0.20 0.001 101 nan nan
12 24 0.20 0.001 102 nan nan
12 24 0.20 0.001 103 nan nan
12 24 0.20 0.001 104 nan nan
12 24 0.20 0.001 105 nan nan
12 24 0.20 0.001 106 nan nan
12 24 0.20 0.001 107 nan nan
12 24 0.20 0.001 108 nan nan
12 24 0.20 0.001 109 nan nan
12 24 0.20 0.001 110 nan nan
12 24 0.20 0.001 111 nan nan
12 24 0.20 0.001 112 nan nan
12 24 0.20 0.001 113 nan nan
12 24 0.20 0.001 114 nan nan
12 24 0.20 0.001 115 nan nan
12 24 0.20 0.001 116 nan nan
12 24 0.20 0.001 117 nan nan
12 24 0.20 0.001 118 nan nan
12 24 0.20 0.001 119 nan nan
12 24 0.20 0.001 120 nan nan
12 24 0.20 0.001 121 nan nan
12 24 0.20 0.001 122 nan nan
12 24 0.20 0.001 123 nan nan
12 24 0.20 0.001 124 nan nan
12 24 0.20 0.001 125 nan nan
12 24 0.20 0.001 126 nan nan
12 24 0.20 0.001 127 nan nan
12 24 0.20 0.001 128 nan nan
12 24 0.20 0.001 129 nan nan
12 24 0.20 0.001 130 nan nan
12 24 0.20 0.001 131 nan nan
12 24 0.20 0.001 132 nan nan
12 24 0.20 0.001 133 nan nan
12 24 0.20 0.001 134 nan nan
12 24 0.20 0.001 135 nan nan
12 24 0.20 0.001 136 nan nan
12 24 0.20 0.001 137 nan nan
12 24 0.20 0.001 138 nan nan
12 24 0.20 0.001 139 nan nan
12 24 0.20 0.001 140 nan nan
12 24 0.20 0.001 141 nan nan
12 24 0.20 0.001 142 nan nan
12 24 0.20 0.001 143 nan nan
12 24 0.20 0.001 144 nan nan
12 24 0.20 0.001 145 nan nan
12 24 0.20 0.001 146 nan nan
12 24 0.20 0.001 147 nan nan
12 24 0.20 0.001 148 nan nan
12 24 0.20 0.001 149 nan nan
12 24 0.20 0.001 150 nan nan
12 24 0.20 0.001 151 nan nan
12 24 0.20 0.001 152 nan nan
12 24 0.20 0.001 153 nan nan
12 24 0.20 0.001 154 nan nan
12 24 0.20 0.001 155 nan nan
12 24 0.20 0.001 156 nan nan
12 24 0.20 0.001 157 nan nan
12 24 0.20 0.001 158 nan nan
12 24 0.20 0.001 159 nan nan
12 24 0.20 0.001 160 nan nan
12 24 0.20 0.001 161 nan nan
12 24 0.20 0.001 162 nan nan
12 24 0.20 0.001 163 nan nan
12 24 0.20 0.001 164 nan nan
12 24 0.20 0.001 165 nan nan
12 24 0.20 0.001 166 nan nan
12 24 0.20 0.001 167 nan nan
12 24 0.20 0.001 168 nan nan
12 24 0.20 0.001 169 nan nan
12 24 0.20 0.001 170 nan nan
12 24 0.20 0.001 171 nan nan
12 24 0.20 0.001 172 nan nan
12 24 0.20 0.001 173 nan nan
12 24 0.20 0.001 174 nan nan
12 24 0.20 0.001 175 nan nan
12 24 0.20 0.001 176 nan nan
12 24 0.20 0.001 177 nan nan
12 24 0.20 0.001 178 nan nan
12 24 0.20 0.001 179 nan nan
12 24 0.20 0.001 180 nan nan
12 24 0.20 0.001 181 nan nan
12 24 0.20 0.001 182 nan nan
12 24 0.20 0.001 183 nan nan
12 24 0.20 0.001 184 nan nan
12 24 0.20 0.001 185 nan nan
12 24 0.20 0.001 186 nan nan
12 24 0.20 0.001 187 nan nan
12 24 0.20 0.001 188 nan nan
12 24 0.20 0.001 189 nan nan
12 24 0.20 0.001 190 nan nan
12 24 0.20 0.001 191 nan nan
12 24 0.20 0.001 192 nan nan
12 24 0.20 0.001 193 nan nan
12 24 0.20 0.001 194 nan nan
12 24 0.20 0.001 195 nan nan
12 24 0.20 0.001 196 nan nan
12 24 0.20 0.001 197 nan nan
12 24 0.20 0.001 198 nan nan
12 24 0.20 0.001 199 nan nan
12 24 0.20 0.001 200 nan nan
12 24 0.20 0.001 201 nan nan
12 24 0.20 0.001 202 nan nan
12 24 0.20 0.001 203 nan nan
12 24 0.20 0.001 204 nan nan
12 24 0.20 0.001 205 nan nan
12 24 0.20 0.001 206 nan nan
12 24 0.20 0.001 207 nan nan
12 24 0.20 0.001 208 nan nan
12 24 0.20 0.001 209 nan nan
12 24 0.20 0.001 210 nan nan
12 24 0.20 0.001 211 nan nan
12 24 0.20 0.001 212 nan nan
12 24 0.20 0.001 213 nan nan
12 24 0.20 0.001 214 nan nan
12 24 0.20 0.001 215 nan nan
12 24 0.20 0.001 216 nan nan
12 24 0.20 0.001 217 nan nan
12 24 0.20 0.001 218 nan nan
12 24 0.20 0.001 219 nan nan
12 24 0.20 0.001 220 nan nan
12 24 0.20 0.001 221 nan nan
12 24 0.20 0.001 222 nan nan
12 24 0.20 0.001 223 nan nan
12 24 0.20 0.001 224 nan nan
12 24 0.20 0.001 225 nan nan
12 24 0.20 0.001 226 nan nan
12 24 0.20 0.001 227 nan nan
12 24 0.20 0.001 228 nan nan
12 24 0.20 0.001 229 nan nan
12 24 0.20 0.001 230 nan nan
12 24 0.20 0.001 231 nan nan
12 24 0.20 0.001 232 nan nan
12 24 0.20 0.001 233 nan nan
12 24 0.20 0.001 234 nan nan
12 24 0.20 0.001 235 nan nan
12 24 0.20 0.001 236 nan nan
12 24 0.20 0.001 237 nan nan
12 24 0.20 0.001 238 nan nan
12 24 0.20 0.001 239 nan nan
12 24 0.20 0.001 240 nan nan
12 24 0.20 0.001 241 nan nan
12 24 0.20 0.001 242 nan nan
12 24 0.20 0.001 243 nan nan
12 24 0.20 0.001 244 nan nan
12 24 0.20 0.001 245 nan nan
12 24 0.20 0.001 246 nan nan
12 24 0.20 0.001 247 nan nan
12 24 0.20 0.001 248 nan nan
12 24 0.20 0.001 249 nan nan
12 24 0.20 0.001 250 nan nan
12 24 0.20 0.001 251 nan nan
12 24 0.20 0.001 252 nan nan
12 24 0.20 0.001 253 nan nan
12 24 0.20 0.001 254 nan nan
12 24 0.20 0.001 255 nan nan
12 24 0.20 0.001 256 nan nan
12 24 0.20 0.001 257 nan nan
12 24 0.20 0.001 258 nan nan
12 24 0.20 0.001 259 nan nan
12 24 0.20 0.001 260 nan nan
12 24 0.20 0.001 261 nan nan
12 24 0.20 0.001 262 nan nan
12 24 0.20 0.001 263 nan nan
12 24 0.20 0.001 264 nan nan
12 24 0.20 0.001 265 nan nan
12 24 0.20 0.001 266 nan nan
12 24 0.20 0.001 267 nan nan
12 24 0.20 0.001 268 nan nan
12 24 0.20 0.001 269 nan nan
12 24 0.20 0.001 270 nan nan
12 24 0.20 0.001 271 nan nan
12 24 0.20 0.001 272 nan nan
12 24 0.20 0.001 273 nan nan
12 24 0.20 0.001 274 nan nan
12 24 0.20 0.001 275 nan nan
12 24 0.20 0.001 276 nan nan
12 24 0.20 0.001 277 nan nan
12 24 0.20 0.001 278 nan nan
12 24 0.20 0.001 279 nan nan
12 24 0.20 0.001 280 nan nan
12 24 0.20 0.001 281 nan nan
12 24 0.20 0.001 282 nan nan
12 24 0.20 0.001 283 nan nan
12 24 0.20 0.001 284 nan nan
12 24 0.20 0.001 285 nan nan
12 24 0.20 0.001 286 nan nan
12 24 0.20 0.001 287 nan nan
12 24 0.20 0.001 288 nan nan
#Ls   Lt  mu  ma  nfluxes AxialCurrent Err
