12 16 0.00 0.001 0 0.001491593520763 0.001972155431118
12 16 0.00 0.001 1 -0.013121123709783 0.002000577245965
12 16 0.00 0.001 2 -0.042015864502223 0.001709453295905
12 16 0.00 0.001 3 -0.057106699050653 0.001801326292312
12 16 0.00 0.001 4 nan nan
12 16 0.00 0.001 5 nan nan
12 16 0.00 0.001 6 0.002161170758493 0.001538919299041
12 16 0.00 0.001 7 -0.005859215344703 0.001818505401983
12 16 0.00 0.001 8 -0.025172067271046 0.001525338942910
12 16 0.00 0.001 9 -0.040085603813468 0.001565636527541
12 16 0.00 0.001 10 -0.034017937675430 0.001696452744889
12 16 0.00 0.001 11 -0.004000366477910 0.002033792170384
12 16 0.00 0.001 12 0.000069704933375 0.002012146004697
12 16 0.00 0.001 13 0.000645014622659 0.001853733341218
12 16 0.00 0.001 14 -0.007073931161350 0.001698577163104
12 16 0.00 0.001 15 -0.018248052011913 0.001962047723907
12 16 0.00 0.001 16 nan nan
12 16 0.00 0.001 17 -0.011526799381528 0.001389761560519
12 16 0.00 0.001 18 -0.002320420590183 0.001567252142936
12 16 0.00 0.001 19 0.004007612571949 0.001616032950752
12 16 0.00 0.001 20 -0.001728196809029 0.001220900642915
12 16 0.00 0.001 21 -0.008195911961113 0.001347587765538
12 16 0.00 0.001 22 nan nan
12 16 0.00 0.001 23 -0.008893686018461 0.001396858333098
12 16 0.00 0.001 24 -0.002386849044280 0.001124024023824
12 16 0.00 0.001 25 nan nan
12 16 0.00 0.001 26 0.002259175570493 0.001536049323429
12 16 0.00 0.001 27 -0.002905742297879 0.001257403429135
12 16 0.00 0.001 28 -0.008790438782956 0.001262998003319
12 16 0.00 0.001 29 -0.003770868390376 0.001086916957256
12 16 0.00 0.001 30 nan nan
12 16 0.00 0.001 31 0.003693119871395 0.001445898990319
12 16 0.00 0.001 32 nan nan
12 16 0.00 0.001 33 nan nan
12 16 0.00 0.001 34 nan nan
12 16 0.00 0.001 35 nan nan
12 16 0.00 0.001 36 nan nan
12 16 0.00 0.001 37 0.000389690828199 0.001485288370240
12 16 0.00 0.001 38 -0.002815208915262 0.001354528781942
12 16 0.00 0.001 39 0.000899834077343 0.001299668488834
12 16 0.00 0.001 40 0.003509519587561 0.001361052137539
12 16 0.00 0.001 41 0.001031679636652 0.001323456906263
12 16 0.00 0.001 42 nan nan
12 16 0.00 0.001 43 nan nan
12 16 0.00 0.001 44 -0.007226323271399 0.001287204440926
12 16 0.00 0.001 45 -0.000203074629750 0.001314081738246
12 16 0.00 0.001 46 0.001836407091396 0.001596159671086
12 16 0.00 0.001 47 nan nan
12 16 0.00 0.001 48 -0.000141964853264 0.001439160969660
12 16 0.00 0.001 49 -0.008416913012228 0.001609669778368
12 16 0.00 0.001 50 nan nan
12 16 0.00 0.001 51 -0.008265729944023 0.001554418375121
12 16 0.00 0.001 52 0.000642328571315 0.001352318915302
12 16 0.00 0.001 53 -0.000073533047939 0.001704976101715
12 16 0.00 0.001 54 -0.003209553439143 0.001665013765471
12 16 0.00 0.001 55 nan nan
12 16 0.00 0.001 56 nan nan
12 16 0.00 0.001 57 -0.021029464992543 0.001805816971309
12 16 0.00 0.001 58 -0.009957855291556 0.001655595179260
12 16 0.00 0.001 59 nan nan
12 16 0.00 0.001 60 nan nan
12 16 0.00 0.001 61 nan nan
12 16 0.00 0.001 62 -0.032295254822474 0.001751462125473
12 16 0.00 0.001 63 -0.041849293232157 0.001693974603387
12 16 0.00 0.001 64 -0.025856994547860 0.002018149073468
12 16 0.00 0.001 65 -0.006638270118969 0.001740724872052
12 16 0.00 0.001 66 nan nan
12 16 0.00 0.001 67 nan nan
12 16 0.00 0.001 68 -0.047751749584563 0.001453538208547
12 16 0.00 0.001 69 nan nan
12 16 0.00 0.001 70 -0.044161154922824 0.001849018921652
12 16 0.00 0.001 71 nan nan
12 16 0.00 0.001 72 0.000867961365643 0.002750820160429
12 16 0.00 0.001 73 nan nan
12 16 0.00 0.001 74 nan nan
12 16 0.00 0.001 75 nan nan
12 16 0.00 0.001 76 nan nan
12 16 0.00 0.001 77 nan nan
12 16 0.00 0.001 78 nan nan
12 16 0.00 0.001 79 nan nan
12 16 0.00 0.001 80 nan nan
12 16 0.00 0.001 81 nan nan
12 16 0.00 0.001 82 nan nan
12 16 0.00 0.001 83 nan nan
12 16 0.00 0.001 84 nan nan
12 16 0.00 0.001 85 nan nan
12 16 0.00 0.001 86 nan nan
12 16 0.00 0.001 87 nan nan
12 16 0.00 0.001 88 nan nan
12 16 0.00 0.001 89 nan nan
12 16 0.00 0.001 90 nan nan
12 16 0.00 0.001 91 nan nan
12 16 0.00 0.001 92 nan nan
12 16 0.00 0.001 93 nan nan
12 16 0.00 0.001 94 nan nan
12 16 0.00 0.001 95 nan nan
12 16 0.00 0.001 96 nan nan
12 16 0.00 0.001 97 nan nan
12 16 0.00 0.001 98 nan nan
12 16 0.00 0.001 99 nan nan
12 16 0.00 0.001 100 nan nan
12 16 0.00 0.001 101 nan nan
12 16 0.00 0.001 102 nan nan
12 16 0.00 0.001 103 nan nan
12 16 0.00 0.001 104 nan nan
12 16 0.00 0.001 105 nan nan
12 16 0.00 0.001 106 nan nan
12 16 0.00 0.001 107 nan nan
12 16 0.00 0.001 108 nan nan
12 16 0.00 0.001 109 nan nan
12 16 0.00 0.001 110 nan nan
12 16 0.00 0.001 111 nan nan
12 16 0.00 0.001 112 nan nan
12 16 0.00 0.001 113 nan nan
12 16 0.00 0.001 114 nan nan
12 16 0.00 0.001 115 nan nan
12 16 0.00 0.001 116 nan nan
12 16 0.00 0.001 117 nan nan
12 16 0.00 0.001 118 nan nan
12 16 0.00 0.001 119 nan nan
12 16 0.00 0.001 120 nan nan
12 16 0.00 0.001 121 nan nan
12 16 0.00 0.001 122 nan nan
12 16 0.00 0.001 123 nan nan
12 16 0.00 0.001 124 nan nan
12 16 0.00 0.001 125 nan nan
12 16 0.00 0.001 126 nan nan
12 16 0.00 0.001 127 nan nan
12 16 0.00 0.001 128 nan nan
12 16 0.00 0.001 129 nan nan
12 16 0.00 0.001 130 nan nan
12 16 0.00 0.001 131 nan nan
12 16 0.00 0.001 132 nan nan
12 16 0.00 0.001 133 nan nan
12 16 0.00 0.001 134 nan nan
12 16 0.00 0.001 135 nan nan
12 16 0.00 0.001 136 nan nan
12 16 0.00 0.001 137 nan nan
12 16 0.00 0.001 138 nan nan
12 16 0.00 0.001 139 nan nan
12 16 0.00 0.001 140 nan nan
12 16 0.00 0.001 141 nan nan
12 16 0.00 0.001 142 nan nan
12 16 0.00 0.001 143 nan nan
12 16 0.00 0.001 144 nan nan
12 16 0.00 0.001 145 nan nan
12 16 0.00 0.001 146 nan nan
12 16 0.00 0.001 147 nan nan
12 16 0.00 0.001 148 nan nan
12 16 0.00 0.001 149 nan nan
12 16 0.00 0.001 150 nan nan
12 16 0.00 0.001 151 nan nan
12 16 0.00 0.001 152 nan nan
12 16 0.00 0.001 153 nan nan
12 16 0.00 0.001 154 nan nan
12 16 0.00 0.001 155 nan nan
12 16 0.00 0.001 156 nan nan
12 16 0.00 0.001 157 nan nan
12 16 0.00 0.001 158 nan nan
12 16 0.00 0.001 159 nan nan
12 16 0.00 0.001 160 nan nan
12 16 0.00 0.001 161 nan nan
12 16 0.00 0.001 162 nan nan
12 16 0.00 0.001 163 nan nan
12 16 0.00 0.001 164 nan nan
12 16 0.00 0.001 165 nan nan
12 16 0.00 0.001 166 nan nan
12 16 0.00 0.001 167 nan nan
12 16 0.00 0.001 168 nan nan
12 16 0.00 0.001 169 nan nan
12 16 0.00 0.001 170 nan nan
12 16 0.00 0.001 171 nan nan
12 16 0.00 0.001 172 nan nan
12 16 0.00 0.001 173 nan nan
12 16 0.00 0.001 174 nan nan
12 16 0.00 0.001 175 nan nan
12 16 0.00 0.001 176 nan nan
12 16 0.00 0.001 177 nan nan
12 16 0.00 0.001 178 nan nan
12 16 0.00 0.001 179 nan nan
12 16 0.00 0.001 180 nan nan
12 16 0.00 0.001 181 nan nan
12 16 0.00 0.001 182 nan nan
12 16 0.00 0.001 183 nan nan
12 16 0.00 0.001 184 nan nan
12 16 0.00 0.001 185 nan nan
12 16 0.00 0.001 186 nan nan
12 16 0.00 0.001 187 nan nan
12 16 0.00 0.001 188 nan nan
12 16 0.00 0.001 189 nan nan
12 16 0.00 0.001 190 nan nan
12 16 0.00 0.001 191 nan nan
12 16 0.00 0.001 192 nan nan
12 16 0.00 0.001 193 nan nan
12 16 0.00 0.001 194 nan nan
12 16 0.00 0.001 195 nan nan
12 16 0.00 0.001 196 nan nan
12 16 0.00 0.001 197 nan nan
12 16 0.00 0.001 198 nan nan
12 16 0.00 0.001 199 nan nan
12 16 0.00 0.001 200 nan nan
12 16 0.00 0.001 201 nan nan
12 16 0.00 0.001 202 nan nan
12 16 0.00 0.001 203 nan nan
12 16 0.00 0.001 204 nan nan
12 16 0.00 0.001 205 nan nan
12 16 0.00 0.001 206 nan nan
12 16 0.00 0.001 207 nan nan
12 16 0.00 0.001 208 nan nan
12 16 0.00 0.001 209 nan nan
12 16 0.00 0.001 210 nan nan
12 16 0.00 0.001 211 nan nan
12 16 0.00 0.001 212 nan nan
12 16 0.00 0.001 213 nan nan
12 16 0.00 0.001 214 nan nan
12 16 0.00 0.001 215 nan nan
12 16 0.00 0.001 216 nan nan
12 16 0.00 0.001 217 nan nan
12 16 0.00 0.001 218 nan nan
12 16 0.00 0.001 219 nan nan
12 16 0.00 0.001 220 nan nan
12 16 0.00 0.001 221 nan nan
12 16 0.00 0.001 222 nan nan
12 16 0.00 0.001 223 nan nan
12 16 0.00 0.001 224 nan nan
12 16 0.00 0.001 225 nan nan
12 16 0.00 0.001 226 nan nan
12 16 0.00 0.001 227 nan nan
12 16 0.00 0.001 228 nan nan
12 16 0.00 0.001 229 nan nan
12 16 0.00 0.001 230 nan nan
12 16 0.00 0.001 231 nan nan
12 16 0.00 0.001 232 nan nan
12 16 0.00 0.001 233 nan nan
12 16 0.00 0.001 234 nan nan
12 16 0.00 0.001 235 nan nan
12 16 0.00 0.001 236 nan nan
12 16 0.00 0.001 237 nan nan
12 16 0.00 0.001 238 nan nan
12 16 0.00 0.001 239 nan nan
12 16 0.00 0.001 240 nan nan
12 16 0.00 0.001 241 nan nan
12 16 0.00 0.001 242 nan nan
12 16 0.00 0.001 243 nan nan
12 16 0.00 0.001 244 nan nan
12 16 0.00 0.001 245 nan nan
12 16 0.00 0.001 246 nan nan
12 16 0.00 0.001 247 nan nan
12 16 0.00 0.001 248 nan nan
12 16 0.00 0.001 249 nan nan
12 16 0.00 0.001 250 nan nan
12 16 0.00 0.001 251 nan nan
12 16 0.00 0.001 252 nan nan
12 16 0.00 0.001 253 nan nan
12 16 0.00 0.001 254 nan nan
12 16 0.00 0.001 255 nan nan
12 16 0.00 0.001 256 nan nan
12 16 0.00 0.001 257 nan nan
12 16 0.00 0.001 258 nan nan
12 16 0.00 0.001 259 nan nan
12 16 0.00 0.001 260 nan nan
12 16 0.00 0.001 261 nan nan
12 16 0.00 0.001 262 nan nan
12 16 0.00 0.001 263 nan nan
12 16 0.00 0.001 264 nan nan
12 16 0.00 0.001 265 nan nan
12 16 0.00 0.001 266 nan nan
12 16 0.00 0.001 267 nan nan
12 16 0.00 0.001 268 nan nan
12 16 0.00 0.001 269 nan nan
12 16 0.00 0.001 270 nan nan
12 16 0.00 0.001 271 nan nan
12 16 0.00 0.001 272 nan nan
12 16 0.00 0.001 273 nan nan
12 16 0.00 0.001 274 nan nan
12 16 0.00 0.001 275 nan nan
12 16 0.00 0.001 276 nan nan
12 16 0.00 0.001 277 nan nan
12 16 0.00 0.001 278 nan nan
12 16 0.00 0.001 279 nan nan
12 16 0.00 0.001 280 nan nan
12 16 0.00 0.001 281 nan nan
12 16 0.00 0.001 282 nan nan
12 16 0.00 0.001 283 nan nan
12 16 0.00 0.001 284 nan nan
12 16 0.00 0.001 285 nan nan
12 16 0.00 0.001 286 nan nan
12 16 0.00 0.001 287 nan nan
12 16 0.00 0.001 288 nan nan
12 16 0.05 0.001 0 -0.001448219298296 0.002028401494070
12 16 0.05 0.001 1 nan nan
12 16 0.05 0.001 2 nan nan
12 16 0.05 0.001 3 -0.172552917939588 0.001959677461439
12 16 0.05 0.001 4 nan nan
12 16 0.05 0.001 5 -0.101685292773892 0.001783677221293
12 16 0.05 0.001 6 -0.118971590167544 0.001740641450840
12 16 0.05 0.001 7 -0.144984205916057 0.002018844657105
12 16 0.05 0.001 8 -0.160681835178414 0.001756000616969
12 16 0.05 0.001 9 -0.138051965223255 0.001541679685332
12 16 0.05 0.001 10 -0.107243153294133 0.001787733317860
12 16 0.05 0.001 11 nan nan
12 16 0.05 0.001 12 nan nan
12 16 0.05 0.001 13 -0.043299732154200 0.001872049832114
12 16 0.05 0.001 14 nan nan
12 16 0.05 0.001 15 -0.040793622704022 0.001744233794498
12 16 0.05 0.001 16 -0.020698891017503 0.001679735869854
12 16 0.05 0.001 17 -0.001072390534363 0.001429109186140
12 16 0.05 0.001 18 0.001441244992418 0.001526762541982
12 16 0.05 0.001 19 -0.008645212059497 0.001633891158150
12 16 0.05 0.001 20 nan nan
12 16 0.05 0.001 21 -0.047224293270686 0.001576401269381
12 16 0.05 0.001 22 -0.036741959403820 0.001748034952738
12 16 0.05 0.001 23 -0.020273290402003 0.001476278848258
12 16 0.05 0.001 24 -0.009372281121232 0.001358907251325
12 16 0.05 0.001 25 -0.014638233617177 0.001609431371758
12 16 0.05 0.001 26 nan nan
12 16 0.05 0.001 27 -0.008002878211180 0.001337535260115
12 16 0.05 0.001 28 nan nan
12 16 0.05 0.001 29 nan nan
12 16 0.05 0.001 30 nan nan
12 16 0.05 0.001 31 -0.006495639006584 0.001544570046813
12 16 0.05 0.001 32 -0.005885276489157 0.001203531790150
12 16 0.05 0.001 33 -0.006034050859772 0.001233063885569
12 16 0.05 0.001 34 nan nan
12 16 0.05 0.001 35 nan nan
12 16 0.05 0.001 36 0.000491649025148 0.001217158272160
12 16 0.05 0.001 37 -0.001153599999463 0.001357630715331
12 16 0.05 0.001 38 nan nan
12 16 0.05 0.001 39 0.009384021409078 0.001229391550552
12 16 0.05 0.001 40 0.005991771876661 0.001353072933168
12 16 0.05 0.001 41 0.011648765028060 0.001334822843996
12 16 0.05 0.001 42 0.016658926095738 0.001464206585571
12 16 0.05 0.001 43 0.005265863206960 0.001142537236763
12 16 0.05 0.001 44 nan nan
12 16 0.05 0.001 45 nan nan
12 16 0.05 0.001 46 0.025292155800260 0.001568398846430
12 16 0.05 0.001 47 0.020600394265464 0.001623774560789
12 16 0.05 0.001 48 0.009958144685341 0.001535854775404
12 16 0.05 0.001 49 nan nan
12 16 0.05 0.001 50 0.036418343788328 0.001576076991817
12 16 0.05 0.001 51 0.036086704995183 0.001317450483754
12 16 0.05 0.001 52 nan nan
12 16 0.05 0.001 53 nan nan
12 16 0.05 0.001 54 -0.005141541289936 0.001712394265426
12 16 0.05 0.001 55 nan nan
12 16 0.05 0.001 56 -0.015457966801606 0.001460614805384
12 16 0.05 0.001 57 0.001334683252837 0.001752248757678
12 16 0.05 0.001 58 nan nan
12 16 0.05 0.001 59 nan nan
12 16 0.05 0.001 60 0.053372828169424 0.001466603856782
12 16 0.05 0.001 61 nan nan
12 16 0.05 0.001 62 0.040597179171531 0.001813908953089
12 16 0.05 0.001 63 nan nan
12 16 0.05 0.001 64 0.109618242441010 0.002083813146657
12 16 0.05 0.001 65 0.131802071710806 0.002012071336033
12 16 0.05 0.001 66 nan nan
12 16 0.05 0.001 67 0.065973365494149 0.001522481865614
12 16 0.05 0.001 68 nan nan
12 16 0.05 0.001 69 0.050126284523297 0.002113311775811
12 16 0.05 0.001 70 nan nan
12 16 0.05 0.001 71 0.068586345997283 0.002033026004278
12 16 0.05 0.001 72 nan nan
12 16 0.05 0.001 73 nan nan
12 16 0.05 0.001 74 nan nan
12 16 0.05 0.001 75 nan nan
12 16 0.05 0.001 76 nan nan
12 16 0.05 0.001 77 nan nan
12 16 0.05 0.001 78 nan nan
12 16 0.05 0.001 79 nan nan
12 16 0.05 0.001 80 nan nan
12 16 0.05 0.001 81 nan nan
12 16 0.05 0.001 82 nan nan
12 16 0.05 0.001 83 nan nan
12 16 0.05 0.001 84 nan nan
12 16 0.05 0.001 85 nan nan
12 16 0.05 0.001 86 nan nan
12 16 0.05 0.001 87 nan nan
12 16 0.05 0.001 88 nan nan
12 16 0.05 0.001 89 nan nan
12 16 0.05 0.001 90 nan nan
12 16 0.05 0.001 91 nan nan
12 16 0.05 0.001 92 nan nan
12 16 0.05 0.001 93 nan nan
12 16 0.05 0.001 94 nan nan
12 16 0.05 0.001 95 nan nan
12 16 0.05 0.001 96 nan nan
12 16 0.05 0.001 97 nan nan
12 16 0.05 0.001 98 nan nan
12 16 0.05 0.001 99 nan nan
12 16 0.05 0.001 100 nan nan
12 16 0.05 0.001 101 nan nan
12 16 0.05 0.001 102 nan nan
12 16 0.05 0.001 103 nan nan
12 16 0.05 0.001 104 nan nan
12 16 0.05 0.001 105 nan nan
12 16 0.05 0.001 106 nan nan
12 16 0.05 0.001 107 nan nan
12 16 0.05 0.001 108 nan nan
12 16 0.05 0.001 109 nan nan
12 16 0.05 0.001 110 nan nan
12 16 0.05 0.001 111 nan nan
12 16 0.05 0.001 112 nan nan
12 16 0.05 0.001 113 nan nan
12 16 0.05 0.001 114 nan nan
12 16 0.05 0.001 115 nan nan
12 16 0.05 0.001 116 nan nan
12 16 0.05 0.001 117 nan nan
12 16 0.05 0.001 118 nan nan
12 16 0.05 0.001 119 nan nan
12 16 0.05 0.001 120 nan nan
12 16 0.05 0.001 121 nan nan
12 16 0.05 0.001 122 nan nan
12 16 0.05 0.001 123 nan nan
12 16 0.05 0.001 124 nan nan
12 16 0.05 0.001 125 nan nan
12 16 0.05 0.001 126 nan nan
12 16 0.05 0.001 127 nan nan
12 16 0.05 0.001 128 nan nan
12 16 0.05 0.001 129 nan nan
12 16 0.05 0.001 130 nan nan
12 16 0.05 0.001 131 nan nan
12 16 0.05 0.001 132 nan nan
12 16 0.05 0.001 133 nan nan
12 16 0.05 0.001 134 nan nan
12 16 0.05 0.001 135 nan nan
12 16 0.05 0.001 136 nan nan
12 16 0.05 0.001 137 nan nan
12 16 0.05 0.001 138 nan nan
12 16 0.05 0.001 139 nan nan
12 16 0.05 0.001 140 nan nan
12 16 0.05 0.001 141 nan nan
12 16 0.05 0.001 142 nan nan
12 16 0.05 0.001 143 nan nan
12 16 0.05 0.001 144 nan nan
12 16 0.05 0.001 145 nan nan
12 16 0.05 0.001 146 nan nan
12 16 0.05 0.001 147 nan nan
12 16 0.05 0.001 148 nan nan
12 16 0.05 0.001 149 nan nan
12 16 0.05 0.001 150 nan nan
12 16 0.05 0.001 151 nan nan
12 16 0.05 0.001 152 nan nan
12 16 0.05 0.001 153 nan nan
12 16 0.05 0.001 154 nan nan
12 16 0.05 0.001 155 nan nan
12 16 0.05 0.001 156 nan nan
12 16 0.05 0.001 157 nan nan
12 16 0.05 0.001 158 nan nan
12 16 0.05 0.001 159 nan nan
12 16 0.05 0.001 160 nan nan
12 16 0.05 0.001 161 nan nan
12 16 0.05 0.001 162 nan nan
12 16 0.05 0.001 163 nan nan
12 16 0.05 0.001 164 nan nan
12 16 0.05 0.001 165 nan nan
12 16 0.05 0.001 166 nan nan
12 16 0.05 0.001 167 nan nan
12 16 0.05 0.001 168 nan nan
12 16 0.05 0.001 169 nan nan
12 16 0.05 0.001 170 nan nan
12 16 0.05 0.001 171 nan nan
12 16 0.05 0.001 172 nan nan
12 16 0.05 0.001 173 nan nan
12 16 0.05 0.001 174 nan nan
12 16 0.05 0.001 175 nan nan
12 16 0.05 0.001 176 nan nan
12 16 0.05 0.001 177 nan nan
12 16 0.05 0.001 178 nan nan
12 16 0.05 0.001 179 nan nan
12 16 0.05 0.001 180 nan nan
12 16 0.05 0.001 181 nan nan
12 16 0.05 0.001 182 nan nan
12 16 0.05 0.001 183 nan nan
12 16 0.05 0.001 184 nan nan
12 16 0.05 0.001 185 nan nan
12 16 0.05 0.001 186 nan nan
12 16 0.05 0.001 187 nan nan
12 16 0.05 0.001 188 nan nan
12 16 0.05 0.001 189 nan nan
12 16 0.05 0.001 190 nan nan
12 16 0.05 0.001 191 nan nan
12 16 0.05 0.001 192 nan nan
12 16 0.05 0.001 193 nan nan
12 16 0.05 0.001 194 nan nan
12 16 0.05 0.001 195 nan nan
12 16 0.05 0.001 196 nan nan
12 16 0.05 0.001 197 nan nan
12 16 0.05 0.001 198 nan nan
12 16 0.05 0.001 199 nan nan
12 16 0.05 0.001 200 nan nan
12 16 0.05 0.001 201 nan nan
12 16 0.05 0.001 202 nan nan
12 16 0.05 0.001 203 nan nan
12 16 0.05 0.001 204 nan nan
12 16 0.05 0.001 205 nan nan
12 16 0.05 0.001 206 nan nan
12 16 0.05 0.001 207 nan nan
12 16 0.05 0.001 208 nan nan
12 16 0.05 0.001 209 nan nan
12 16 0.05 0.001 210 nan nan
12 16 0.05 0.001 211 nan nan
12 16 0.05 0.001 212 nan nan
12 16 0.05 0.001 213 nan nan
12 16 0.05 0.001 214 nan nan
12 16 0.05 0.001 215 nan nan
12 16 0.05 0.001 216 nan nan
12 16 0.05 0.001 217 nan nan
12 16 0.05 0.001 218 nan nan
12 16 0.05 0.001 219 nan nan
12 16 0.05 0.001 220 nan nan
12 16 0.05 0.001 221 nan nan
12 16 0.05 0.001 222 nan nan
12 16 0.05 0.001 223 nan nan
12 16 0.05 0.001 224 nan nan
12 16 0.05 0.001 225 nan nan
12 16 0.05 0.001 226 nan nan
12 16 0.05 0.001 227 nan nan
12 16 0.05 0.001 228 nan nan
12 16 0.05 0.001 229 nan nan
12 16 0.05 0.001 230 nan nan
12 16 0.05 0.001 231 nan nan
12 16 0.05 0.001 232 nan nan
12 16 0.05 0.001 233 nan nan
12 16 0.05 0.001 234 nan nan
12 16 0.05 0.001 235 nan nan
12 16 0.05 0.001 236 nan nan
12 16 0.05 0.001 237 nan nan
12 16 0.05 0.001 238 nan nan
12 16 0.05 0.001 239 nan nan
12 16 0.05 0.001 240 nan nan
12 16 0.05 0.001 241 nan nan
12 16 0.05 0.001 242 nan nan
12 16 0.05 0.001 243 nan nan
12 16 0.05 0.001 244 nan nan
12 16 0.05 0.001 245 nan nan
12 16 0.05 0.001 246 nan nan
12 16 0.05 0.001 247 nan nan
12 16 0.05 0.001 248 nan nan
12 16 0.05 0.001 249 nan nan
12 16 0.05 0.001 250 nan nan
12 16 0.05 0.001 251 nan nan
12 16 0.05 0.001 252 nan nan
12 16 0.05 0.001 253 nan nan
12 16 0.05 0.001 254 nan nan
12 16 0.05 0.001 255 nan nan
12 16 0.05 0.001 256 nan nan
12 16 0.05 0.001 257 nan nan
12 16 0.05 0.001 258 nan nan
12 16 0.05 0.001 259 nan nan
12 16 0.05 0.001 260 nan nan
12 16 0.05 0.001 261 nan nan
12 16 0.05 0.001 262 nan nan
12 16 0.05 0.001 263 nan nan
12 16 0.05 0.001 264 nan nan
12 16 0.05 0.001 265 nan nan
12 16 0.05 0.001 266 nan nan
12 16 0.05 0.001 267 nan nan
12 16 0.05 0.001 268 nan nan
12 16 0.05 0.001 269 nan nan
12 16 0.05 0.001 270 nan nan
12 16 0.05 0.001 271 nan nan
12 16 0.05 0.001 272 nan nan
12 16 0.05 0.001 273 nan nan
12 16 0.05 0.001 274 nan nan
12 16 0.05 0.001 275 nan nan
12 16 0.05 0.001 276 nan nan
12 16 0.05 0.001 277 nan nan
12 16 0.05 0.001 278 nan nan
12 16 0.05 0.001 279 nan nan
12 16 0.05 0.001 280 nan nan
12 16 0.05 0.001 281 nan nan
12 16 0.05 0.001 282 nan nan
12 16 0.05 0.001 283 nan nan
12 16 0.05 0.001 284 nan nan
12 16 0.05 0.001 285 nan nan
12 16 0.05 0.001 286 nan nan
12 16 0.05 0.001 287 nan nan
12 16 0.05 0.001 288 nan nan
12 16 0.10 0.001 0 nan nan
12 16 0.10 0.001 1 -0.229640152186489 0.002585658499540
12 16 0.10 0.001 2 -0.348765116838392 0.002131688507807
12 16 0.10 0.001 3 -0.333818447575997 0.001915469237371
12 16 0.10 0.001 4 nan nan
12 16 0.10 0.001 5 -0.231817032007895 0.001563759232147
12 16 0.10 0.001 6 -0.285375446537616 0.001849394546371
12 16 0.10 0.001 7 -0.333179125467467 0.002005896155316
12 16 0.10 0.001 8 -0.329310337182622 0.002701225179182
12 16 0.10 0.001 9 nan nan
12 16 0.10 0.001 10 -0.191949114916069 0.002310871071992
12 16 0.10 0.001 11 nan nan
12 16 0.10 0.001 12 -0.123519240181904 0.002269606378805
12 16 0.10 0.001 13 nan nan
12 16 0.10 0.001 14 -0.066085844490784 0.001702961053854
12 16 0.10 0.001 15 nan nan
12 16 0.10 0.001 16 -0.028620495216503 0.001431847698349
12 16 0.10 0.001 17 0.009252274821827 0.001545849006725
12 16 0.10 0.001 18 -0.000533066474300 0.001981672513864
12 16 0.10 0.001 19 -0.033159089518111 0.001901353629507
12 16 0.10 0.001 20 nan nan
12 16 0.10 0.001 21 nan nan
12 16 0.10 0.001 22 -0.082717247938200 0.001992061289701
12 16 0.10 0.001 23 -0.032628051825373 0.001799591062115
12 16 0.10 0.001 24 -0.029276194780141 0.001369621412889
12 16 0.10 0.001 25 -0.039347590073760 0.001295116041501
12 16 0.10 0.001 26 nan nan
12 16 0.10 0.001 27 nan nan
12 16 0.10 0.001 28 -0.040279440873592 0.001740616522883
12 16 0.10 0.001 29 nan nan
12 16 0.10 0.001 30 -0.045965150765749 0.001723382223493
12 16 0.10 0.001 31 -0.014953548569613 0.001625963192263
12 16 0.10 0.001 32 -0.009186873224886 0.001370936680932
12 16 0.10 0.001 33 nan nan
12 16 0.10 0.001 34 nan nan
12 16 0.10 0.001 35 nan nan
12 16 0.10 0.001 36 0.000626930792062 0.001703539155367
12 16 0.10 0.001 37 nan nan
12 16 0.10 0.001 38 0.009216371053748 0.001587539459571
12 16 0.10 0.001 39 0.023714265662680 0.001548348369271
12 16 0.10 0.001 40 0.015095463703203 0.001506083438694
12 16 0.10 0.001 41 nan nan
12 16 0.10 0.001 42 0.044218041158285 0.001754652861976
12 16 0.10 0.001 43 0.011744741701921 0.001514061097227
12 16 0.10 0.001 44 0.023618959850650 0.001535812648658
12 16 0.10 0.001 45 0.017550081601651 0.001416277210372
12 16 0.10 0.001 46 nan nan
12 16 0.10 0.001 47 0.047972469383160 0.001728971007920
12 16 0.10 0.001 48 0.028381243896391 0.001931833921836
12 16 0.10 0.001 49 0.018531525375504 0.001363600022791
12 16 0.10 0.001 50 0.085064138498475 0.001715710497417
12 16 0.10 0.001 51 0.092456664475423 0.001789739915180
12 16 0.10 0.001 52 0.088958151118604 0.002074664352258
12 16 0.10 0.001 53 0.043576851444985 0.001589567584549
12 16 0.10 0.001 54 nan nan
12 16 0.10 0.001 55 nan nan
12 16 0.10 0.001 56 nan nan
12 16 0.10 0.001 57 nan nan
12 16 0.10 0.001 58 0.047570557513865 0.001983352549004
12 16 0.10 0.001 59 nan nan
12 16 0.10 0.001 60 0.124046192593112 0.001695234163441
12 16 0.10 0.001 61 0.162747279810730 0.001977450635244
12 16 0.10 0.001 62 nan nan
12 16 0.10 0.001 63 0.150548077447798 0.001881113750355
12 16 0.10 0.001 64 0.274504053862408 0.002385904411739
12 16 0.10 0.001 65 nan nan
12 16 0.10 0.001 66 0.291045586135731 0.002845166551899
12 16 0.10 0.001 67 0.191789846814273 0.001662082963951
12 16 0.10 0.001 68 0.160308602977705 0.002049560680261
12 16 0.10 0.001 69 nan nan
12 16 0.10 0.001 70 0.254350674671306 0.002158190135289
12 16 0.10 0.001 71 nan nan
12 16 0.10 0.001 72 nan nan
12 16 0.10 0.001 73 nan nan
12 16 0.10 0.001 74 nan nan
12 16 0.10 0.001 75 nan nan
12 16 0.10 0.001 76 nan nan
12 16 0.10 0.001 77 nan nan
12 16 0.10 0.001 78 nan nan
12 16 0.10 0.001 79 nan nan
12 16 0.10 0.001 80 nan nan
12 16 0.10 0.001 81 nan nan
12 16 0.10 0.001 82 nan nan
12 16 0.10 0.001 83 nan nan
12 16 0.10 0.001 84 nan nan
12 16 0.10 0.001 85 nan nan
12 16 0.10 0.001 86 nan nan
12 16 0.10 0.001 87 nan nan
12 16 0.10 0.001 88 nan nan
12 16 0.10 0.001 89 nan nan
12 16 0.10 0.001 90 nan nan
12 16 0.10 0.001 91 nan nan
12 16 0.10 0.001 92 nan nan
12 16 0.10 0.001 93 nan nan
12 16 0.10 0.001 94 nan nan
12 16 0.10 0.001 95 nan nan
12 16 0.10 0.001 96 nan nan
12 16 0.10 0.001 97 nan nan
12 16 0.10 0.001 98 nan nan
12 16 0.10 0.001 99 nan nan
12 16 0.10 0.001 100 nan nan
12 16 0.10 0.001 101 nan nan
12 16 0.10 0.001 102 nan nan
12 16 0.10 0.001 103 nan nan
12 16 0.10 0.001 104 nan nan
12 16 0.10 0.001 105 nan nan
12 16 0.10 0.001 106 nan nan
12 16 0.10 0.001 107 nan nan
12 16 0.10 0.001 108 nan nan
12 16 0.10 0.001 109 nan nan
12 16 0.10 0.001 110 nan nan
12 16 0.10 0.001 111 nan nan
12 16 0.10 0.001 112 nan nan
12 16 0.10 0.001 113 nan nan
12 16 0.10 0.001 114 nan nan
12 16 0.10 0.001 115 nan nan
12 16 0.10 0.001 116 nan nan
12 16 0.10 0.001 117 nan nan
12 16 0.10 0.001 118 nan nan
12 16 0.10 0.001 119 nan nan
12 16 0.10 0.001 120 nan nan
12 16 0.10 0.001 121 nan nan
12 16 0.10 0.001 122 nan nan
12 16 0.10 0.001 123 nan nan
12 16 0.10 0.001 124 nan nan
12 16 0.10 0.001 125 nan nan
12 16 0.10 0.001 126 nan nan
12 16 0.10 0.001 127 nan nan
12 16 0.10 0.001 128 nan nan
12 16 0.10 0.001 129 nan nan
12 16 0.10 0.001 130 nan nan
12 16 0.10 0.001 131 nan nan
12 16 0.10 0.001 132 nan nan
12 16 0.10 0.001 133 nan nan
12 16 0.10 0.001 134 nan nan
12 16 0.10 0.001 135 nan nan
12 16 0.10 0.001 136 nan nan
12 16 0.10 0.001 137 nan nan
12 16 0.10 0.001 138 nan nan
12 16 0.10 0.001 139 nan nan
12 16 0.10 0.001 140 nan nan
12 16 0.10 0.001 141 nan nan
12 16 0.10 0.001 142 nan nan
12 16 0.10 0.001 143 nan nan
12 16 0.10 0.001 144 nan nan
12 16 0.10 0.001 145 nan nan
12 16 0.10 0.001 146 nan nan
12 16 0.10 0.001 147 nan nan
12 16 0.10 0.001 148 nan nan
12 16 0.10 0.001 149 nan nan
12 16 0.10 0.001 150 nan nan
12 16 0.10 0.001 151 nan nan
12 16 0.10 0.001 152 nan nan
12 16 0.10 0.001 153 nan nan
12 16 0.10 0.001 154 nan nan
12 16 0.10 0.001 155 nan nan
12 16 0.10 0.001 156 nan nan
12 16 0.10 0.001 157 nan nan
12 16 0.10 0.001 158 nan nan
12 16 0.10 0.001 159 nan nan
12 16 0.10 0.001 160 nan nan
12 16 0.10 0.001 161 nan nan
12 16 0.10 0.001 162 nan nan
12 16 0.10 0.001 163 nan nan
12 16 0.10 0.001 164 nan nan
12 16 0.10 0.001 165 nan nan
12 16 0.10 0.001 166 nan nan
12 16 0.10 0.001 167 nan nan
12 16 0.10 0.001 168 nan nan
12 16 0.10 0.001 169 nan nan
12 16 0.10 0.001 170 nan nan
12 16 0.10 0.001 171 nan nan
12 16 0.10 0.001 172 nan nan
12 16 0.10 0.001 173 nan nan
12 16 0.10 0.001 174 nan nan
12 16 0.10 0.001 175 nan nan
12 16 0.10 0.001 176 nan nan
12 16 0.10 0.001 177 nan nan
12 16 0.10 0.001 178 nan nan
12 16 0.10 0.001 179 nan nan
12 16 0.10 0.001 180 nan nan
12 16 0.10 0.001 181 nan nan
12 16 0.10 0.001 182 nan nan
12 16 0.10 0.001 183 nan nan
12 16 0.10 0.001 184 nan nan
12 16 0.10 0.001 185 nan nan
12 16 0.10 0.001 186 nan nan
12 16 0.10 0.001 187 nan nan
12 16 0.10 0.001 188 nan nan
12 16 0.10 0.001 189 nan nan
12 16 0.10 0.001 190 nan nan
12 16 0.10 0.001 191 nan nan
12 16 0.10 0.001 192 nan nan
12 16 0.10 0.001 193 nan nan
12 16 0.10 0.001 194 nan nan
12 16 0.10 0.001 195 nan nan
12 16 0.10 0.001 196 nan nan
12 16 0.10 0.001 197 nan nan
12 16 0.10 0.001 198 nan nan
12 16 0.10 0.001 199 nan nan
12 16 0.10 0.001 200 nan nan
12 16 0.10 0.001 201 nan nan
12 16 0.10 0.001 202 nan nan
12 16 0.10 0.001 203 nan nan
12 16 0.10 0.001 204 nan nan
12 16 0.10 0.001 205 nan nan
12 16 0.10 0.001 206 nan nan
12 16 0.10 0.001 207 nan nan
12 16 0.10 0.001 208 nan nan
12 16 0.10 0.001 209 nan nan
12 16 0.10 0.001 210 nan nan
12 16 0.10 0.001 211 nan nan
12 16 0.10 0.001 212 nan nan
12 16 0.10 0.001 213 nan nan
12 16 0.10 0.001 214 nan nan
12 16 0.10 0.001 215 nan nan
12 16 0.10 0.001 216 nan nan
12 16 0.10 0.001 217 nan nan
12 16 0.10 0.001 218 nan nan
12 16 0.10 0.001 219 nan nan
12 16 0.10 0.001 220 nan nan
12 16 0.10 0.001 221 nan nan
12 16 0.10 0.001 222 nan nan
12 16 0.10 0.001 223 nan nan
12 16 0.10 0.001 224 nan nan
12 16 0.10 0.001 225 nan nan
12 16 0.10 0.001 226 nan nan
12 16 0.10 0.001 227 nan nan
12 16 0.10 0.001 228 nan nan
12 16 0.10 0.001 229 nan nan
12 16 0.10 0.001 230 nan nan
12 16 0.10 0.001 231 nan nan
12 16 0.10 0.001 232 nan nan
12 16 0.10 0.001 233 nan nan
12 16 0.10 0.001 234 nan nan
12 16 0.10 0.001 235 nan nan
12 16 0.10 0.001 236 nan nan
12 16 0.10 0.001 237 nan nan
12 16 0.10 0.001 238 nan nan
12 16 0.10 0.001 239 nan nan
12 16 0.10 0.001 240 nan nan
12 16 0.10 0.001 241 nan nan
12 16 0.10 0.001 242 nan nan
12 16 0.10 0.001 243 nan nan
12 16 0.10 0.001 244 nan nan
12 16 0.10 0.001 245 nan nan
12 16 0.10 0.001 246 nan nan
12 16 0.10 0.001 247 nan nan
12 16 0.10 0.001 248 nan nan
12 16 0.10 0.001 249 nan nan
12 16 0.10 0.001 250 nan nan
12 16 0.10 0.001 251 nan nan
12 16 0.10 0.001 252 nan nan
12 16 0.10 0.001 253 nan nan
12 16 0.10 0.001 254 nan nan
12 16 0.10 0.001 255 nan nan
12 16 0.10 0.001 256 nan nan
12 16 0.10 0.001 257 nan nan
12 16 0.10 0.001 258 nan nan
12 16 0.10 0.001 259 nan nan
12 16 0.10 0.001 260 nan nan
12 16 0.10 0.001 261 nan nan
12 16 0.10 0.001 262 nan nan
12 16 0.10 0.001 263 nan nan
12 16 0.10 0.001 264 nan nan
12 16 0.10 0.001 265 nan nan
12 16 0.10 0.001 266 nan nan
12 16 0.10 0.001 267 nan nan
12 16 0.10 0.001 268 nan nan
12 16 0.10 0.001 269 nan nan
12 16 0.10 0.001 270 nan nan
12 16 0.10 0.001 271 nan nan
12 16 0.10 0.001 272 nan nan
12 16 0.10 0.001 273 nan nan
12 16 0.10 0.001 274 nan nan
12 16 0.10 0.001 275 nan nan
12 16 0.10 0.001 276 nan nan
12 16 0.10 0.001 277 nan nan
12 16 0.10 0.001 278 nan nan
12 16 0.10 0.001 279 nan nan
12 16 0.10 0.001 280 nan nan
12 16 0.10 0.001 281 nan nan
12 16 0.10 0.001 282 nan nan
12 16 0.10 0.001 283 nan nan
12 16 0.10 0.001 284 nan nan
12 16 0.10 0.001 285 nan nan
12 16 0.10 0.001 286 nan nan
12 16 0.10 0.001 287 nan nan
12 16 0.10 0.001 288 nan nan
12 16 0.15 0.001 0 nan nan
12 16 0.15 0.001 1 -0.573133733690164 0.004196448548554
12 16 0.15 0.001 2 -0.850791765893455 0.003581726375056
12 16 0.15 0.001 3 nan nan
12 16 0.15 0.001 4 nan nan
12 16 0.15 0.001 5 nan nan
12 16 0.15 0.001 6 nan nan
12 16 0.15 0.001 7 -0.670467883390022 0.003321519418743
12 16 0.15 0.001 8 nan nan
12 16 0.15 0.001 9 nan nan
12 16 0.15 0.001 10 -0.335807873034256 0.002809197220986
12 16 0.15 0.001 11 -0.290348681393555 0.002910279557994
12 16 0.15 0.001 12 -0.312429889276938 0.003280354907394
12 16 0.15 0.001 13 nan nan
12 16 0.15 0.001 14 -0.115571798212812 0.002359897201008
12 16 0.15 0.001 15 -0.150421050731280 0.003263497381593
12 16 0.15 0.001 16 nan nan
12 16 0.15 0.001 17 0.015776949532795 0.002160713103664
12 16 0.15 0.001 18 -0.036515750095461 0.002642095676895
12 16 0.15 0.001 19 -0.132167305244521 0.002120651590245
12 16 0.15 0.001 20 nan nan
12 16 0.15 0.001 21 -0.236420137734705 0.002342896259283
12 16 0.15 0.001 22 nan nan
12 16 0.15 0.001 23 -0.081430746790271 0.002497622025365
12 16 0.15 0.001 24 -0.087292467608494 0.001811707666133
12 16 0.15 0.001 25 -0.123047025069203 0.001994690998256
12 16 0.15 0.001 26 -0.136259546056635 0.002223521128558
12 16 0.15 0.001 27 -0.030221369529623 0.001239729839441
12 16 0.15 0.001 28 -0.075078329830279 0.001792113540590
12 16 0.15 0.001 29 nan nan
12 16 0.15 0.001 30 -0.129152424570120 0.002859214169553
12 16 0.15 0.001 31 -0.019809761334317 0.001493909797733
12 16 0.15 0.001 32 nan nan
12 16 0.15 0.001 33 -0.043702377410426 0.002317977230907
12 16 0.15 0.001 34 -0.020604945019722 0.002447010130081
12 16 0.15 0.001 35 -0.022858122043218 0.002027363054527
12 16 0.15 0.001 36 nan nan
12 16 0.15 0.001 37 nan nan
12 16 0.15 0.001 38 nan nan
12 16 0.15 0.001 39 0.059246181462867 0.002427587814513
12 16 0.15 0.001 40 nan nan
12 16 0.15 0.001 41 nan nan
12 16 0.15 0.001 42 nan nan
12 16 0.15 0.001 43 0.022971349830713 0.001921818808308
12 16 0.15 0.001 44 0.058733283855486 0.002042337279018
12 16 0.15 0.001 45 0.027253098921265 0.001974033051061
12 16 0.15 0.001 46 0.135038931154259 0.002086578671577
12 16 0.15 0.001 47 nan nan
12 16 0.15 0.001 48 0.082611807294870 0.002942676278997
12 16 0.15 0.001 49 nan nan
12 16 0.15 0.001 50 nan nan
12 16 0.15 0.001 51 0.223488737342337 0.002949639212489
12 16 0.15 0.001 52 0.234055001349670 0.002312507540610
12 16 0.15 0.001 53 nan nan
12 16 0.15 0.001 54 nan nan
12 16 0.15 0.001 55 -0.033517062833749 0.002709318520836
12 16 0.15 0.001 56 0.041044750806100 0.002499737677225
12 16 0.15 0.001 57 0.112866056455736 0.002109621864539
12 16 0.15 0.001 58 nan nan
12 16 0.15 0.001 59 0.134067104165623 0.002697889770220
12 16 0.15 0.001 60 nan nan
12 16 0.15 0.001 61 0.272605448657639 0.002868522068636
12 16 0.15 0.001 62 nan nan
12 16 0.15 0.001 63 nan nan
12 16 0.15 0.001 64 0.518738129730821 0.003362194825339
12 16 0.15 0.001 65 nan nan
12 16 0.15 0.001 66 0.749780053249537 0.003586500769216
12 16 0.15 0.001 67 nan nan
12 16 0.15 0.001 68 nan nan
12 16 0.15 0.001 69 0.620552784873762 0.003736235183801
12 16 0.15 0.001 70 0.734336729464661 0.004573247018032
12 16 0.15 0.001 71 0.539175144733911 0.003694710077149
12 16 0.15 0.001 72 0.001233635778444 0.003924092778922
12 16 0.15 0.001 73 nan nan
12 16 0.15 0.001 74 nan nan
12 16 0.15 0.001 75 nan nan
12 16 0.15 0.001 76 nan nan
12 16 0.15 0.001 77 nan nan
12 16 0.15 0.001 78 nan nan
12 16 0.15 0.001 79 nan nan
12 16 0.15 0.001 80 nan nan
12 16 0.15 0.001 81 nan nan
12 16 0.15 0.001 82 nan nan
12 16 0.15 0.001 83 nan nan
12 16 0.15 0.001 84 nan nan
12 16 0.15 0.001 85 nan nan
12 16 0.15 0.001 86 nan nan
12 16 0.15 0.001 87 nan nan
12 16 0.15 0.001 88 nan nan
12 16 0.15 0.001 89 nan nan
12 16 0.15 0.001 90 nan nan
12 16 0.15 0.001 91 nan nan
12 16 0.15 0.001 92 nan nan
12 16 0.15 0.001 93 nan nan
12 16 0.15 0.001 94 nan nan
12 16 0.15 0.001 95 nan nan
12 16 0.15 0.001 96 nan nan
12 16 0.15 0.001 97 nan nan
12 16 0.15 0.001 98 nan nan
12 16 0.15 0.001 99 nan nan
12 16 0.15 0.001 100 nan nan
12 16 0.15 0.001 101 nan nan
12 16 0.15 0.001 102 nan nan
12 16 0.15 0.001 103 nan nan
12 16 0.15 0.001 104 nan nan
12 16 0.15 0.001 105 nan nan
12 16 0.15 0.001 106 nan nan
12 16 0.15 0.001 107 nan nan
12 16 0.15 0.001 108 nan nan
12 16 0.15 0.001 109 nan nan
12 16 0.15 0.001 110 nan nan
12 16 0.15 0.001 111 nan nan
12 16 0.15 0.001 112 nan nan
12 16 0.15 0.001 113 nan nan
12 16 0.15 0.001 114 nan nan
12 16 0.15 0.001 115 nan nan
12 16 0.15 0.001 116 nan nan
12 16 0.15 0.001 117 nan nan
12 16 0.15 0.001 118 nan nan
12 16 0.15 0.001 119 nan nan
12 16 0.15 0.001 120 nan nan
12 16 0.15 0.001 121 nan nan
12 16 0.15 0.001 122 nan nan
12 16 0.15 0.001 123 nan nan
12 16 0.15 0.001 124 nan nan
12 16 0.15 0.001 125 nan nan
12 16 0.15 0.001 126 nan nan
12 16 0.15 0.001 127 nan nan
12 16 0.15 0.001 128 nan nan
12 16 0.15 0.001 129 nan nan
12 16 0.15 0.001 130 nan nan
12 16 0.15 0.001 131 nan nan
12 16 0.15 0.001 132 nan nan
12 16 0.15 0.001 133 nan nan
12 16 0.15 0.001 134 nan nan
12 16 0.15 0.001 135 nan nan
12 16 0.15 0.001 136 nan nan
12 16 0.15 0.001 137 nan nan
12 16 0.15 0.001 138 nan nan
12 16 0.15 0.001 139 nan nan
12 16 0.15 0.001 140 nan nan
12 16 0.15 0.001 141 nan nan
12 16 0.15 0.001 142 nan nan
12 16 0.15 0.001 143 nan nan
12 16 0.15 0.001 144 nan nan
12 16 0.15 0.001 145 nan nan
12 16 0.15 0.001 146 nan nan
12 16 0.15 0.001 147 nan nan
12 16 0.15 0.001 148 nan nan
12 16 0.15 0.001 149 nan nan
12 16 0.15 0.001 150 nan nan
12 16 0.15 0.001 151 nan nan
12 16 0.15 0.001 152 nan nan
12 16 0.15 0.001 153 nan nan
12 16 0.15 0.001 154 nan nan
12 16 0.15 0.001 155 nan nan
12 16 0.15 0.001 156 nan nan
12 16 0.15 0.001 157 nan nan
12 16 0.15 0.001 158 nan nan
12 16 0.15 0.001 159 nan nan
12 16 0.15 0.001 160 nan nan
12 16 0.15 0.001 161 nan nan
12 16 0.15 0.001 162 nan nan
12 16 0.15 0.001 163 nan nan
12 16 0.15 0.001 164 nan nan
12 16 0.15 0.001 165 nan nan
12 16 0.15 0.001 166 nan nan
12 16 0.15 0.001 167 nan nan
12 16 0.15 0.001 168 nan nan
12 16 0.15 0.001 169 nan nan
12 16 0.15 0.001 170 nan nan
12 16 0.15 0.001 171 nan nan
12 16 0.15 0.001 172 nan nan
12 16 0.15 0.001 173 nan nan
12 16 0.15 0.001 174 nan nan
12 16 0.15 0.001 175 nan nan
12 16 0.15 0.001 176 nan nan
12 16 0.15 0.001 177 nan nan
12 16 0.15 0.001 178 nan nan
12 16 0.15 0.001 179 nan nan
12 16 0.15 0.001 180 nan nan
12 16 0.15 0.001 181 nan nan
12 16 0.15 0.001 182 nan nan
12 16 0.15 0.001 183 nan nan
12 16 0.15 0.001 184 nan nan
12 16 0.15 0.001 185 nan nan
12 16 0.15 0.001 186 nan nan
12 16 0.15 0.001 187 nan nan
12 16 0.15 0.001 188 nan nan
12 16 0.15 0.001 189 nan nan
12 16 0.15 0.001 190 nan nan
12 16 0.15 0.001 191 nan nan
12 16 0.15 0.001 192 nan nan
12 16 0.15 0.001 193 nan nan
12 16 0.15 0.001 194 nan nan
12 16 0.15 0.001 195 nan nan
12 16 0.15 0.001 196 nan nan
12 16 0.15 0.001 197 nan nan
12 16 0.15 0.001 198 nan nan
12 16 0.15 0.001 199 nan nan
12 16 0.15 0.001 200 nan nan
12 16 0.15 0.001 201 nan nan
12 16 0.15 0.001 202 nan nan
12 16 0.15 0.001 203 nan nan
12 16 0.15 0.001 204 nan nan
12 16 0.15 0.001 205 nan nan
12 16 0.15 0.001 206 nan nan
12 16 0.15 0.001 207 nan nan
12 16 0.15 0.001 208 nan nan
12 16 0.15 0.001 209 nan nan
12 16 0.15 0.001 210 nan nan
12 16 0.15 0.001 211 nan nan
12 16 0.15 0.001 212 nan nan
12 16 0.15 0.001 213 nan nan
12 16 0.15 0.001 214 nan nan
12 16 0.15 0.001 215 nan nan
12 16 0.15 0.001 216 nan nan
12 16 0.15 0.001 217 nan nan
12 16 0.15 0.001 218 nan nan
12 16 0.15 0.001 219 nan nan
12 16 0.15 0.001 220 nan nan
12 16 0.15 0.001 221 nan nan
12 16 0.15 0.001 222 nan nan
12 16 0.15 0.001 223 nan nan
12 16 0.15 0.001 224 nan nan
12 16 0.15 0.001 225 nan nan
12 16 0.15 0.001 226 nan nan
12 16 0.15 0.001 227 nan nan
12 16 0.15 0.001 228 nan nan
12 16 0.15 0.001 229 nan nan
12 16 0.15 0.001 230 nan nan
12 16 0.15 0.001 231 nan nan
12 16 0.15 0.001 232 nan nan
12 16 0.15 0.001 233 nan nan
12 16 0.15 0.001 234 nan nan
12 16 0.15 0.001 235 nan nan
12 16 0.15 0.001 236 nan nan
12 16 0.15 0.001 237 nan nan
12 16 0.15 0.001 238 nan nan
12 16 0.15 0.001 239 nan nan
12 16 0.15 0.001 240 nan nan
12 16 0.15 0.001 241 nan nan
12 16 0.15 0.001 242 nan nan
12 16 0.15 0.001 243 nan nan
12 16 0.15 0.001 244 nan nan
12 16 0.15 0.001 245 nan nan
12 16 0.15 0.001 246 nan nan
12 16 0.15 0.001 247 nan nan
12 16 0.15 0.001 248 nan nan
12 16 0.15 0.001 249 nan nan
12 16 0.15 0.001 250 nan nan
12 16 0.15 0.001 251 nan nan
12 16 0.15 0.001 252 nan nan
12 16 0.15 0.001 253 nan nan
12 16 0.15 0.001 254 nan nan
12 16 0.15 0.001 255 nan nan
12 16 0.15 0.001 256 nan nan
12 16 0.15 0.001 257 nan nan
12 16 0.15 0.001 258 nan nan
12 16 0.15 0.001 259 nan nan
12 16 0.15 0.001 260 nan nan
12 16 0.15 0.001 261 nan nan
12 16 0.15 0.001 262 nan nan
12 16 0.15 0.001 263 nan nan
12 16 0.15 0.001 264 nan nan
12 16 0.15 0.001 265 nan nan
12 16 0.15 0.001 266 nan nan
12 16 0.15 0.001 267 nan nan
12 16 0.15 0.001 268 nan nan
12 16 0.15 0.001 269 nan nan
12 16 0.15 0.001 270 nan nan
12 16 0.15 0.001 271 nan nan
12 16 0.15 0.001 272 nan nan
12 16 0.15 0.001 273 nan nan
12 16 0.15 0.001 274 nan nan
12 16 0.15 0.001 275 nan nan
12 16 0.15 0.001 276 nan nan
12 16 0.15 0.001 277 nan nan
12 16 0.15 0.001 278 nan nan
12 16 0.15 0.001 279 nan nan
12 16 0.15 0.001 280 nan nan
12 16 0.15 0.001 281 nan nan
12 16 0.15 0.001 282 nan nan
12 16 0.15 0.001 283 nan nan
12 16 0.15 0.001 284 nan nan
12 16 0.15 0.001 285 nan nan
12 16 0.15 0.001 286 nan nan
12 16 0.15 0.001 287 nan nan
12 16 0.15 0.001 288 nan nan
12 16 0.20 0.001 0 -0.045515094878979 0.045343396368881
12 16 0.20 0.001 1 7.430356854673235 0.047089961972113
12 16 0.20 0.001 2 nan nan
12 16 0.20 0.001 3 9.723886140313272 0.038584436536417
12 16 0.20 0.001 4 nan nan
12 16 0.20 0.001 5 2.726199127502525 0.027212092515755
12 16 0.20 0.001 6 9.949662425177264 0.037486528304190
12 16 0.20 0.001 7 nan nan
12 16 0.20 0.001 8 2.152838711496597 0.020345296670976
12 16 0.20 0.001 9 1.791166484266511 0.017554856357490
12 16 0.20 0.001 10 2.830481440980547 0.025826709342090
12 16 0.20 0.001 11 1.190610627226023 0.017817938354257
12 16 0.20 0.001 12 4.516691728367456 0.044117544365828
12 16 0.20 0.001 13 1.161080926401121 0.014980660856296
12 16 0.20 0.001 14 nan nan
12 16 0.20 0.001 15 2.242550506960235 0.031378017815064
12 16 0.20 0.001 16 0.737970840998344 0.015328649034111
12 16 0.20 0.001 17 0.336777367166043 0.014306373881135
12 16 0.20 0.001 18 1.196057545694821 0.024261782800954
12 16 0.20 0.001 19 2.263897224780404 0.021947578377770
12 16 0.20 0.001 20 1.811437143230040 0.015723174713966
12 16 0.20 0.001 21 3.154760233518890 0.024953820337492
12 16 0.20 0.001 22 nan nan
12 16 0.20 0.001 23 0.757882330102055 0.014426212312410
12 16 0.20 0.001 24 nan nan
12 16 0.20 0.001 25 nan nan
12 16 0.20 0.001 26 nan nan
12 16 0.20 0.001 27 nan nan
12 16 0.20 0.001 28 0.674570176570137 0.016366292308466
12 16 0.20 0.001 29 0.531863128258768 0.014884512439876
12 16 0.20 0.001 30 1.908533970554998 0.029436949909062
12 16 0.20 0.001 31 nan nan
12 16 0.20 0.001 32 0.173462268046830 0.011500916987599
12 16 0.20 0.001 33 nan nan
12 16 0.20 0.001 34 0.218424786528603 0.017627797926594
12 16 0.20 0.001 35 nan nan
12 16 0.20 0.001 36 0.036356821737339 0.026100324752065
12 16 0.20 0.001 37 -0.331143800300639 0.012649806135517
12 16 0.20 0.001 38 -0.203434012036084 0.017632880593668
12 16 0.20 0.001 39 -0.793030081787027 0.015594886146469
12 16 0.20 0.001 40 -0.169682434432702 0.011770155757450
12 16 0.20 0.001 41 nan nan
12 16 0.20 0.001 42 nan nan
12 16 0.20 0.001 43 nan nan
12 16 0.20 0.001 44 nan nan
12 16 0.20 0.001 45 nan nan
12 16 0.20 0.001 46 nan nan
12 16 0.20 0.001 47 nan nan
12 16 0.20 0.001 48 -1.566023540961229 0.026885042477519
12 16 0.20 0.001 49 nan nan
12 16 0.20 0.001 50 nan nan
12 16 0.20 0.001 51 -3.222110989267526 0.021262416827019
12 16 0.20 0.001 52 -1.810528201146239 0.017879424514973
12 16 0.20 0.001 53 nan nan
12 16 0.20 0.001 54 -1.220049473970498 0.021858647805540
12 16 0.20 0.001 55 -0.385174120039603 0.018749391095462
12 16 0.20 0.001 56 nan nan
12 16 0.20 0.001 57 -2.207354453306787 0.028305803772644
12 16 0.20 0.001 58 -1.790321151017228 0.023291376169364
12 16 0.20 0.001 59 -1.196009645465222 0.013864005202437
12 16 0.20 0.001 60 -4.542187789041719 0.039684521539083
12 16 0.20 0.001 61 nan nan
12 16 0.20 0.001 62 nan nan
12 16 0.20 0.001 63 nan nan
12 16 0.20 0.001 64 nan nan
12 16 0.20 0.001 65 -2.563077145368067 0.025554565309921
12 16 0.20 0.001 66 -9.958114648718118 0.052291808791343
12 16 0.20 0.001 67 -2.751478589588721 0.024235705745022
12 16 0.20 0.001 68 -4.954594495181271 0.026102397532899
12 16 0.20 0.001 69 nan nan
12 16 0.20 0.001 70 nan nan
12 16 0.20 0.001 71 -7.176295737760336 0.032575921695656
12 16 0.20 0.001 72 nan nan
12 16 0.20 0.001 73 nan nan
12 16 0.20 0.001 74 nan nan
12 16 0.20 0.001 75 nan nan
12 16 0.20 0.001 76 nan nan
12 16 0.20 0.001 77 nan nan
12 16 0.20 0.001 78 nan nan
12 16 0.20 0.001 79 nan nan
12 16 0.20 0.001 80 nan nan
12 16 0.20 0.001 81 nan nan
12 16 0.20 0.001 82 nan nan
12 16 0.20 0.001 83 nan nan
12 16 0.20 0.001 84 nan nan
12 16 0.20 0.001 85 nan nan
12 16 0.20 0.001 86 nan nan
12 16 0.20 0.001 87 nan nan
12 16 0.20 0.001 88 nan nan
12 16 0.20 0.001 89 nan nan
12 16 0.20 0.001 90 nan nan
12 16 0.20 0.001 91 nan nan
12 16 0.20 0.001 92 nan nan
12 16 0.20 0.001 93 nan nan
12 16 0.20 0.001 94 nan nan
12 16 0.20 0.001 95 nan nan
12 16 0.20 0.001 96 nan nan
12 16 0.20 0.001 97 nan nan
12 16 0.20 0.001 98 nan nan
12 16 0.20 0.001 99 nan nan
12 16 0.20 0.001 100 nan nan
12 16 0.20 0.001 101 nan nan
12 16 0.20 0.001 102 nan nan
12 16 0.20 0.001 103 nan nan
12 16 0.20 0.001 104 nan nan
12 16 0.20 0.001 105 nan nan
12 16 0.20 0.001 106 nan nan
12 16 0.20 0.001 107 nan nan
12 16 0.20 0.001 108 nan nan
12 16 0.20 0.001 109 nan nan
12 16 0.20 0.001 110 nan nan
12 16 0.20 0.001 111 nan nan
12 16 0.20 0.001 112 nan nan
12 16 0.20 0.001 113 nan nan
12 16 0.20 0.001 114 nan nan
12 16 0.20 0.001 115 nan nan
12 16 0.20 0.001 116 nan nan
12 16 0.20 0.001 117 nan nan
12 16 0.20 0.001 118 nan nan
12 16 0.20 0.001 119 nan nan
12 16 0.20 0.001 120 nan nan
12 16 0.20 0.001 121 nan nan
12 16 0.20 0.001 122 nan nan
12 16 0.20 0.001 123 nan nan
12 16 0.20 0.001 124 nan nan
12 16 0.20 0.001 125 nan nan
12 16 0.20 0.001 126 nan nan
12 16 0.20 0.001 127 nan nan
12 16 0.20 0.001 128 nan nan
12 16 0.20 0.001 129 nan nan
12 16 0.20 0.001 130 nan nan
12 16 0.20 0.001 131 nan nan
12 16 0.20 0.001 132 nan nan
12 16 0.20 0.001 133 nan nan
12 16 0.20 0.001 134 nan nan
12 16 0.20 0.001 135 nan nan
12 16 0.20 0.001 136 nan nan
12 16 0.20 0.001 137 nan nan
12 16 0.20 0.001 138 nan nan
12 16 0.20 0.001 139 nan nan
12 16 0.20 0.001 140 nan nan
12 16 0.20 0.001 141 nan nan
12 16 0.20 0.001 142 nan nan
12 16 0.20 0.001 143 nan nan
12 16 0.20 0.001 144 nan nan
12 16 0.20 0.001 145 nan nan
12 16 0.20 0.001 146 nan nan
12 16 0.20 0.001 147 nan nan
12 16 0.20 0.001 148 nan nan
12 16 0.20 0.001 149 nan nan
12 16 0.20 0.001 150 nan nan
12 16 0.20 0.001 151 nan nan
12 16 0.20 0.001 152 nan nan
12 16 0.20 0.001 153 nan nan
12 16 0.20 0.001 154 nan nan
12 16 0.20 0.001 155 nan nan
12 16 0.20 0.001 156 nan nan
12 16 0.20 0.001 157 nan nan
12 16 0.20 0.001 158 nan nan
12 16 0.20 0.001 159 nan nan
12 16 0.20 0.001 160 nan nan
12 16 0.20 0.001 161 nan nan
12 16 0.20 0.001 162 nan nan
12 16 0.20 0.001 163 nan nan
12 16 0.20 0.001 164 nan nan
12 16 0.20 0.001 165 nan nan
12 16 0.20 0.001 166 nan nan
12 16 0.20 0.001 167 nan nan
12 16 0.20 0.001 168 nan nan
12 16 0.20 0.001 169 nan nan
12 16 0.20 0.001 170 nan nan
12 16 0.20 0.001 171 nan nan
12 16 0.20 0.001 172 nan nan
12 16 0.20 0.001 173 nan nan
12 16 0.20 0.001 174 nan nan
12 16 0.20 0.001 175 nan nan
12 16 0.20 0.001 176 nan nan
12 16 0.20 0.001 177 nan nan
12 16 0.20 0.001 178 nan nan
12 16 0.20 0.001 179 nan nan
12 16 0.20 0.001 180 nan nan
12 16 0.20 0.001 181 nan nan
12 16 0.20 0.001 182 nan nan
12 16 0.20 0.001 183 nan nan
12 16 0.20 0.001 184 nan nan
12 16 0.20 0.001 185 nan nan
12 16 0.20 0.001 186 nan nan
12 16 0.20 0.001 187 nan nan
12 16 0.20 0.001 188 nan nan
12 16 0.20 0.001 189 nan nan
12 16 0.20 0.001 190 nan nan
12 16 0.20 0.001 191 nan nan
12 16 0.20 0.001 192 nan nan
12 16 0.20 0.001 193 nan nan
12 16 0.20 0.001 194 nan nan
12 16 0.20 0.001 195 nan nan
12 16 0.20 0.001 196 nan nan
12 16 0.20 0.001 197 nan nan
12 16 0.20 0.001 198 nan nan
12 16 0.20 0.001 199 nan nan
12 16 0.20 0.001 200 nan nan
12 16 0.20 0.001 201 nan nan
12 16 0.20 0.001 202 nan nan
12 16 0.20 0.001 203 nan nan
12 16 0.20 0.001 204 nan nan
12 16 0.20 0.001 205 nan nan
12 16 0.20 0.001 206 nan nan
12 16 0.20 0.001 207 nan nan
12 16 0.20 0.001 208 nan nan
12 16 0.20 0.001 209 nan nan
12 16 0.20 0.001 210 nan nan
12 16 0.20 0.001 211 nan nan
12 16 0.20 0.001 212 nan nan
12 16 0.20 0.001 213 nan nan
12 16 0.20 0.001 214 nan nan
12 16 0.20 0.001 215 nan nan
12 16 0.20 0.001 216 nan nan
12 16 0.20 0.001 217 nan nan
12 16 0.20 0.001 218 nan nan
12 16 0.20 0.001 219 nan nan
12 16 0.20 0.001 220 nan nan
12 16 0.20 0.001 221 nan nan
12 16 0.20 0.001 222 nan nan
12 16 0.20 0.001 223 nan nan
12 16 0.20 0.001 224 nan nan
12 16 0.20 0.001 225 nan nan
12 16 0.20 0.001 226 nan nan
12 16 0.20 0.001 227 nan nan
12 16 0.20 0.001 228 nan nan
12 16 0.20 0.001 229 nan nan
12 16 0.20 0.001 230 nan nan
12 16 0.20 0.001 231 nan nan
12 16 0.20 0.001 232 nan nan
12 16 0.20 0.001 233 nan nan
12 16 0.20 0.001 234 nan nan
12 16 0.20 0.001 235 nan nan
12 16 0.20 0.001 236 nan nan
12 16 0.20 0.001 237 nan nan
12 16 0.20 0.001 238 nan nan
12 16 0.20 0.001 239 nan nan
12 16 0.20 0.001 240 nan nan
12 16 0.20 0.001 241 nan nan
12 16 0.20 0.001 242 nan nan
12 16 0.20 0.001 243 nan nan
12 16 0.20 0.001 244 nan nan
12 16 0.20 0.001 245 nan nan
12 16 0.20 0.001 246 nan nan
12 16 0.20 0.001 247 nan nan
12 16 0.20 0.001 248 nan nan
12 16 0.20 0.001 249 nan nan
12 16 0.20 0.001 250 nan nan
12 16 0.20 0.001 251 nan nan
12 16 0.20 0.001 252 nan nan
12 16 0.20 0.001 253 nan nan
12 16 0.20 0.001 254 nan nan
12 16 0.20 0.001 255 nan nan
12 16 0.20 0.001 256 nan nan
12 16 0.20 0.001 257 nan nan
12 16 0.20 0.001 258 nan nan
12 16 0.20 0.001 259 nan nan
12 16 0.20 0.001 260 nan nan
12 16 0.20 0.001 261 nan nan
12 16 0.20 0.001 262 nan nan
12 16 0.20 0.001 263 nan nan
12 16 0.20 0.001 264 nan nan
12 16 0.20 0.001 265 nan nan
12 16 0.20 0.001 266 nan nan
12 16 0.20 0.001 267 nan nan
12 16 0.20 0.001 268 nan nan
12 16 0.20 0.001 269 nan nan
12 16 0.20 0.001 270 nan nan
12 16 0.20 0.001 271 nan nan
12 16 0.20 0.001 272 nan nan
12 16 0.20 0.001 273 nan nan
12 16 0.20 0.001 274 nan nan
12 16 0.20 0.001 275 nan nan
12 16 0.20 0.001 276 nan nan
12 16 0.20 0.001 277 nan nan
12 16 0.20 0.001 278 nan nan
12 16 0.20 0.001 279 nan nan
12 16 0.20 0.001 280 nan nan
12 16 0.20 0.001 281 nan nan
12 16 0.20 0.001 282 nan nan
12 16 0.20 0.001 283 nan nan
12 16 0.20 0.001 284 nan nan
12 16 0.20 0.001 285 nan nan
12 16 0.20 0.001 286 nan nan
12 16 0.20 0.001 287 nan nan
12 16 0.20 0.001 288 nan nan
#Ls   Lt  mu  ma  nfluxes AxialCurrent Err
