#Ls   Lt  mu  ma  nfluxes AxialCurrent Err
16 24 0.15 0.001 0 -0.000064900734242 0.003340016673823
16 24 0.15 0.001 1 0.000116724059642 0.002447261318819
16 24 0.15 0.001 2 0.002424033642524 0.002638301319308
16 24 0.15 0.001 3 0.002407473351680 0.002646782218151
16 24 0.15 0.001 4 -0.002197514277116 0.001869846245969
16 24 0.15 0.001 5 0.002809842395643 0.002593162325950
16 24 0.15 0.001 6 0.564715620395719 0.003001589931569
16 24 0.15 0.001 7 0.674107835298388 0.002811897073534
16 24 0.15 0.001 8 -0.001100824890706 0.002016854926000
16 24 0.15 0.001 9 -0.000392122974036 0.002001062239805
16 24 0.15 0.001 10 0.000283453731850 0.001984483201413
16 24 0.15 0.001 11 0.672656227360022 0.002933212073941
16 24 0.15 0.001 12 -0.000254983235393 0.002078231395510
16 24 0.15 0.001 13 -0.000270346331846 0.002197958803985
16 24 0.15 0.001 14 0.375436501940749 0.002209416510411
16 24 0.15 0.001 15 0.000362029509882 0.001530120021888
16 24 0.15 0.001 16 0.000085486394342 0.001568349526638
16 24 0.15 0.001 17 -0.002325985436250 0.001494002609135
16 24 0.15 0.001 18 -0.002498647172432 0.001837386182418
16 24 0.15 0.001 19 0.000285334797160 0.001833029200918
16 24 0.15 0.001 20 -0.001316628546934 0.001703693265263
16 24 0.15 0.001 21 -0.002048685226931 0.001711948918886
16 24 0.15 0.001 22 0.238610800712924 0.002175155472498
16 24 0.15 0.001 23 0.200086852580759 0.001954242294562
16 24 0.15 0.001 24 0.444631388078898 0.003359863626583
16 24 0.15 0.001 25 -0.002914422656131 0.001904570788580
16 24 0.15 0.001 26 0.000688418810381 0.001748626496463
16 24 0.15 0.001 27 0.193401955477327 0.001748072493272
16 24 0.15 0.001 28 0.203639739167883 0.001921726117863
16 24 0.15 0.001 29 -0.004171409385776 0.001783872260536
16 24 0.15 0.001 30 nan nan
16 24 0.15 0.001 31 nan nan
16 24 0.15 0.001 32 nan nan
16 24 0.15 0.001 33 0.204888804195853 0.001538647846851
16 24 0.15 0.001 34 -0.003231212001011 0.001576727277071
16 24 0.15 0.001 35 -0.000057856670853 0.001517531719518
16 24 0.15 0.001 36 -0.002538856971446 0.001356520620214
16 24 0.15 0.001 37 0.000496886274672 0.001029723496639
16 24 0.15 0.001 38 0.177419777719760 0.001632997058735
16 24 0.15 0.001 39 0.154340387075693 0.001457928664173
16 24 0.15 0.001 40 0.320924968645054 0.002518761531676
16 24 0.15 0.001 41 nan nan
16 24 0.15 0.001 42 -0.001439018268942 0.001283852822316
16 24 0.15 0.001 43 nan nan
16 24 0.15 0.001 44 -0.001042979875951 0.001164167036871
16 24 0.15 0.001 45 0.200264737302407 0.001460665911489
16 24 0.15 0.001 46 0.127353299046785 0.001843762004163
16 24 0.15 0.001 47 -0.000861841795784 0.000987990759625
16 24 0.15 0.001 48 -0.000483946586406 0.000955860597976
16 24 0.15 0.001 49 0.001758388010566 0.000768291906113
16 24 0.15 0.001 50 -0.000730621352623 0.000780520334854
16 24 0.15 0.001 51 nan nan
16 24 0.15 0.001 52 -0.000088921947610 0.000824231520103
16 24 0.15 0.001 53 -0.000314672445469 0.000610121537227
16 24 0.15 0.001 54 -0.000043561340606 0.000569862773818
16 24 0.15 0.001 55 nan nan
16 24 0.15 0.001 56 0.138480354570503 0.001848918089213
16 24 0.15 0.001 57 -0.001121350537080 0.000506306114137
16 24 0.15 0.001 58 0.000361833143085 0.000479343226557
16 24 0.15 0.001 59 -0.000078985365922 0.000481737382641
16 24 0.15 0.001 60 0.000010069215238 0.000545759035265
16 24 0.15 0.001 61 -0.000580710695269 0.000551787500226
16 24 0.15 0.001 62 0.003337681800323 0.001384722392909
16 24 0.15 0.001 63 0.000064995913115 0.000538639018311
16 24 0.15 0.001 64 -0.000046723482040 0.000411823411612
16 24 0.15 0.001 65 -0.003684099567693 0.001185301943458
16 24 0.15 0.001 66 -0.000377841558645 0.000422434124222
16 24 0.15 0.001 67 -0.023733738990368 0.000923498101847
16 24 0.15 0.001 68 -0.036581106260882 0.001811867495022
16 24 0.15 0.001 69 0.000207185324873 0.000630146136017
16 24 0.15 0.001 70 0.000762502613278 0.000781932362066
16 24 0.15 0.001 71 0.000924141176970 0.000806354868635
16 24 0.15 0.001 72 0.000051571772011 0.000894664729182
16 24 0.15 0.001 73 0.000283305499394 0.000813163647801
16 24 0.15 0.001 74 -0.000834336885370 0.000692040456777
16 24 0.15 0.001 75 -0.081091788497035 0.001008190481367
16 24 0.15 0.001 76 -0.001676751834819 0.000640256551697
16 24 0.15 0.001 77 -0.001086450430064 0.000847188627496
16 24 0.15 0.001 78 -0.001908242565134 0.000807972319758
16 24 0.15 0.001 79 -0.138020815588197 0.001260922200851
16 24 0.15 0.001 80 -0.002842141318749 0.000942247514222
16 24 0.15 0.001 81 -0.002456891353269 0.000979214372682
16 24 0.15 0.001 82 -0.000517593479428 0.001075150007750
16 24 0.15 0.001 83 -0.002633721251271 0.001081380870887
16 24 0.15 0.001 84 -0.243450647123765 0.001872083525242
16 24 0.15 0.001 85 0.000937526467333 0.001015783941508
16 24 0.15 0.001 86 -0.100837258978956 0.001509501613760
16 24 0.15 0.001 87 0.000920594740104 0.000952754783198
16 24 0.15 0.001 88 0.000055674036143 0.001334391083083
16 24 0.15 0.001 89 0.000218365420482 0.001294229322680
16 24 0.15 0.001 90 -0.201260596647978 0.001811113881029
16 24 0.15 0.001 91 -0.261876641432831 0.001682407321989
16 24 0.15 0.001 92 -0.362115046526374 0.001702079259274
16 24 0.15 0.001 93 0.000040625796221 0.001350924262492
16 24 0.15 0.001 94 -0.001156009796979 0.001252077395339
16 24 0.15 0.001 95 0.001305044367959 0.001658701188555
16 24 0.15 0.001 96 -0.000556819293603 0.001487941453820
16 24 0.15 0.001 97 -0.000602731064798 0.001550424037738
16 24 0.15 0.001 98 -0.001980263557305 0.001542727635758
16 24 0.15 0.001 99 -0.001820345065858 0.001521314027847
16 24 0.15 0.001 100 -0.001780566976205 0.001583145538171
16 24 0.15 0.001 101 0.000737570612357 0.001763502376942
16 24 0.15 0.001 102 -0.175975265067875 0.001613657281422
16 24 0.15 0.001 103 -0.001173108924264 0.001570856627209
16 24 0.15 0.001 104 -0.002582405102608 0.002068297188047
16 24 0.15 0.001 105 0.000605879951011 0.001741420337660
16 24 0.15 0.001 106 -0.002530222635933 0.002109778565549
16 24 0.15 0.001 107 0.004049421205857 0.001552585879957
16 24 0.15 0.001 108 -0.001023630704499 0.001819528357927
16 24 0.15 0.001 109 0.000235671705623 0.001723289300993
16 24 0.15 0.001 110 -0.001969725952638 0.002330426177136
16 24 0.15 0.001 111 -0.000632438406786 0.002271962294306
16 24 0.15 0.001 112 0.000339337678506 0.002398016903901
16 24 0.15 0.001 113 -0.529680143857606 0.002384600742322
16 24 0.15 0.001 114 0.001229920977006 0.001772843038409
16 24 0.15 0.001 115 0.000763311898939 0.002048139939222
16 24 0.15 0.001 116 -0.005083378721286 0.002322480479354
16 24 0.15 0.001 117 0.001412634509166 0.002215105970026
16 24 0.15 0.001 118 -0.001650499479311 0.001868060032207
16 24 0.15 0.001 119 0.000593743705682 0.002183435864805
16 24 0.15 0.001 120 0.001909702715308 0.002373345521499
16 24 0.15 0.001 121 -0.687125358049107 0.002878431689745
16 24 0.15 0.001 122 0.002889785740092 0.002525456748894
16 24 0.15 0.001 123 0.001087352034399 0.002032301464809
16 24 0.15 0.001 124 0.002794146118606 0.002293523618652
16 24 0.15 0.001 125 0.002660067955915 0.002682601412319
16 24 0.15 0.001 126 0.003361343920967 0.002632038222530
16 24 0.15 0.001 127 nan nan
16 24 0.15 0.001 128 0.000808587930673 0.002712348154111
16 24 0.15 0.001 129 nan nan
16 24 0.15 0.001 130 nan nan
16 24 0.15 0.001 131 nan nan
16 24 0.15 0.001 132 nan nan
16 24 0.15 0.001 133 nan nan
16 24 0.15 0.001 134 nan nan
16 24 0.15 0.001 135 nan nan
16 24 0.15 0.001 136 nan nan
16 24 0.15 0.001 137 nan nan
16 24 0.15 0.001 138 nan nan
16 24 0.15 0.001 139 nan nan
16 24 0.15 0.001 140 nan nan
16 24 0.15 0.001 141 nan nan
16 24 0.15 0.001 142 nan nan
16 24 0.15 0.001 143 nan nan
16 24 0.15 0.001 144 nan nan
16 24 0.15 0.001 145 nan nan
16 24 0.15 0.001 146 nan nan
16 24 0.15 0.001 147 nan nan
16 24 0.15 0.001 148 nan nan
16 24 0.15 0.001 149 nan nan
16 24 0.15 0.001 150 nan nan
16 24 0.15 0.001 151 nan nan
16 24 0.15 0.001 152 nan nan
16 24 0.15 0.001 153 nan nan
16 24 0.15 0.001 154 nan nan
16 24 0.15 0.001 155 nan nan
16 24 0.15 0.001 156 nan nan
16 24 0.15 0.001 157 nan nan
16 24 0.15 0.001 158 nan nan
16 24 0.15 0.001 159 nan nan
16 24 0.15 0.001 160 nan nan
16 24 0.15 0.001 161 nan nan
16 24 0.15 0.001 162 nan nan
16 24 0.15 0.001 163 nan nan
16 24 0.15 0.001 164 nan nan
16 24 0.15 0.001 165 nan nan
16 24 0.15 0.001 166 nan nan
16 24 0.15 0.001 167 nan nan
16 24 0.15 0.001 168 nan nan
16 24 0.15 0.001 169 nan nan
16 24 0.15 0.001 170 nan nan
16 24 0.15 0.001 171 nan nan
16 24 0.15 0.001 172 nan nan
16 24 0.15 0.001 173 nan nan
16 24 0.15 0.001 174 nan nan
16 24 0.15 0.001 175 nan nan
16 24 0.15 0.001 176 nan nan
16 24 0.15 0.001 177 nan nan
16 24 0.15 0.001 178 nan nan
16 24 0.15 0.001 179 nan nan
16 24 0.15 0.001 180 nan nan
16 24 0.15 0.001 181 nan nan
16 24 0.15 0.001 182 nan nan
16 24 0.15 0.001 183 nan nan
16 24 0.15 0.001 184 nan nan
16 24 0.15 0.001 185 nan nan
16 24 0.15 0.001 186 nan nan
16 24 0.15 0.001 187 nan nan
16 24 0.15 0.001 188 nan nan
16 24 0.15 0.001 189 nan nan
16 24 0.15 0.001 190 nan nan
16 24 0.15 0.001 191 nan nan
16 24 0.15 0.001 192 nan nan
16 24 0.15 0.001 193 nan nan
16 24 0.15 0.001 194 nan nan
16 24 0.15 0.001 195 nan nan
16 24 0.15 0.001 196 nan nan
16 24 0.15 0.001 197 nan nan
16 24 0.15 0.001 198 nan nan
16 24 0.15 0.001 199 nan nan
16 24 0.15 0.001 200 nan nan
16 24 0.15 0.001 201 nan nan
16 24 0.15 0.001 202 nan nan
16 24 0.15 0.001 203 nan nan
16 24 0.15 0.001 204 nan nan
16 24 0.15 0.001 205 nan nan
16 24 0.15 0.001 206 nan nan
16 24 0.15 0.001 207 nan nan
16 24 0.15 0.001 208 nan nan
16 24 0.15 0.001 209 nan nan
16 24 0.15 0.001 210 nan nan
16 24 0.15 0.001 211 nan nan
16 24 0.15 0.001 212 nan nan
16 24 0.15 0.001 213 nan nan
16 24 0.15 0.001 214 nan nan
16 24 0.15 0.001 215 nan nan
16 24 0.15 0.001 216 nan nan
16 24 0.15 0.001 217 nan nan
16 24 0.15 0.001 218 nan nan
16 24 0.15 0.001 219 nan nan
16 24 0.15 0.001 220 nan nan
16 24 0.15 0.001 221 nan nan
16 24 0.15 0.001 222 nan nan
16 24 0.15 0.001 223 nan nan
16 24 0.15 0.001 224 nan nan
16 24 0.15 0.001 225 nan nan
16 24 0.15 0.001 226 nan nan
16 24 0.15 0.001 227 nan nan
16 24 0.15 0.001 228 nan nan
16 24 0.15 0.001 229 nan nan
16 24 0.15 0.001 230 nan nan
16 24 0.15 0.001 231 nan nan
16 24 0.15 0.001 232 nan nan
16 24 0.15 0.001 233 nan nan
16 24 0.15 0.001 234 nan nan
16 24 0.15 0.001 235 nan nan
16 24 0.15 0.001 236 nan nan
16 24 0.15 0.001 237 nan nan
16 24 0.15 0.001 238 nan nan
16 24 0.15 0.001 239 nan nan
16 24 0.15 0.001 240 nan nan
16 24 0.15 0.001 241 nan nan
16 24 0.15 0.001 242 nan nan
16 24 0.15 0.001 243 nan nan
16 24 0.15 0.001 244 nan nan
16 24 0.15 0.001 245 nan nan
16 24 0.15 0.001 246 nan nan
16 24 0.15 0.001 247 nan nan
16 24 0.15 0.001 248 nan nan
16 24 0.15 0.001 249 nan nan
16 24 0.15 0.001 250 nan nan
16 24 0.15 0.001 251 nan nan
16 24 0.15 0.001 252 nan nan
16 24 0.15 0.001 253 nan nan
16 24 0.15 0.001 254 nan nan
16 24 0.15 0.001 255 nan nan
16 24 0.15 0.001 256 nan nan
16 24 0.15 0.001 257 nan nan
16 24 0.15 0.001 258 nan nan
16 24 0.15 0.001 259 nan nan
16 24 0.15 0.001 260 nan nan
16 24 0.15 0.001 261 nan nan
16 24 0.15 0.001 262 nan nan
16 24 0.15 0.001 263 nan nan
16 24 0.15 0.001 264 nan nan
16 24 0.15 0.001 265 nan nan
16 24 0.15 0.001 266 nan nan
16 24 0.15 0.001 267 nan nan
16 24 0.15 0.001 268 nan nan
16 24 0.15 0.001 269 nan nan
16 24 0.15 0.001 270 nan nan
16 24 0.15 0.001 271 nan nan
16 24 0.15 0.001 272 nan nan
16 24 0.15 0.001 273 nan nan
16 24 0.15 0.001 274 nan nan
16 24 0.15 0.001 275 nan nan
16 24 0.15 0.001 276 nan nan
16 24 0.15 0.001 277 nan nan
16 24 0.15 0.001 278 nan nan
16 24 0.15 0.001 279 nan nan
16 24 0.15 0.001 280 nan nan
16 24 0.15 0.001 281 nan nan
16 24 0.15 0.001 282 nan nan
16 24 0.15 0.001 283 nan nan
16 24 0.15 0.001 284 nan nan
16 24 0.15 0.001 285 nan nan
16 24 0.15 0.001 286 nan nan
16 24 0.15 0.001 287 nan nan
16 24 0.15 0.001 288 nan nan
