#path,beta,am_s,amu,amu,amu,nflux,"a, fm","mu, MeV","T, MeV","qB, Gev^2",J^A_z,"J^A_z, err",freeJ^A_z,"freeJ^A_z, err"
beta_3.6562_m0.06703_muoverpit_0.0_b2/,3.6562,0.06703,0,0,0,2,0.15963,0,206.014424668543,0.099984753106449,nan,nan,-0.002978979487558,0.002674414814928
beta_3.6562_m0.06703_muoverpit_0.1_b2/,3.6562,0.06703,0.05236,0.05236,0,2,0.15963,64.7160809371672,206.014424668543,0.099984753106449,nan,nan,-0.015346318221043,0.002854992992051
beta_3.6562_m0.06703_muoverpit_0.14_b2/,3.6562,0.06703,0.0733,0.0733,0,2,0.15963,90.5975693791894,206.014424668543,0.099984753106449,nan,nan,-0.025303478444244,0.002812739284641
beta_3.6562_m0.06703_muoverpit_0.17_b2/,3.6562,0.06703,0.08901,0.08901,0,2,0.15963,110.014865626762,206.014424668543,0.099984753106449,nan,nan,-0.023969696275783,0.003418363931303
beta_3.6562_m0.06703_muoverpit_0.20_b2/,3.6562,0.06703,0.10472,0.10472,0,2,0.15963,129.432161874334,206.014424668543,0.099984753106449,nan,nan,-0.02762014430774,0.002261879057151
beta_3.6562_m0.06703_muoverpit_0.22_b2/,3.6562,0.06703,0.11519,0.11519,0,2,0.15963,142.372906095345,206.014424668543,0.099984753106449,nan,nan,-0.027449918810605,0.002903234089173
beta_3.6562_m0.06703_muoverpit_0.24_b2/,3.6562,0.06703,0.12566,0.12566,0,2,0.15963,155.313650316357,206.014424668543,0.099984753106449,nan,nan,-0.031399696133668,0.002255210286369
beta_3.6562_m0.06703_muoverpit_0.275_b2/,3.6562,0.06703,0.14399,0.14399,0,2,0.15963,177.96922257721,206.014424668543,0.099984753106449,nan,nan,-0.031546231792114,0.003210763259581
beta_3.45887_m0.152226_muoverpit_0.0_b6/,3.45887,0.152226,0,0,0,6,0.276459,0,118.954646475027,0.10000520282745,0.003578185163669,0.003400253224128,-0.025468949385566,0.002061626169668
beta_3.45887_m0.152226_muoverpit_0.1_b6/,3.45887,0.152226,0.05236,0.05236,0,6,0.276459,37.3676675384053,118.954646475027,0.10000520282745,-0.007024393070835,0.003727080261346,-0.037224171661644,0.002628988801215
beta_3.45887_m0.152226_muoverpit_0.14_b6/,3.45887,0.152226,0.0733,0.0733,0,6,0.276459,52.3118798809227,118.954646475027,0.10000520282745,-0.002609520682566,0.003811898716013,-0.043777447105598,0.002477575181796
beta_3.45887_m0.152226_muoverpit_0.17_b6/,3.45887,0.152226,0.08901,0.08901,0,6,0.276459,63.5236074788667,118.954646475027,0.10000520282745,0.005111562035074,0.003075216063747,-0.045891066443492,0.00267550336754
beta_3.45887_m0.152226_muoverpit_0.20_b6/,3.45887,0.152226,0.10472,0.10472,0,6,0.276459,74.7353350768107,118.954646475027,0.10000520282745,-0.004418626341108,0.003332567083927,-0.04746868901171,0.002675296093712
beta_3.45887_m0.152226_muoverpit_0.22_b6/,3.45887,0.152226,0.11519,0.11519,0,6,0.276459,82.2074412480693,118.954646475027,0.10000520282745,-0.006189790588419,0.003371882066633,-0.049704096894026,0.0030495190413
beta_3.45887_m0.152226_muoverpit_0.24_b6/,3.45887,0.152226,0.12566,0.12566,0,6,0.276459,89.679547419328,118.954646475027,0.10000520282745,0.00015119499175,0.003272926239313,-0.053173969918762,0.002645352186824
beta_3.45887_m0.152226_muoverpit_0.275_b6/,3.45887,0.152226,0.14399,0.14399,0,6,0.276459,102.761085730615,118.954646475027,0.10000520282745,9.5516312109E-05,0.003408628297694,-0.06120449181451,0.002637077418023
beta_3.5364_m0.10805_muoverpit_0.0_b4/,3.5364,0.10805,0,0,0,4,0.225722,0,145.692854971334,0.100010367273256,nan,nan,-0.01334547844909,0.003001879650006
beta_3.5364_m0.10805_muoverpit_0.1_b4/,3.5364,0.10805,0.05236,0.05236,0,4,0.225722,45.7670408732866,145.692854971334,0.100010367273256,nan,nan,-0.02891584943504,0.002983064021799
beta_3.5364_m0.10805_muoverpit_0.14_b4/,3.5364,0.10805,0.0733,0.0733,0,4,0.225722,64.0703608864001,145.692854971334,0.100010367273256,nan,nan,-0.043101565917629,0.002563409183353
beta_3.5364_m0.10805_muoverpit_0.17_b4/,3.5364,0.10805,0.08901,0.08901,0,4,0.225722,77.8022213164867,145.692854971334,0.100010367273256,nan,nan,-0.042994378362632,0.002856913354227
beta_3.5364_m0.10805_muoverpit_0.20_b4/,3.5364,0.10805,0.10472,0.10472,0,4,0.225722,91.5340817465732,145.692854971334,0.100010367273256,nan,nan,-0.050754828082263,0.002930177061946
beta_3.5364_m0.10805_muoverpit_0.22_b4/,3.5364,0.10805,0.11519,0.11519,0,4,0.225722,100.68574175313,145.692854971334,0.100010367273256,nan,nan,-0.04628601155891,0.003224265209442
beta_3.5364_m0.10805_muoverpit_0.24_b4/,3.5364,0.10805,0.12566,0.12566,0,4,0.225722,109.837401759687,145.692854971334,0.100010367273256,nan,nan,-0.055181156509828,0.002768396158311
beta_3.5364_m0.10805_muoverpit_0.275_b4/,3.5364,0.10805,0.14399,0.14399,0,4,0.225722,125.859362401538,145.692854971334,0.100010367273256,nan,nan,-0.063966866185226,0.003455800267804
beta_3.4949_m0.12889_muoverpit_0.0_b5/,3.4949,0.12889,0,0,0,5,0.252354,0,130.317263090102,0.100018981655725,nan,nan,-0.019623186347964,0.00214382524898
beta_3.4949_m0.12889_muoverpit_0.1_b5/,3.4949,0.12889,0.05236,0.05236,0,5,0.252354,40.9370487489796,130.317263090102,0.100018981655725,nan,nan,-0.039249389138342,0.002252371324242
beta_3.4949_m0.12889_muoverpit_0.14_b5/,3.4949,0.12889,0.0733,0.0733,0,5,0.252354,57.3087408957259,130.317263090102,0.100018981655725,nan,nan,-0.040768657856613,0.002737027320624
beta_3.4949_m0.12889_muoverpit_0.17_b5/,3.4949,0.12889,0.08901,0.08901,0,5,0.252354,69.5914191968426,130.317263090102,0.100018981655725,nan,nan,-0.048702066276001,0.002513431960511
beta_3.4949_m0.12889_muoverpit_0.20_b5/,3.4949,0.12889,0.10472,0.10472,0,5,0.252354,81.8740974979592,130.317263090102,0.100018981655725,nan,nan,-0.045321927090993,0.002916450079043
beta_3.4949_m0.12889_muoverpit_0.22_b5/,3.4949,0.12889,0.11519,0.11519,0,5,0.252354,90.0599435713324,130.317263090102,0.100018981655725,nan,nan,-0.057779180662181,0.002864613749949
beta_3.4949_m0.12889_muoverpit_0.24_b5/,3.4949,0.12889,0.12566,0.12566,0,5,0.252354,98.2457896447055,130.317263090102,0.100018981655725,nan,nan,-0.054303206053819,0.003282785072265
beta_3.4949_m0.12889_muoverpit_0.275_b5/,3.4949,0.12889,0.14399,0.14399,0,5,0.252354,112.576884059694,130.317263090102,0.100018981655725,nan,nan,-0.063331527758309,0.002809539172141
beta_3.7927_m0.04521_muoverpit_0.0_b1/,3.7927,0.04521,0,0,0,1,0.112855,0,291.401201628989,0.100021001771594,-0.000304277419034,0.001483840757348,-0.006275610029058,0.003125004927563
beta_3.7927_m0.04521_muoverpit_0.1_b1/,3.7927,0.04521,0.05236,0.05236,0,1,0.112855,91.5389482078774,291.401201628989,0.100021001771594,-0.004562128936728,0.00142702118897,-0.009832297882526,0.003713157308715
beta_3.7927_m0.04521_muoverpit_0.14_b1/,3.7927,0.04521,0.0733,0.0733,0,1,0.112855,128.147534446857,291.401201628989,0.100021001771594,-0.005135614491915,0.001581764406545,-0.013993006441742,0.003980748858716
beta_3.7927_m0.04521_muoverpit_0.17_b1/,3.7927,0.04521,0.08901,0.08901,0,1,0.112855,155.612715431306,291.401201628989,0.100021001771594,-0.008453266886221,0.001409389086591,-0.017289649367696,0.002880293706993
beta_3.7927_m0.04521_muoverpit_0.20_b1/,3.7927,0.04521,0.10472,0.10472,0,1,0.112855,183.077896415755,291.401201628989,0.100021001771594,-0.005740681480439,0.001537999700374,-0.01695443651776,0.00324318759914
beta_3.7927_m0.04521_muoverpit_0.22_b1/,3.7927,0.04521,0.11519,0.11519,0,1,0.112855,201.382189535244,291.401201628989,0.100021001771594,-0.00768002700692,0.00154149485972,-0.015130177269424,0.002950983444943
beta_3.7927_m0.04521_muoverpit_0.24_b1/,3.7927,0.04521,0.12566,0.12566,0,1,0.112855,219.686482654734,291.401201628989,0.100021001771594,-0.007203287049744,0.001430409893057,-0.012815705688831,0.003509079965579
beta_3.7927_m0.04521_muoverpit_0.275_b1/,3.7927,0.04521,0.14399,0.14399,0,1,0.112855,251.732107571663,291.401201628989,0.100021001771594,-0.009711649589404,0.001775023148185,-0.006922620144362,0.00382118325793
beta_3.5870_m0.08746_muoverpit_0.0_b3/,3.587,0.08746,0,0,0,3,0.195416,0,168.287564016455,0.100076895845253,nan,nan,-0.008907068844384,0.002901199741678
beta_3.5870_m0.08746_muoverpit_0.1_b3/,3.587,0.08746,0.05236,0.05236,0,3,0.195416,52.8648012445245,168.287564016455,0.100076895845253,nan,nan,-0.023448930500206,0.003301643915061
beta_3.5870_m0.08746_muoverpit_0.14_b3/,3.587,0.08746,0.0733,0.0733,0,3,0.195416,74.0066831784501,168.287564016455,0.100076895845253,nan,nan,-0.027921857024184,0.002932001745443
beta_3.5870_m0.08746_muoverpit_0.17_b3/,3.587,0.08746,0.08901,0.08901,0,3,0.195416,89.8681428337496,168.287564016455,0.100076895845253,nan,nan,-0.03540233151422,0.003139259338778
beta_3.5870_m0.08746_muoverpit_0.20_b3/,3.587,0.08746,0.10472,0.10472,0,3,0.195416,105.729602489049,168.287564016455,0.100076895845253,nan,nan,-0.042488021673223,0.002979618007851
beta_3.5870_m0.08746_muoverpit_0.22_b3/,3.587,0.08746,0.11519,0.11519,0,3,0.195416,116.300543456012,168.287564016455,0.100076895845253,nan,nan,-0.045888485062928,0.003100086496726
beta_3.5870_m0.08746_muoverpit_0.24_b3/,3.587,0.08746,0.12566,0.12566,0,3,0.195416,126.871484422975,168.287564016455,0.100076895845253,nan,nan,-0.044069467637624,0.002781628163364
beta_3.5870_m0.08746_muoverpit_0.275_b3/,3.587,0.08746,0.14399,0.14399,0,3,0.195416,145.378203422442,168.287564016455,0.100076895845253,nan,nan,-0.054247770803185,0.002425627320817
beta_3.6562_m0.06703_muoverpit_0.0_b10/,3.6562,0.06703,0,0,0,10,0.15963,0,206.014424668543,0.499923765532245,nan,nan,-0.007334804526598,0.002250764704304
beta_3.6562_m0.06703_muoverpit_0.1_b10/,3.6562,0.06703,0.05236,0.05236,0,10,0.15963,64.7160809371672,206.014424668543,0.499923765532245,nan,nan,-0.019187156651131,0.002006974518552
beta_3.6562_m0.06703_muoverpit_0.14_b10/,3.6562,0.06703,0.0733,0.0733,0,10,0.15963,90.5975693791894,206.014424668543,0.499923765532245,nan,nan,-0.02664718259888,0.002169228513596
beta_3.6562_m0.06703_muoverpit_0.17_b10/,3.6562,0.06703,0.08901,0.08901,0,10,0.15963,110.014865626762,206.014424668543,0.499923765532245,nan,nan,-0.026950314306711,0.002967053988796
beta_3.6562_m0.06703_muoverpit_0.20_b10/,3.6562,0.06703,0.10472,0.10472,0,10,0.15963,129.432161874334,206.014424668543,0.499923765532245,nan,nan,-0.030361214385826,0.001964665766818
beta_3.6562_m0.06703_muoverpit_0.22_b10/,3.6562,0.06703,0.11519,0.11519,0,10,0.15963,142.372906095345,206.014424668543,0.499923765532245,nan,nan,-0.027586884105972,0.002853803914781
beta_3.6562_m0.06703_muoverpit_0.24_b10/,3.6562,0.06703,0.12566,0.12566,0,10,0.15963,155.313650316357,206.014424668543,0.499923765532245,nan,nan,-0.035825678230094,0.002295778397624
beta_3.6562_m0.06703_muoverpit_0.275_b10/,3.6562,0.06703,0.14399,0.14399,0,10,0.15963,177.96922257721,206.014424668543,0.499923765532245,nan,nan,-0.040502190369483,0.002255868493505
beta_3.5651_m0.09571_muoverpit_0.0_b17/,3.5651,0.09571,0,0,0,17,0.20813,0,158.007411761109,0.499933642460985,nan,nan,-0.018688203328901,0.002301862580036
beta_3.5651_m0.09571_muoverpit_0.1_b17/,3.5651,0.09571,0.05236,0.05236,0,17,0.20813,49.635458607601,158.007411761109,0.499933642460985,nan,nan,-0.046675390512355,0.002335467780221
beta_3.5651_m0.09571_muoverpit_0.14_b17/,3.5651,0.09571,0.0733,0.0733,0,17,0.20813,69.4858501897852,158.007411761109,0.499933642460985,nan,nan,-0.059088870533059,0.001840108721363
beta_3.5651_m0.09571_muoverpit_0.17_b17/,3.5651,0.09571,0.08901,0.08901,0,17,0.20813,84.3783837024936,158.007411761109,0.499933642460985,nan,nan,-0.065125359942319,0.001625265993773
beta_3.5651_m0.09571_muoverpit_0.20_b17/,3.5651,0.09571,0.10472,0.10472,0,17,0.20813,99.270917215202,158.007411761109,0.499933642460985,nan,nan,-0.075017671014143,0.002330676180099
beta_3.5651_m0.09571_muoverpit_0.22_b17/,3.5651,0.09571,0.11519,0.11519,0,17,0.20813,109.196113006294,158.007411761109,0.499933642460985,nan,nan,-0.081459272113426,0.002503872120102
beta_3.5651_m0.09571_muoverpit_0.24_b17/,3.5651,0.09571,0.12566,0.12566,0,17,0.20813,119.121308797386,158.007411761109,0.499933642460985,nan,nan,-0.087221649751967,0.00255826675218
beta_3.5651_m0.09571_muoverpit_0.275_b17/,3.5651,0.09571,0.14399,0.14399,0,17,0.20813,136.497511170903,158.007411761109,0.499933642460985,nan,nan,-0.094753305803182,0.001934672278573
beta_3.5551_m0.09983_muoverpit_0.0_b18/,3.5551,0.09983,0,0,0,18,0.214139,0,153.573532190958,0.500050395109842,nan,nan,-0.021584343209408,0.002098235659769
beta_3.5551_m0.09983_muoverpit_0.1_b18/,3.5551,0.09983,0.05236,0.05236,0,18,0.214139,48.2426274522623,153.573532190958,0.500050395109842,nan,nan,-0.049579236391317,0.002832480865829
beta_3.5551_m0.09983_muoverpit_0.14_b18/,3.5551,0.09983,0.0733,0.0733,0,18,0.214139,67.5359929765246,153.573532190958,0.500050395109842,nan,nan,-0.058717696037289,0.001949173246661
beta_3.5551_m0.09983_muoverpit_0.17_b18/,3.5551,0.09983,0.08901,0.08901,0,18,0.214139,82.0106239405246,153.573532190958,0.500050395109842,nan,nan,-0.066042391465427,0.002440504760374
beta_3.5551_m0.09983_muoverpit_0.20_b18/,3.5551,0.09983,0.10472,0.10472,0,18,0.214139,96.4852549045246,153.573532190958,0.500050395109842,nan,nan,-0.073306512690159,0.002309516723387
beta_3.5551_m0.09983_muoverpit_0.22_b18/,3.5551,0.09983,0.11519,0.11519,0,18,0.214139,106.131937666656,153.573532190958,0.500050395109842,nan,nan,-0.086681136860773,0.002472475882466
beta_3.5551_m0.09983_muoverpit_0.24_b18/,3.5551,0.09983,0.12566,0.12566,0,18,0.214139,115.778620428787,153.573532190958,0.500050395109842,nan,nan,-0.081550560337899,0.002374241862086
beta_3.5551_m0.09983_muoverpit_0.275_b18/,3.5551,0.09983,0.14399,0.14399,0,18,0.214139,132.667225493721,153.573532190958,0.500050395109842,nan,nan,-0.095394755350364,0.001989315471631
beta_3.5364_m0.10805_muoverpit_0.0_b20/,3.5364,0.10805,0,0,0,20,0.225722,0,145.692854971334,0.500051836366282,nan,nan,-0.014046978371235,0.002224074913175
beta_3.5364_m0.10805_muoverpit_0.1_b20/,3.5364,0.10805,0.05236,0.05236,0,20,0.225722,45.7670408732866,145.692854971334,0.500051836366282,nan,nan,-0.036969540621868,0.00225462538984
beta_3.5364_m0.10805_muoverpit_0.14_b20/,3.5364,0.10805,0.0733,0.0733,0,20,0.225722,64.0703608864001,145.692854971334,0.500051836366282,nan,nan,-0.052522491111739,0.002642420858574
beta_3.5364_m0.10805_muoverpit_0.17_b20/,3.5364,0.10805,0.08901,0.08901,0,20,0.225722,77.8022213164867,145.692854971334,0.500051836366282,nan,nan,-0.060192224672371,0.00217368840149
beta_3.5364_m0.10805_muoverpit_0.20_b20/,3.5364,0.10805,0.10472,0.10472,0,20,0.225722,91.5340817465732,145.692854971334,0.500051836366282,nan,nan,-0.066226166954606,0.002825442709952
beta_3.5364_m0.10805_muoverpit_0.22_b20/,3.5364,0.10805,0.11519,0.11519,0,20,0.225722,100.68574175313,145.692854971334,0.500051836366282,nan,nan,-0.07315610292786,0.003172892668518
beta_3.5364_m0.10805_muoverpit_0.24_b20/,3.5364,0.10805,0.12566,0.12566,0,20,0.225722,109.837401759687,145.692854971334,0.500051836366282,nan,nan,-0.078259078524693,0.002224043637719
beta_3.5364_m0.10805_muoverpit_0.275_b20/,3.5364,0.10805,0.14399,0.14399,0,20,0.225722,125.859362401538,145.692854971334,0.500051836366282,nan,nan,-0.085045331212148,0.002026834692954
beta_3.5190_m0.11651_muoverpit_0.0_b22/,3.519,0.11651,0,0,0,22,0.236738,0,138.913408957749,0.50005703602779,nan,nan,-0.009971863444309,0.002231179342075
beta_3.5190_m0.11651_muoverpit_0.1_b22/,3.519,0.11651,0.05236,0.05236,0,22,0.236738,43.6373881675101,138.913408957749,0.50005703602779,nan,nan,-0.033410701928776,0.002424813789213
beta_3.5190_m0.11651_muoverpit_0.14_b22/,3.519,0.11651,0.0733,0.0733,0,22,0.236738,61.089009791415,138.913408957749,0.50005703602779,nan,nan,-0.038559250496865,0.001912975134276
beta_3.5190_m0.11651_muoverpit_0.17_b22/,3.519,0.11651,0.08901,0.08901,0,22,0.236738,74.1818930632176,138.913408957749,0.50005703602779,nan,nan,-0.048116906178432,0.002335273850842
beta_3.5190_m0.11651_muoverpit_0.20_b22/,3.519,0.11651,0.10472,0.10472,0,22,0.236738,87.2747763350202,138.913408957749,0.50005703602779,nan,nan,-0.058114693898389,0.002794160053573
beta_3.5190_m0.11651_muoverpit_0.22_b22/,3.519,0.11651,0.11519,0.11519,0,22,0.236738,96.0005871469726,138.913408957749,0.50005703602779,nan,nan,-0.06170310301471,0.002878235847691
beta_3.5190_m0.11651_muoverpit_0.24_b22/,3.519,0.11651,0.12566,0.12566,0,22,0.236738,104.726397958925,138.913408957749,0.50005703602779,nan,nan,-0.069293005014982,0.00183870832043
beta_3.5190_m0.11651_muoverpit_0.275_b22/,3.519,0.11651,0.14399,0.14399,0,22,0.236738,120.002817460653,138.913408957749,0.50005703602779,nan,nan,-0.080148485731502,0.002315452951586
beta_3.5275_m0.11224_muoverpit_0.0_b21/,3.5275,0.11224,0,0,0,21,0.231289,0,142.186107466587,0.50008306543854,nan,nan,-0.008092926242168,0.002686054808879
beta_3.5275_m0.11224_muoverpit_0.1_b21/,3.5275,0.11224,0.05236,0.05236,0,21,0.231289,44.6654531776263,142.186107466587,0.50008306543854,nan,nan,-0.035579368346052,0.00301111003726
beta_3.5275_m0.11224_muoverpit_0.14_b21/,3.5275,0.11224,0.0733,0.0733,0,21,0.231289,62.5282222673798,142.186107466587,0.50008306543854,nan,nan,-0.046819895815598,0.002438049322238
beta_3.5275_m0.11224_muoverpit_0.17_b21/,3.5275,0.11224,0.08901,0.08901,0,21,0.231289,75.9295643113162,142.186107466587,0.50008306543854,nan,nan,-0.055483645724718,0.001650341415523
beta_3.5275_m0.11224_muoverpit_0.20_b21/,3.5275,0.11224,0.10472,0.10472,0,21,0.231289,89.3309063552525,142.186107466587,0.50008306543854,nan,nan,-0.059256351214376,0.003017623608433
beta_3.5275_m0.11224_muoverpit_0.22_b21/,3.5275,0.11224,0.11519,0.11519,0,21,0.231289,98.2622909001293,142.186107466587,0.50008306543854,nan,nan,-0.061816642879946,0.002268606375933
beta_3.5275_m0.11224_muoverpit_0.24_b21/,3.5275,0.11224,0.12566,0.12566,0,21,0.231289,107.193675445006,142.186107466587,0.50008306543854,nan,nan,-0.075005528331998,0.002453920266098
beta_3.5275_m0.11224_muoverpit_0.275_b21/,3.5275,0.11224,0.14399,0.14399,0,21,0.231289,122.829996238472,142.186107466587,0.50008306543854,nan,nan,-0.083410156174731,0.002406728250514
beta_3.5107_m0.12067_muoverpit_0.0_b23/,3.5107,0.12067,0,0,0,23,0.24205,0,135.864832100143,0.500092650661281,nan,nan,-0.001317999202147,0.003109268289515
beta_3.5107_m0.12067_muoverpit_0.1_b23/,3.5107,0.12067,0.05236,0.05236,0,23,0.24205,42.6797273290642,135.864832100143,0.500092650661281,nan,nan,-0.033917806377928,0.002569334882586
beta_3.5107_m0.12067_muoverpit_0.14_b23/,3.5107,0.12067,0.0733,0.0733,0,23,0.24205,59.7483577773187,135.864832100143,0.500092650661281,nan,nan,-0.048056472136724,0.002819924734961
beta_3.5107_m0.12067_muoverpit_0.17_b23/,3.5107,0.12067,0.08901,0.08901,0,23,0.24205,72.5539062177236,135.864832100143,0.500092650661281,nan,nan,-0.056542949497489,0.001844568584109
beta_3.5107_m0.12067_muoverpit_0.20_b23/,3.5107,0.12067,0.10472,0.10472,0,23,0.24205,85.3594546581285,135.864832100143,0.500092650661281,nan,nan,-0.06500727148544,0.00222516142858
beta_3.5107_m0.12067_muoverpit_0.22_b23/,3.5107,0.12067,0.11519,0.11519,0,23,0.24205,93.8937698822557,135.864832100143,0.500092650661281,nan,nan,-0.070121148132867,0.002594901261981
beta_3.5107_m0.12067_muoverpit_0.24_b23/,3.5107,0.12067,0.12566,0.12566,0,23,0.24205,102.428085106383,135.864832100143,0.500092650661281,nan,nan,-0.076179670253982,0.002737186721827
beta_3.5107_m0.12067_muoverpit_0.275_b23/,3.5107,0.12067,0.14399,0.14399,0,23,0.24205,117.369250154927,135.864832100143,0.500092650661281,nan,nan,-0.094515160327132,0.002536878523758
beta_3.4949_m0.12889_muoverpit_0.0_b25/,3.4949,0.12889,0,0,0,25,0.252354,0,130.317263090102,0.500094908278626,nan,nan,0.000843883030249,0.001923050142996
beta_3.4949_m0.12889_muoverpit_0.1_b25/,3.4949,0.12889,0.05236,0.05236,0,25,0.252354,40.9370487489796,130.317263090102,0.500094908278626,nan,nan,-0.034338060436905,0.00210876608913
beta_3.4949_m0.12889_muoverpit_0.14_b25/,3.4949,0.12889,0.0733,0.0733,0,25,0.252354,57.3087408957259,130.317263090102,0.500094908278626,nan,nan,-0.049046405310317,0.002203555130153
beta_3.4949_m0.12889_muoverpit_0.17_b25/,3.4949,0.12889,0.08901,0.08901,0,25,0.252354,69.5914191968426,130.317263090102,0.500094908278626,nan,nan,-0.058841903576925,0.002380118196545
beta_3.4949_m0.12889_muoverpit_0.20_b25/,3.4949,0.12889,0.10472,0.10472,0,25,0.252354,81.8740974979592,130.317263090102,0.500094908278626,nan,nan,-0.061080864782977,0.002322634756534
beta_3.4949_m0.12889_muoverpit_0.22_b25/,3.4949,0.12889,0.11519,0.11519,0,25,0.252354,90.0599435713324,130.317263090102,0.500094908278626,nan,nan,-0.07052030059055,0.001863274145731
beta_3.4949_m0.12889_muoverpit_0.24_b25/,3.4949,0.12889,0.12566,0.12566,0,25,0.252354,98.2457896447055,130.317263090102,0.500094908278626,nan,nan,-0.078724869314428,0.002405855661672
beta_3.4949_m0.12889_muoverpit_0.275_b25/,3.4949,0.12889,0.14399,0.14399,0,25,0.252354,112.576884059694,130.317263090102,0.500094908278626,nan,nan,-0.086373484169127,0.00287015174479
beta_3.6248_m0.07529_muoverpit_0.0_b12/,3.6248,0.07529,0,0,0,12,0.174833,0,188.099973173483,0.50011195533672,nan,nan,-0.000950201912301,0.002967195183084
beta_3.6248_m0.07529_muoverpit_0.1_b12/,3.6248,0.07529,0.05236,0.05236,0,12,0.174833,59.0885473566203,188.099973173483,0.50011195533672,nan,nan,-0.017633792935809,0.002280168369291
beta_3.6248_m0.07529_muoverpit_0.14_b12/,3.6248,0.07529,0.0733,0.0733,0,12,0.174833,82.7194522773161,188.099973173483,0.50011195533672,nan,nan,-0.026830372213973,0.00173438538501
beta_3.6248_m0.07529_muoverpit_0.17_b12/,3.6248,0.07529,0.08901,0.08901,0,12,0.174833,100.448273495278,188.099973173483,0.50011195533672,nan,nan,-0.030509103777392,0.002443227298264
beta_3.6248_m0.07529_muoverpit_0.20_b12/,3.6248,0.07529,0.10472,0.10472,0,12,0.174833,118.177094713241,188.099973173483,0.50011195533672,nan,nan,-0.03042181747278,0.00291879618372
beta_3.6248_m0.07529_muoverpit_0.22_b12/,3.6248,0.07529,0.11519,0.11519,0,12,0.174833,129.992547173589,188.099973173483,0.50011195533672,nan,nan,-0.041988064992099,0.002135695008623
beta_3.6248_m0.07529_muoverpit_0.24_b12/,3.6248,0.07529,0.12566,0.12566,0,12,0.174833,141.807999633936,188.099973173483,0.50011195533672,nan,nan,-0.041992171628102,0.002234125170468
beta_3.6248_m0.07529_muoverpit_0.275_b12/,3.6248,0.07529,0.14399,0.14399,0,12,0.174833,162.493505230706,188.099973173483,0.50011195533672,nan,nan,-0.049824202061894,0.001960731759701
beta_3.5757_m0.09161_muoverpit_0.0_b16/,3.5757,0.09161,0,0,0,16,0.201876,0,162.90238864372,0.500130581142658,nan,nan,-0.015131647605636,0.002824499024016
beta_3.5757_m0.09161_muoverpit_0.1_b16/,3.5757,0.09161,0.05236,0.05236,0,16,0.201876,51.1731359844657,162.90238864372,0.500130581142658,nan,nan,-0.048122423334293,0.001956105650811
beta_3.5757_m0.09161_muoverpit_0.14_b16/,3.5757,0.09161,0.0733,0.0733,0,16,0.201876,71.6384810477719,162.90238864372,0.500130581142658,nan,nan,-0.058014688549328,0.00248568406964
beta_3.5757_m0.09161_muoverpit_0.17_b16/,3.5757,0.09161,0.08901,0.08901,0,16,0.201876,86.9923765083517,162.90238864372,0.500130581142658,nan,nan,-0.067732347623759,0.002392438661259
beta_3.5757_m0.09161_muoverpit_0.20_b16/,3.5757,0.09161,0.10472,0.10472,0,16,0.201876,102.346271968931,162.90238864372,0.500130581142658,nan,nan,-0.072563562374429,0.00245546958891
beta_3.5757_m0.09161_muoverpit_0.22_b16/,3.5757,0.09161,0.11519,0.11519,0,16,0.201876,112.578944500585,162.90238864372,0.500130581142658,nan,nan,-0.075825482248409,0.002233441061268
beta_3.5757_m0.09161_muoverpit_0.24_b16/,3.5757,0.09161,0.12566,0.12566,0,16,0.201876,122.811617032238,162.90238864372,0.500130581142658,nan,nan,-0.081352531654676,0.002433152890621
beta_3.5757_m0.09161_muoverpit_0.275_b16/,3.5757,0.09161,0.14399,0.14399,0,16,0.201876,140.726123957281,162.90238864372,0.500130581142658,nan,nan,-0.095764330009313,0.00234349276592
beta_3.5027_m0.12462_muoverpit_0.0_b24/,3.5027,0.12462,0,0,0,24,0.247235,0,133.015481666591,0.500177495848885,nan,nan,0.000860829852066,0.002511111338975
beta_3.5027_m0.12462_muoverpit_0.1_b24/,3.5027,0.12462,0.05236,0.05236,0,24,0.247235,41.7846502315611,133.015481666591,0.500177495848885,nan,nan,-0.030031746842678,0.002614992876232
beta_3.5027_m0.12462_muoverpit_0.14_b24/,3.5027,0.12462,0.0733,0.0733,0,24,0.247235,58.4953182195078,133.015481666591,0.500177495848885,nan,nan,-0.04250711292209,0.002172141444264
beta_3.5027_m0.12462_muoverpit_0.17_b24/,3.5027,0.12462,0.08901,0.08901,0,24,0.247235,71.032309341315,133.015481666591,0.500177495848885,nan,nan,-0.053268117458614,0.002598187183067
beta_3.5027_m0.12462_muoverpit_0.20_b24/,3.5027,0.12462,0.10472,0.10472,0,24,0.247235,83.5693004631222,133.015481666591,0.500177495848885,nan,nan,-0.063891498644813,0.002795058965443
beta_3.5027_m0.12462_muoverpit_0.22_b24/,3.5027,0.12462,0.11519,0.11519,0,24,0.247235,91.9246344570955,133.015481666591,0.500177495848885,nan,nan,-0.066820141937348,0.003092658975926
beta_3.5027_m0.12462_muoverpit_0.24_b24/,3.5027,0.12462,0.12566,0.12566,0,24,0.247235,100.279968451069,133.015481666591,0.500177495848885,nan,nan,-0.07028028805454,0.00325847958605
beta_3.5027_m0.12462_muoverpit_0.275_b24/,3.5027,0.12462,0.14399,0.14399,0,24,0.247235,114.907788136793,133.015481666591,0.500177495848885,nan,nan,-0.082833165078541,0.001879133651814
beta_3.5457_m0.10390_muoverpit_0.0_b19/,3.5457,0.1039,0,0,0,19,0.219966,0,149.505299045487,0.500236406998766,nan,nan,-0.020180670625165,0.002469420489434
beta_3.5457_m0.10390_muoverpit_0.1_b19/,3.5457,0.1039,0.05236,0.05236,0,19,0.219966,46.9646581744451,149.505299045487,0.500236406998766,nan,nan,-0.040325110425621,0.002647926207205
beta_3.5457_m0.10390_muoverpit_0.14_b19/,3.5457,0.1039,0.0733,0.0733,0,19,0.219966,65.7469336170136,149.505299045487,0.500236406998766,nan,nan,-0.055690481259544,0.002797166280532
beta_3.5457_m0.10390_muoverpit_0.17_b19/,3.5457,0.1039,0.08901,0.08901,0,19,0.219966,79.8381249829519,149.505299045487,0.500236406998766,nan,nan,-0.065166467764933,0.003025835226953
beta_3.5457_m0.10390_muoverpit_0.20_b19/,3.5457,0.1039,0.10472,0.10472,0,19,0.219966,93.9293163488903,149.505299045487,0.500236406998766,nan,nan,-0.07329589841797,0.003046898287053
beta_3.5457_m0.10390_muoverpit_0.22_b19/,3.5457,0.1039,0.11519,0.11519,0,19,0.219966,103.320454070175,149.505299045487,0.500236406998766,nan,nan,-0.076775875389518,0.002207974871988
beta_3.5457_m0.10390_muoverpit_0.24_b19/,3.5457,0.1039,0.12566,0.12566,0,19,0.219966,112.711591791459,149.505299045487,0.500236406998766,nan,nan,-0.082827803119648,0.002702730691586
beta_3.5457_m0.10390_muoverpit_0.275_b19/,3.5457,0.1039,0.14399,0.14399,0,19,0.219966,129.152809979724,149.505299045487,0.500236406998766,nan,nan,-0.092771532000515,0.00203870255641
beta_3.5870_m0.08746_muoverpit_0.0_b15/,3.587,0.08746,0,0,0,15,0.195416,0,168.287564016455,0.500384479226267,nan,nan,-0.0060880392919,0.002332912716524
beta_3.5870_m0.08746_muoverpit_0.1_b15/,3.587,0.08746,0.05236,0.05236,0,15,0.195416,52.8648012445245,168.287564016455,0.500384479226267,nan,nan,-0.037689392488761,0.00295817845421
beta_3.5870_m0.08746_muoverpit_0.14_b15/,3.587,0.08746,0.0733,0.0733,0,15,0.195416,74.0066831784501,168.287564016455,0.500384479226267,nan,nan,-0.048271320100956,0.003133813293125
beta_3.5870_m0.08746_muoverpit_0.17_b15/,3.587,0.08746,0.08901,0.08901,0,15,0.195416,89.8681428337496,168.287564016455,0.500384479226267,nan,nan,-0.056055609475876,0.002628414600282
beta_3.5870_m0.08746_muoverpit_0.20_b15/,3.587,0.08746,0.10472,0.10472,0,15,0.195416,105.729602489049,168.287564016455,0.500384479226267,nan,nan,-0.063380950624976,0.002554933764585
beta_3.5870_m0.08746_muoverpit_0.22_b15/,3.587,0.08746,0.11519,0.11519,0,15,0.195416,116.300543456012,168.287564016455,0.500384479226267,nan,nan,-0.06476758028558,0.002045053055862
beta_3.5870_m0.08746_muoverpit_0.24_b15/,3.587,0.08746,0.12566,0.12566,0,15,0.195416,126.871484422975,168.287564016455,0.500384479226267,nan,nan,-0.078268632390228,0.002750496963448
beta_3.5870_m0.08746_muoverpit_0.275_b15/,3.587,0.08746,0.14399,0.14399,0,15,0.195416,145.378203422442,168.287564016455,0.500384479226267,nan,nan,-0.081753279451032,0.003559020776049
beta_3.49486_m0.128891_muoverpit_0.0_b30/,3.49486,0.128891,0,0,0,30,0.25238,0,130.303837902526,0.599990249729616,nan,nan,-0.016842503557455,0.002233118659042
beta_3.49486_m0.128891_muoverpit_0.1_b30/,3.49486,0.128891,0.05236,0.05236,0,30,0.25238,40.932831444647,130.303837902526,0.599990249729616,nan,nan,-0.053110047243288,0.002470403452393
beta_3.49486_m0.128891_muoverpit_0.14_b30/,3.49486,0.128891,0.0733,0.0733,0,30,0.25238,57.3028369918377,130.303837902526,0.599990249729616,nan,nan,-0.066545948276409,0.002552242949181
beta_3.49486_m0.128891_muoverpit_0.17_b30/,3.49486,0.128891,0.08901,0.08901,0,30,0.25238,69.5842499405658,130.303837902526,0.599990249729616,nan,nan,-0.070479432194908,0.002336842737895
beta_3.49486_m0.128891_muoverpit_0.20_b30/,3.49486,0.128891,0.10472,0.10472,0,30,0.25238,81.8656628892939,130.303837902526,0.599990249729616,nan,nan,-0.087573064989409,0.002467152872164
beta_3.49486_m0.128891_muoverpit_0.22_b30/,3.49486,0.128891,0.11519,0.11519,0,30,0.25238,90.0506656628893,130.303837902526,0.599990249729616,nan,nan,-0.099040116423622,0.001461633045474
beta_3.49486_m0.128891_muoverpit_0.24_b30/,3.49486,0.128891,0.12566,0.12566,0,30,0.25238,98.2356684364847,130.303837902526,0.599990249729616,nan,nan,-0.105534763864924,0.001796013589362
beta_3.49486_m0.128891_muoverpit_0.275_b30/,3.49486,0.128891,0.14399,0.14399,0,30,0.25238,112.565286472779,130.303837902526,0.599990249729616,nan,nan,-0.115172216708301,0.003354418992379
beta_3.53638_m0.108054_muoverpit_0.0_b24/,3.53638,0.108054,0,0,0,24,0.225734,0,145.685109951711,0.599998406825162,nan,nan,0.001028303231172,0.001593103573966
beta_3.53638_m0.108054_muoverpit_0.1_b24/,3.53638,0.108054,0.05236,0.05236,0,24,0.225734,45.7646079013352,145.685109951711,0.599998406825162,nan,nan,-0.027467366563309,0.002054419225895
beta_3.53638_m0.108054_muoverpit_0.14_b24/,3.53638,0.108054,0.0733,0.0733,0,24,0.225734,64.0669549115331,145.685109951711,0.599998406825162,nan,nan,-0.037671271493345,0.0017324124916
beta_3.53638_m0.108054_muoverpit_0.17_b24/,3.53638,0.108054,0.08901,0.08901,0,24,0.225734,77.7980853571017,145.685109951711,0.599998406825162,nan,nan,-0.048948569566318,0.002128687939133
beta_3.53638_m0.108054_muoverpit_0.20_b24/,3.53638,0.108054,0.10472,0.10472,0,24,0.225734,91.5292158026704,145.685109951711,0.599998406825162,nan,nan,-0.061797672139425,0.002742833851634
beta_3.53638_m0.108054_muoverpit_0.22_b24/,3.53638,0.108054,0.11519,0.11519,0,24,0.225734,100.680389307769,145.685109951711,0.599998406825162,nan,nan,-0.067442750924531,0.001983161711432
beta_3.53638_m0.108054_muoverpit_0.24_b24/,3.53638,0.108054,0.12566,0.12566,0,24,0.225734,109.831562812868,145.685109951711,0.599998406825162,nan,nan,-0.069857691426318,0.001953964469093
beta_3.53638_m0.108054_muoverpit_0.275_b24/,3.53638,0.108054,0.14399,0.14399,0,24,0.225734,125.852671728672,145.685109951711,0.599998406825162,nan,nan,-0.081522683398722,0.002632221994055
beta_3.52179_m0.115094_muoverpit_0.0_b26/,3.52179,0.115094,0,0,0,26,0.234949,0,139.971153781627,0.600010646252111,nan,nan,-0.007720841478017,0.002520762451088
beta_3.52179_m0.115094_muoverpit_0.1_b26/,3.52179,0.115094,0.05236,0.05236,0,26,0.234949,43.9696615010066,139.971153781627,0.600010646252111,nan,nan,-0.040669117740014,0.002997691698644
beta_3.52179_m0.115094_muoverpit_0.14_b26/,3.52179,0.115094,0.0733,0.0733,0,26,0.234949,61.5541670745566,139.971153781627,0.600010646252111,nan,nan,-0.050781219755533,0.00304169037475
beta_3.52179_m0.115094_muoverpit_0.17_b26/,3.52179,0.115094,0.08901,0.08901,0,26,0.234949,74.7467450382849,139.971153781627,0.600010646252111,nan,nan,-0.06113477153577,0.002227664139159
beta_3.52179_m0.115094_muoverpit_0.20_b26/,3.52179,0.115094,0.10472,0.10472,0,26,0.234949,87.9393230020132,139.971153781627,0.600010646252111,nan,nan,-0.069697173421569,0.001646960951112
beta_3.52179_m0.115094_muoverpit_0.22_b26/,3.52179,0.115094,0.11519,0.11519,0,26,0.234949,96.7315757887882,139.971153781627,0.600010646252111,nan,nan,-0.081865763009987,0.00231334685731
beta_3.52179_m0.115094_muoverpit_0.24_b26/,3.52179,0.115094,0.12566,0.12566,0,26,0.234949,105.523828575563,139.971153781627,0.600010646252111,nan,nan,-0.086168058436606,0.003157653596834
beta_3.52179_m0.115094_muoverpit_0.275_b26/,3.52179,0.115094,0.14399,0.14399,0,26,0.234949,120.916569127768,139.971153781627,0.600010646252111,nan,nan,-0.102259556579962,0.003086112344816
beta_3.50796_m0.12199_muoverpit_0.0_b28/,3.50796,0.12199,0,0,0,28,0.243818,0,134.879634029643,0.600011138334339,nan,nan,-0.005596745334239,0.002465275767491
beta_3.50796_m0.12199_muoverpit_0.1_b28/,3.50796,0.12199,0.05236,0.05236,0,28,0.243818,42.3702433782576,134.879634029643,0.600011138334339,nan,nan,-0.051107255473215,0.002403037105351
beta_3.50796_m0.12199_muoverpit_0.14_b28/,3.50796,0.12199,0.0733,0.0733,0,28,0.243818,59.3151038889664,134.879634029643,0.600011138334339,nan,nan,-0.066147979225283,0.00238258649124
beta_3.50796_m0.12199_muoverpit_0.17_b28/,3.50796,0.12199,0.08901,0.08901,0,28,0.243818,72.0277953227407,134.879634029643,0.600011138334339,nan,nan,-0.073984481245184,0.002386495077855
beta_3.50796_m0.12199_muoverpit_0.20_b28/,3.50796,0.12199,0.10472,0.10472,0,28,0.243818,84.7404867565151,134.879634029643,0.600011138334339,nan,nan,-0.082425996501226,0.003069612440663
beta_3.50796_m0.12199_muoverpit_0.22_b28/,3.50796,0.12199,0.11519,0.11519,0,28,0.243818,93.2129170118695,134.879634029643,0.600011138334339,nan,nan,-0.095012120750105,0.00237968388609
beta_3.50796_m0.12199_muoverpit_0.24_b28/,3.50796,0.12199,0.12566,0.12566,0,28,0.243818,101.685347267224,134.879634029643,0.600011138334339,nan,nan,-0.105236460226618,0.002315141906746
beta_3.50796_m0.12199_muoverpit_0.275_b28/,3.50796,0.12199,0.14399,0.14399,0,28,0.243818,116.518169290208,134.879634029643,0.600011138334339,nan,nan,-0.109369564511897,0.002300351519386
beta_3.55189_m0.101188_muoverpit_0.0_b22/,3.55189,0.101188,0,0,0,22,0.216121,0,152.165141794826,0.600014235477635,nan,nan,-0.005481956583685,0.003150874050718
beta_3.55189_m0.101188_muoverpit_0.1_b22/,3.55189,0.101188,0.05236,0.05236,0,22,0.216121,47.8002045150633,152.165141794826,0.600014235477635,nan,nan,-0.034969922428068,0.002330293851703
beta_3.55189_m0.101188_muoverpit_0.14_b22/,3.55189,0.101188,0.0733,0.0733,0,22,0.216121,66.9166346629897,152.165141794826,0.600014235477635,nan,nan,-0.041709407444957,0.002370454974446
beta_3.55189_m0.101188_muoverpit_0.17_b22/,3.55189,0.101188,0.08901,0.08901,0,22,0.216121,81.2585218465582,152.165141794826,0.600014235477635,nan,nan,-0.053829020576468,0.002450816442918
beta_3.55189_m0.101188_muoverpit_0.20_b22/,3.55189,0.101188,0.10472,0.10472,0,22,0.216121,95.6004090301267,152.165141794826,0.600014235477635,nan,nan,-0.056465019577243,0.002265700456781
beta_3.55189_m0.101188_muoverpit_0.22_b22/,3.55189,0.101188,0.11519,0.11519,0,22,0.216121,105.15862410409,152.165141794826,0.600014235477635,nan,nan,-0.062160133652549,0.002374781531525
beta_3.55189_m0.101188_muoverpit_0.24_b22/,3.55189,0.101188,0.12566,0.12566,0,22,0.216121,114.716839178053,152.165141794826,0.600014235477635,nan,nan,-0.067283291268764,0.001722775943462
beta_3.55189_m0.101188_muoverpit_0.275_b22/,3.55189,0.101188,0.14399,0.14399,0,22,0.216121,131.450562416424,152.165141794826,0.600014235477635,nan,nan,-0.075846898411647,0.003436075586583
beta_3.56855_m0.0943503_muoverpit_0.0_b20/,3.56855,0.0943503,0,0,0,20,0.206063,0,159.592370342272,0.600015914133507,nan,nan,-0.019861659444445,0.002309428609336
beta_3.56855_m0.0943503_muoverpit_0.1_b20/,3.56855,0.0943503,0.05236,0.05236,0,20,0.206063,50.1333475684621,159.592370342272,0.600015914133507,nan,nan,-0.040292158029871,0.002386558093902
beta_3.56855_m0.0943503_muoverpit_0.14_b20/,3.56855,0.0943503,0.0733,0.0733,0,20,0.206063,70.1828566991648,159.592370342272,0.600015914133507,nan,nan,-0.04985854354985,0.002971701578524
beta_3.56855_m0.0943503_muoverpit_0.17_b20/,3.56855,0.0943503,0.08901,0.08901,0,20,0.206063,85.2247759180445,159.592370342272,0.600015914133507,nan,nan,-0.057709830053293,0.001935575193389
beta_3.56855_m0.0943503_muoverpit_0.20_b20/,3.56855,0.0943503,0.10472,0.10472,0,20,0.206063,100.266695136924,159.592370342272,0.600015914133507,nan,nan,-0.063593759109135,0.001930448253747
beta_3.56855_m0.0943503_muoverpit_0.22_b20/,3.56855,0.0943503,0.11519,0.11519,0,20,0.206063,110.291449702276,159.592370342272,0.600015914133507,nan,nan,-0.075243979342758,0.002536664227969
beta_3.56855_m0.0943503_muoverpit_0.24_b20/,3.56855,0.0943503,0.12566,0.12566,0,20,0.206063,120.316204267627,159.592370342272,0.600015914133507,nan,nan,-0.074044728827341,0.001682027190979
beta_3.56855_m0.0943503_muoverpit_0.275_b20/,3.56855,0.0943503,0.14399,0.14399,0,20,0.206063,137.866705813271,159.592370342272,0.600015914133507,nan,nan,-0.087173251032402,0.002705211483647
beta_3.48242_m0.136957_muoverpit_0.0_b32/,3.48242,0.136957,0,0,0,32,0.260651,0,126.16902528607,0.600017611138073,nan,nan,-0.012806419949162,0.002971713280898
beta_3.48242_m0.136957_muoverpit_0.1_b32/,3.48242,0.136957,0.05236,0.05236,0,32,0.260651,39.6339473088536,126.16902528607,0.600017611138073,nan,nan,-0.047755821238306,0.001902642765545
beta_3.48242_m0.136957_muoverpit_0.14_b32/,3.48242,0.136957,0.0733,0.0733,0,32,0.260651,55.4844984289337,126.16902528607,0.600017611138073,nan,nan,-0.057315600619113,0.002364110731412
beta_3.48242_m0.136957_muoverpit_0.17_b32/,3.48242,0.136957,0.08901,0.08901,0,32,0.260651,67.3761965233205,126.16902528607,0.600017611138073,nan,nan,-0.072321036152193,0.002857122476999
beta_3.48242_m0.136957_muoverpit_0.20_b32/,3.48242,0.136957,0.10472,0.10472,0,32,0.260651,79.2678946177072,126.16902528607,0.600017611138073,nan,nan,-0.081570821134923,0.001927032514574
beta_3.48242_m0.136957_muoverpit_0.22_b32/,3.48242,0.136957,0.11519,0.11519,0,32,0.260651,87.1931701777473,126.16902528607,0.600017611138073,nan,nan,-0.079581277129015,0.002844347409138
beta_3.48242_m0.136957_muoverpit_0.24_b32/,3.48242,0.136957,0.12566,0.12566,0,32,0.260651,95.1184457377874,126.16902528607,0.600017611138073,nan,nan,-0.091164223499563,0.002554830881628
beta_3.48242_m0.136957_muoverpit_0.275_b32/,3.48242,0.136957,0.14399,0.14399,0,32,0.260651,108.993355099347,126.16902528607,0.600017611138073,nan,nan,-0.101641524636112,0.002686665036088
beta_3.58696_m0.0874556_muoverpit_0.0_b18/,3.58696,0.0874556,0,0,0,18,0.195439,0,168.267759300035,0.600320054260585,nan,nan,-0.02161782152524,0.002563034362956
beta_3.58696_m0.0874556_muoverpit_0.1_b18/,3.58696,0.0874556,0.05236,0.05236,0,18,0.195439,52.8585799149607,168.267759300035,0.600320054260585,nan,nan,-0.048068839307606,0.002713224127958
beta_3.58696_m0.0874556_muoverpit_0.14_b18/,3.58696,0.0874556,0.0733,0.0733,0,18,0.195439,73.9979737923342,168.267759300035,0.600320054260585,nan,nan,-0.05744359099538,0.00335918899703
beta_3.58696_m0.0874556_muoverpit_0.17_b18/,3.58696,0.0874556,0.08901,0.08901,0,18,0.195439,89.8575668111278,168.267759300035,0.600320054260585,nan,nan,-0.073923884540757,0.002679831806467
beta_3.58696_m0.0874556_muoverpit_0.20_b18/,3.58696,0.0874556,0.10472,0.10472,0,18,0.195439,105.717159829921,168.267759300035,0.600320054260585,nan,nan,-0.074965589803996,0.00283470122897
beta_3.58696_m0.0874556_muoverpit_0.22_b18/,3.58696,0.0874556,0.11519,0.11519,0,18,0.195439,116.286856768608,168.267759300035,0.600320054260585,nan,nan,-0.077777700846121,0.002364116420457
beta_3.58696_m0.0874556_muoverpit_0.24_b18/,3.58696,0.0874556,0.12566,0.12566,0,18,0.195439,126.856553707295,168.267759300035,0.600320054260585,nan,nan,-0.089516853391081,0.002007299104867
beta_3.58696_m0.0874556_muoverpit_0.275_b18/,3.58696,0.0874556,0.14399,0.14399,0,18,0.195439,145.361094766142,168.267759300035,0.600320054260585,nan,nan,-0.092974319123037,0.002355733212744
beta_3.51479_m0.118604_muoverpit_0.0_b36/,3.51479,0.118604,0,0,0,36,0.239428,0,137.352701479524,0.799991615652719,nan,nan,0.001966149008993,0.002919904323023
beta_3.51479_m0.118604_muoverpit_0.1_b36/,3.51479,0.118604,0.05236,0.05236,0,36,0.239428,43.1471172962227,137.352701479524,0.799991615652719,nan,nan,-0.036618084825321,0.002934025904886
beta_3.51479_m0.118604_muoverpit_0.14_b36/,3.51479,0.118604,0.0733,0.0733,0,36,0.239428,60.4026680254607,137.352701479524,0.799991615652719,nan,nan,-0.046473556801368,0.00213406976558
beta_3.51479_m0.118604_muoverpit_0.17_b36/,3.51479,0.118604,0.08901,0.08901,0,36,0.239428,73.348451308953,137.352701479524,0.799991615652719,nan,nan,-0.060922212233391,0.002808307053711
beta_3.51479_m0.118604_muoverpit_0.20_b36/,3.51479,0.118604,0.10472,0.10472,0,36,0.239428,86.2942345924453,137.352701479524,0.799991615652719,nan,nan,-0.068057462043693,0.001893782092569
beta_3.51479_m0.118604_muoverpit_0.22_b36/,3.51479,0.118604,0.11519,0.11519,0,36,0.239428,94.9220099570644,137.352701479524,0.799991615652719,nan,nan,-0.070851954963995,0.002180957604669
beta_3.51479_m0.118604_muoverpit_0.24_b36/,3.51479,0.118604,0.12566,0.12566,0,36,0.239428,103.549785321683,137.352701479524,0.799991615652719,nan,nan,-0.070229427905792,0.002369301268075
beta_3.51479_m0.118604_muoverpit_0.275_b36/,3.51479,0.118604,0.14399,0.14399,0,36,0.239428,118.654572564612,137.352701479524,0.799991615652719,nan,nan,-0.092021502611474,0.003206549459771
beta_3.49969_m0.126166_muoverpit_0.0_b39/,3.49969,0.126166,0,0,0,39,0.249203,0,131.965034970845,0.800001653725181,nan,nan,-0.001084371929098,0.002552784295008
beta_3.49969_m0.126166_muoverpit_0.1_b39/,3.49969,0.126166,0.05236,0.05236,0,39,0.249203,41.4546694863224,131.965034970845,0.800001653725181,nan,nan,-0.038347858374104,0.001700869470827
beta_3.49969_m0.126166_muoverpit_0.14_b39/,3.49969,0.126166,0.0733,0.0733,0,39,0.249203,58.0333703847867,131.965034970845,0.800001653725181,nan,nan,-0.052399123231771,0.00247977905784
beta_3.49969_m0.126166_muoverpit_0.17_b39/,3.49969,0.126166,0.08901,0.08901,0,39,0.249203,70.4713546787158,131.965034970845,0.800001653725181,nan,nan,-0.064817564536592,0.003229091107536
beta_3.49969_m0.126166_muoverpit_0.20_b39/,3.49969,0.126166,0.10472,0.10472,0,39,0.249203,82.9093389726448,131.965034970845,0.800001653725181,nan,nan,-0.076336970781051,0.002559718160231
beta_3.49969_m0.126166_muoverpit_0.22_b39/,3.49969,0.126166,0.11519,0.11519,0,39,0.249203,91.198689421877,131.965034970845,0.800001653725181,nan,nan,-0.087970092036427,0.002680855863238
beta_3.49969_m0.126166_muoverpit_0.24_b39/,3.49969,0.126166,0.12566,0.12566,0,39,0.249203,99.4880398711091,131.965034970845,0.800001653725181,nan,nan,-0.0892064455362,0.001470156575703
beta_3.49969_m0.126166_muoverpit_0.275_b39/,3.49969,0.126166,0.14399,0.14399,0,39,0.249203,114.000341087387,131.965034970845,0.800001653725181,nan,nan,-0.104065133714826,0.003264304222642
beta_3.5664_m0.0952001_muoverpit_0.0_b27/,3.5664,0.0952001,0,0,0,27,0.207349,0,158.60256191175,0.800004967953512,nan,nan,-0.008079132104456,0.002624279171661
beta_3.5664_m0.0952001_muoverpit_0.1_b27/,3.5664,0.0952001,0.05236,0.05236,0,27,0.207349,49.8224153480364,158.60256191175,0.800004967953512,nan,nan,-0.04435735751578,0.001951257947214
beta_3.5664_m0.0952001_muoverpit_0.14_b27/,3.5664,0.0952001,0.0733,0.0733,0,27,0.207349,69.7475753439853,158.60256191175,0.800004967953512,nan,nan,-0.05138938371718,0.00250179303262
beta_3.5664_m0.0952001_muoverpit_0.17_b27/,3.5664,0.0952001,0.08901,0.08901,0,27,0.207349,84.6962030200291,158.60256191175,0.800004967953512,nan,nan,-0.068498459634684,0.00259128640581
beta_3.5664_m0.0952001_muoverpit_0.20_b27/,3.5664,0.0952001,0.10472,0.10472,0,27,0.207349,99.6448306960728,158.60256191175,0.800004967953512,nan,nan,-0.07730285814306,0.001912792410341
beta_3.5664_m0.0952001_muoverpit_0.22_b27/,3.5664,0.0952001,0.11519,0.11519,0,27,0.207349,109.607410694047,158.60256191175,0.800004967953512,nan,nan,-0.090512123611832,0.002992041059682
beta_3.5664_m0.0952001_muoverpit_0.24_b27/,3.5664,0.0952001,0.12566,0.12566,0,27,0.207349,119.569990692022,158.60256191175,0.800004967953512,nan,nan,-0.091447592333707,0.002542029907307
beta_3.5664_m0.0952001_muoverpit_0.275_b27/,3.5664,0.0952001,0.14399,0.14399,0,27,0.207349,137.0116422071,158.60256191175,0.800004967953512,nan,nan,-0.106125869710654,0.002395568852569
beta_3.48548_m0.134929_muoverpit_0.0_b42/,3.48548,0.134929,0,0,0,42,0.258608,0,127.165759024622,0.800015109503785,nan,nan,-0.014177139538408,0.00239056405293
beta_3.48548_m0.134929_muoverpit_0.1_b42/,3.48548,0.134929,0.05236,0.05236,0,42,0.258608,39.9470550021654,127.165759024622,0.800015109503785,nan,nan,-0.0454222898311,0.002001285237749
beta_3.48548_m0.134929_muoverpit_0.14_b42/,3.48548,0.134929,0.0733,0.0733,0,42,0.258608,55.9228252799604,127.165759024622,0.800015109503785,nan,nan,-0.062686784824774,0.002564131823218
beta_3.48548_m0.134929_muoverpit_0.17_b42/,3.48548,0.134929,0.08901,0.08901,0,42,0.258608,67.9084676421457,127.165759024622,0.800015109503785,nan,nan,-0.069907155046326,0.002632246229595
beta_3.48548_m0.134929_muoverpit_0.20_b42/,3.48548,0.134929,0.10472,0.10472,0,42,0.258608,79.8941100043309,127.165759024622,0.800015109503785,nan,nan,-0.079710350758848,0.003149293449314
beta_3.48548_m0.134929_muoverpit_0.22_b42/,3.48548,0.134929,0.11519,0.11519,0,42,0.258608,87.8819951432284,127.165759024622,0.800015109503785,nan,nan,-0.086051434717019,0.003221422660768
beta_3.48548_m0.134929_muoverpit_0.24_b42/,3.48548,0.134929,0.12566,0.12566,0,42,0.258608,95.8698802821259,127.165759024622,0.800015109503785,nan,nan,-0.094035799449031,0.002988823946663
beta_3.48548_m0.134929_muoverpit_0.275_b42/,3.48548,0.134929,0.14399,0.14399,0,42,0.258608,109.854401255955,127.165759024622,0.800015109503785,nan,nan,-0.108102201970129,0.00289811956095
beta_3.53075_m0.110648_muoverpit_0.0_b33/,3.53075,0.110648,0,0,0,33,0.229231,0,143.462632060409,0.800018540792257,nan,nan,-0.008568731227905,0.002784375719487
beta_3.53075_m0.110648_muoverpit_0.1_b33/,3.53075,0.110648,0.05236,0.05236,0,33,0.229231,45.0664526176652,143.462632060409,0.800018540792257,nan,nan,-0.03986390475265,0.002738431453357
beta_3.53075_m0.110648_muoverpit_0.14_b33/,3.53075,0.110648,0.0733,0.0733,0,33,0.229231,63.0895908494052,143.462632060409,0.800018540792257,nan,nan,-0.055764261119699,0.002867110745937
beta_3.53075_m0.110648_muoverpit_0.17_b33/,3.53075,0.110648,0.08901,0.08901,0,33,0.229231,76.6112480423678,143.462632060409,0.800018540792257,nan,nan,-0.062423473080587,0.002382294110342
beta_3.53075_m0.110648_muoverpit_0.20_b33/,3.53075,0.110648,0.10472,0.10472,0,33,0.229231,90.1329052353303,143.462632060409,0.800018540792257,nan,nan,-0.074127871191132,0.002539315190115
beta_3.53075_m0.110648_muoverpit_0.22_b33/,3.53075,0.110648,0.11519,0.11519,0,33,0.229231,99.1444743512004,143.462632060409,0.800018540792257,nan,nan,-0.076027557958886,0.002675519031361
beta_3.53075_m0.110648_muoverpit_0.24_b33/,3.53075,0.110648,0.12566,0.12566,0,33,0.229231,108.15604346707,143.462632060409,0.800018540792257,nan,nan,-0.08323507303217,0.002432253390801
beta_3.53075_m0.110648_muoverpit_0.275_b33/,3.53075,0.110648,0.14399,0.14399,0,33,0.229231,123.932744698579,143.462632060409,0.800018540792257,nan,nan,-0.09349599910911,0.002868836177477
beta_3.60952_m0.0798821_muoverpit_0.0_b21/,3.60952,0.0798821,0,0,0,21,0.182863,0,179.840003772439,0.800019226059515,nan,nan,-0.004060638431529,0.001921890208485
beta_3.60952_m0.0798821_muoverpit_0.1_b21/,3.60952,0.0798821,0.05236,0.05236,0,21,0.182863,56.4938123075745,179.840003772439,0.800019226059515,nan,nan,-0.032733617164143,0.002727972854107
beta_3.60952_m0.0798821_muoverpit_0.14_b21/,3.60952,0.0798821,0.0733,0.0733,0,21,0.182863,79.0870214313448,179.840003772439,0.800019226059515,nan,nan,-0.051424033648067,0.002282465071684
beta_3.60952_m0.0798821_muoverpit_0.17_b21/,3.60952,0.0798821,0.08901,0.08901,0,21,0.182863,96.0373230232469,179.840003772439,0.800019226059515,nan,nan,-0.053514498476249,0.002568945618622
beta_3.60952_m0.0798821_muoverpit_0.20_b21/,3.60952,0.0798821,0.10472,0.10472,0,21,0.182863,112.987624615149,179.840003772439,0.800019226059515,nan,nan,-0.058723650975872,0.002283615589869
beta_3.60952_m0.0798821_muoverpit_0.22_b21/,3.60952,0.0798821,0.11519,0.11519,0,21,0.182863,124.284229177034,179.840003772439,0.800019226059515,nan,nan,-0.064047646404094,0.00232798005071
beta_3.60952_m0.0798821_muoverpit_0.24_b21/,3.60952,0.0798821,0.12566,0.12566,0,21,0.182863,135.580833738919,179.840003772439,0.800019226059515,nan,nan,-0.073172712399554,0.002161509567044
beta_3.60952_m0.0798821_muoverpit_0.275_b21/,3.60952,0.0798821,0.14399,0.14399,0,21,0.182863,155.35798384583,179.840003772439,0.800019226059515,nan,nan,-0.083173059665647,0.002509991508942
beta_3.47193_m0.143979_muoverpit_0.0_b45/,3.47193,0.143979,0,0,0,45,0.267683,0,122.854580267852,0.800025338279772,nan,nan,-0.009358187918628,0.003078127667254
beta_3.47193_m0.143979_muoverpit_0.1_b45/,3.47193,0.143979,0.05236,0.05236,0,45,0.267683,38.5927683117718,122.854580267852,0.800025338279772,nan,nan,-0.03756566655182,0.002477885482624
beta_3.47193_m0.143979_muoverpit_0.14_b45/,3.47193,0.143979,0.0733,0.0733,0,45,0.267683,54.0269273730495,122.854580267852,0.800025338279772,nan,nan,-0.054209249556035,0.00228910601156
beta_3.47193_m0.143979_muoverpit_0.17_b45/,3.47193,0.143979,0.08901,0.08901,0,45,0.267683,65.6062319982965,122.854580267852,0.800025338279772,nan,nan,-0.057019877693587,0.002281787907234
beta_3.47193_m0.143979_muoverpit_0.20_b45/,3.47193,0.143979,0.10472,0.10472,0,45,0.267683,77.1855366235435,122.854580267852,0.800025338279772,nan,nan,-0.063889828418775,0.002258578644706
beta_3.47193_m0.143979_muoverpit_0.22_b45/,3.47193,0.143979,0.11519,0.11519,0,45,0.267683,84.9026161541824,122.854580267852,0.800025338279772,nan,nan,-0.068384907741434,0.002378882031495
beta_3.47193_m0.143979_muoverpit_0.24_b45/,3.47193,0.143979,0.12566,0.12566,0,45,0.267683,92.6196956848212,122.854580267852,0.800025338279772,nan,nan,-0.076946480400981,0.001529229770308
beta_3.47193_m0.143979_muoverpit_0.275_b45/,3.47193,0.143979,0.14399,0.14399,0,45,0.267683,106.130112857372,122.854580267852,0.800025338279772,nan,nan,-0.086488556037413,0.002024852424637
beta_3.54798_m0.102877_muoverpit_0.0_b30/,3.54798,0.102877,0,0,0,30,0.218552,0,150.472576823088,0.80010041304698,nan,nan,-0.019412878643036,0.001988383777355
beta_3.54798_m0.102877_muoverpit_0.1_b30/,3.54798,0.102877,0.05236,0.05236,0,30,0.218552,47.2685127566895,150.472576823088,0.80010041304698,nan,nan,-0.051145259838462,0.00288329143009
beta_3.54798_m0.102877_muoverpit_0.14_b30/,3.54798,0.102877,0.0733,0.0733,0,30,0.218552,66.1723068194297,150.472576823088,0.80010041304698,nan,nan,-0.065222625890831,0.002406030756825
beta_3.54798_m0.102877_muoverpit_0.17_b30/,3.54798,0.102877,0.08901,0.08901,0,30,0.218552,80.3546661664043,150.472576823088,0.80010041304698,nan,nan,-0.078695030873807,0.002312652771803
beta_3.54798_m0.102877_muoverpit_0.20_b30/,3.54798,0.102877,0.10472,0.10472,0,30,0.218552,94.537025513379,150.472576823088,0.80010041304698,nan,nan,-0.085596246997803,0.00248518731286
beta_3.54798_m0.102877_muoverpit_0.22_b30/,3.54798,0.102877,0.11519,0.11519,0,30,0.218552,103.988922544749,150.472576823088,0.80010041304698,nan,nan,-0.095672537243916,0.001789101786416
beta_3.54798_m0.102877_muoverpit_0.24_b30/,3.54798,0.102877,0.12566,0.12566,0,30,0.218552,113.440819576119,150.472576823088,0.80010041304698,nan,nan,-0.105797830183414,0.002534987885996
beta_3.54798_m0.102877_muoverpit_0.275_b30/,3.54798,0.102877,0.14399,0.14399,0,30,0.218552,129.988410080896,150.472576823088,0.80010041304698,nan,nan,-0.114381697482014,0.002691336629854
beta_3.58696_m0.0874556_muoverpit_0.0_b24/,3.58696,0.0874556,0,0,0,24,0.195439,0,168.267759300035,0.800426739014114,nan,nan,0.003630004666413,0.002108502402242
beta_3.58696_m0.0874556_muoverpit_0.1_b24/,3.58696,0.0874556,0.05236,0.05236,0,24,0.195439,52.8585799149607,168.267759300035,0.800426739014114,nan,nan,-0.029673316727695,0.002552167319453
beta_3.58696_m0.0874556_muoverpit_0.14_b24/,3.58696,0.0874556,0.0733,0.0733,0,24,0.195439,73.9979737923342,168.267759300035,0.800426739014114,nan,nan,-0.038183126190887,0.002858368258973
beta_3.58696_m0.0874556_muoverpit_0.17_b24/,3.58696,0.0874556,0.08901,0.08901,0,24,0.195439,89.8575668111278,168.267759300035,0.800426739014114,nan,nan,-0.047253716088406,0.003244080378429
beta_3.58696_m0.0874556_muoverpit_0.20_b24/,3.58696,0.0874556,0.10472,0.10472,0,24,0.195439,105.717159829921,168.267759300035,0.800426739014114,nan,nan,-0.053796767059203,0.00252414501457
beta_3.58696_m0.0874556_muoverpit_0.22_b24/,3.58696,0.0874556,0.11519,0.11519,0,24,0.195439,116.286856768608,168.267759300035,0.800426739014114,nan,nan,-0.068496806042604,0.002888395970317
beta_3.58696_m0.0874556_muoverpit_0.24_b24/,3.58696,0.0874556,0.12566,0.12566,0,24,0.195439,126.856553707295,168.267759300035,0.800426739014114,nan,nan,-0.070046140922281,0.0031723292745
beta_3.58696_m0.0874556_muoverpit_0.275_b24/,3.58696,0.0874556,0.14399,0.14399,0,24,0.195439,145.361094766142,168.267759300035,0.800426739014114,nan,nan,-0.087270802174783,0.002787818997085
beta_3.4836_m0.136136_muoverpit_0.0_b53/,3.4836,0.136136,0,0,0,53,0.259863,0,126.551616081703,0.999815312915876,nan,nan,-0.008271245861022,0.002343056956432
beta_3.4836_m0.136136_muoverpit_0.1_b53/,3.4836,0.136136,0.05236,0.05236,0,53,0.259863,39.7541319849305,126.551616081703,0.999815312915876,nan,nan,-0.032779711800206,0.002497394458289
beta_3.4836_m0.136136_muoverpit_0.14_b53/,3.4836,0.136136,0.0733,0.0733,0,53,0.259863,55.6527477940299,126.551616081703,0.999815312915876,nan,nan,-0.040072786713882,0.002462865938085
beta_3.4836_m0.136136_muoverpit_0.17_b53/,3.4836,0.136136,0.08901,0.08901,0,53,0.259863,67.5805058819455,126.551616081703,0.999815312915876,nan,nan,-0.053761917556413,0.002366747574691
beta_3.4836_m0.136136_muoverpit_0.20_b53/,3.4836,0.136136,0.10472,0.10472,0,53,0.259863,79.508263969861,126.551616081703,0.999815312915876,nan,nan,-0.060088664687109,0.002084068274964
beta_3.4836_m0.136136_muoverpit_0.22_b53/,3.4836,0.136136,0.11519,0.11519,0,53,0.259863,87.4575718744108,126.551616081703,0.999815312915876,nan,nan,-0.065264239055696,0.003247681318238
beta_3.4836_m0.136136_muoverpit_0.24_b53/,3.4836,0.136136,0.12566,0.12566,0,53,0.259863,95.4068797789605,126.551616081703,0.999815312915876,nan,nan,-0.07304383817959,0.002710019978981
beta_3.4836_m0.136136_muoverpit_0.275_b53/,3.4836,0.136136,0.14399,0.14399,0,53,0.259863,109.323862958559,126.551616081703,0.999815312915876,nan,nan,-0.07656735030913,0.001944233813141
beta_3.6562_m0.06703_muoverpit_0.0_b20/,3.6562,0.06703,0,0,0,20,0.15963,0,206.014424668543,0.999847531064488,nan,nan,-0.014079473177044,0.001378364381888
beta_3.6562_m0.06703_muoverpit_0.1_b20/,3.6562,0.06703,0.05236,0.05236,0,20,0.15963,64.7160809371672,206.014424668543,0.999847531064488,nan,nan,-0.042134147162742,0.002910758076578
beta_3.6562_m0.06703_muoverpit_0.14_b20/,3.6562,0.06703,0.0733,0.0733,0,20,0.15963,90.5975693791894,206.014424668543,0.999847531064488,nan,nan,-0.048881889854559,0.002873433738867
beta_3.6562_m0.06703_muoverpit_0.17_b20/,3.6562,0.06703,0.08901,0.08901,0,20,0.15963,110.014865626762,206.014424668543,0.999847531064488,nan,nan,-0.062962940926789,0.002216360131229
beta_3.6562_m0.06703_muoverpit_0.20_b20/,3.6562,0.06703,0.10472,0.10472,0,20,0.15963,129.432161874334,206.014424668543,0.999847531064488,nan,nan,-0.068268525375247,0.002578969253607
beta_3.6562_m0.06703_muoverpit_0.22_b20/,3.6562,0.06703,0.11519,0.11519,0,20,0.15963,142.372906095345,206.014424668543,0.999847531064488,nan,nan,-0.068860397058198,0.002805256744813
beta_3.6562_m0.06703_muoverpit_0.24_b20/,3.6562,0.06703,0.12566,0.12566,0,20,0.15963,155.313650316357,206.014424668543,0.999847531064488,nan,nan,-0.073841312619947,0.002949621121065
beta_3.6562_m0.06703_muoverpit_0.275_b20/,3.6562,0.06703,0.14399,0.14399,0,20,0.15963,177.96922257721,206.014424668543,0.999847531064488,nan,nan,-0.08589885325518,0.002091558747818
beta_3.5503_m0.10186_muoverpit_0.0_b37/,3.5503,0.10186,0,0,0,37,0.217113,0,151.469891760694,0.999914526073998,nan,nan,-0.000907477291745,0.0022741724946
beta_3.5503_m0.10186_muoverpit_0.1_b37/,3.5503,0.10186,0.05236,0.05236,0,37,0.217113,47.5818030242316,151.469891760694,0.999914526073998,nan,nan,-0.035526975976449,0.002821752258571
beta_3.5503_m0.10186_muoverpit_0.14_b37/,3.5503,0.10186,0.0733,0.0733,0,37,0.217113,66.6108892604312,151.469891760694,0.999914526073998,nan,nan,-0.047102120043932,0.00355147460822
beta_3.5503_m0.10186_muoverpit_0.17_b37/,3.5503,0.10186,0.08901,0.08901,0,37,0.217113,80.8872476544472,151.469891760694,0.999914526073998,nan,nan,-0.060536261449152,0.002775434971755
beta_3.5503_m0.10186_muoverpit_0.20_b37/,3.5503,0.10186,0.10472,0.10472,0,37,0.217113,95.1636060484633,151.469891760694,0.999914526073998,nan,nan,-0.069694920654331,0.002072201514086
beta_3.5503_m0.10186_muoverpit_0.22_b37/,3.5503,0.10186,0.11519,0.11519,0,37,0.217113,104.678149166563,151.469891760694,0.999914526073998,nan,nan,-0.077095873539512,0.002844726969203
beta_3.5503_m0.10186_muoverpit_0.24_b37/,3.5503,0.10186,0.12566,0.12566,0,37,0.217113,114.192692284663,151.469891760694,0.999914526073998,nan,nan,-0.079811110942557,0.003215620687148
beta_3.5503_m0.10186_muoverpit_0.275_b37/,3.5503,0.10186,0.14399,0.14399,0,37,0.217113,130.849958316637,151.469891760694,0.999914526073998,nan,nan,-0.091083196120523,0.001976266313981
beta_3.5066_m0.12264_muoverpit_0.0_b47/,3.5066,0.12264,0,0,0,47,0.244699,0,134.394021266288,0.999922357555937,nan,nan,0.000615914849511,0.00215047490106
beta_3.5066_m0.12264_muoverpit_0.1_b47/,3.5066,0.12264,0.05236,0.05236,0,47,0.244699,42.2176960265469,134.394021266288,0.999922357555937,nan,nan,-0.030189653587878,0.002773616002161
beta_3.5066_m0.12264_muoverpit_0.14_b47/,3.5066,0.12264,0.0733,0.0733,0,47,0.244699,59.1015492503034,134.394021266288,0.999922357555937,nan,nan,-0.041368322911547,0.002236968859354
beta_3.5066_m0.12264_muoverpit_0.17_b47/,3.5066,0.12264,0.08901,0.08901,0,47,0.244699,71.7684706516986,134.394021266288,0.999922357555937,nan,nan,-0.045798234653445,0.003045222742764
beta_3.5066_m0.12264_muoverpit_0.20_b47/,3.5066,0.12264,0.10472,0.10472,0,47,0.244699,84.4353920530938,134.394021266288,0.999922357555937,nan,nan,-0.058998850741069,0.002991843842091
beta_3.5066_m0.12264_muoverpit_0.22_b47/,3.5066,0.12264,0.11519,0.11519,0,47,0.244699,92.8773186649721,134.394021266288,0.999922357555937,nan,nan,-0.05944327278624,0.003006308786317
beta_3.5066_m0.12264_muoverpit_0.24_b47/,3.5066,0.12264,0.12566,0.12566,0,47,0.244699,101.31924527685,134.394021266288,0.999922357555937,nan,nan,-0.065146117300438,0.002917813630299
beta_3.5066_m0.12264_muoverpit_0.275_b47/,3.5066,0.12264,0.14399,0.14399,0,47,0.244699,116.098664073004,134.394021266288,0.999922357555937,nan,nan,-0.075349488650556,0.003378199864485
beta_3.5148_m0.11860_muoverpit_0.0_b45/,3.5148,0.1186,0,0,0,45,0.239422,0,137.356143586803,1.000039640376,nan,nan,-0.007668365431485,0.002477370576893
beta_3.5148_m0.11860_muoverpit_0.1_b45/,3.5148,0.1186,0.05236,0.05236,0,45,0.239422,43.1481985782426,137.356143586803,1.000039640376,nan,nan,-0.038346363994926,0.00258428003886
beta_3.5148_m0.11860_muoverpit_0.14_b45/,3.5148,0.1186,0.0733,0.0733,0,45,0.239422,60.4041817376849,137.356143586803,1.000039640376,nan,nan,-0.047527264982501,0.002762504180686
beta_3.5148_m0.11860_muoverpit_0.17_b45/,3.5148,0.1186,0.08901,0.08901,0,45,0.239422,73.3502894470851,137.356143586803,1.000039640376,nan,nan,-0.049963571113316,0.003293458305306
beta_3.5148_m0.11860_muoverpit_0.20_b45/,3.5148,0.1186,0.10472,0.10472,0,45,0.239422,86.2963971564852,137.356143586803,1.000039640376,nan,nan,-0.066150071116426,0.00279008385845
beta_3.5148_m0.11860_muoverpit_0.22_b45/,3.5148,0.1186,0.11519,0.11519,0,45,0.239422,94.9243887362064,137.356143586803,1.000039640376,nan,nan,-0.073104926920435,0.002209164957207
beta_3.5148_m0.11860_muoverpit_0.24_b45/,3.5148,0.1186,0.12566,0.12566,0,45,0.239422,103.552380315928,137.356143586803,1.000039640376,nan,nan,-0.074922856702686,0.00194098809855
beta_3.5148_m0.11860_muoverpit_0.275_b45/,3.5148,0.1186,0.14399,0.14399,0,45,0.239422,118.657546090167,137.356143586803,1.000039640376,nan,nan,-0.084742711997568,0.003248241829366
beta_3.5703_m0.09367_muoverpit_0.0_b33/,3.5703,0.09367,0,0,0,33,0.205024,0,160.40113650031,1.00008599468929,nan,nan,-0.00855118820573,0.00290781620535
beta_3.5703_m0.09367_muoverpit_0.1_b33/,3.5703,0.09367,0.05236,0.05236,0,33,0.205024,50.3874083034181,160.40113650031,1.00008599468929,nan,nan,-0.045671108497461,0.002756551906111
beta_3.5703_m0.09367_muoverpit_0.14_b33/,3.5703,0.09367,0.0733,0.0733,0,33,0.205024,70.5385223193382,160.40113650031,1.00008599468929,nan,nan,-0.056846343854171,0.00205971705161
beta_3.5703_m0.09367_muoverpit_0.17_b33/,3.5703,0.09367,0.08901,0.08901,0,33,0.205024,85.6566694630873,160.40113650031,1.00008599468929,nan,nan,-0.064797744440411,0.002406490375845
beta_3.5703_m0.09367_muoverpit_0.20_b33/,3.5703,0.09367,0.10472,0.10472,0,33,0.205024,100.774816606836,160.40113650031,1.00008599468929,nan,nan,-0.07545689102677,0.002985597029983
beta_3.5703_m0.09367_muoverpit_0.22_b33/,3.5703,0.09367,0.11519,0.11519,0,33,0.205024,110.850373614796,160.40113650031,1.00008599468929,nan,nan,-0.079142611445391,0.002343831440656
beta_3.5703_m0.09367_muoverpit_0.24_b33/,3.5703,0.09367,0.12566,0.12566,0,33,0.205024,120.925930622756,160.40113650031,1.00008599468929,nan,nan,-0.084470112841327,0.002534510115934
beta_3.5703_m0.09367_muoverpit_0.275_b33/,3.5703,0.09367,0.14399,0.14399,0,33,0.205024,138.5653728344,160.40113650031,1.00008599468929,nan,nan,-0.100469698202591,0.002493654806389
beta_3.6178_m0.07734_muoverpit_0.0_b25/,3.6178,0.07734,0,0,0,25,0.178449,0,184.288410749511,1.00010265835616,nan,nan,-0.000464556101571,0.002428246321923
beta_3.6178_m0.07734_muoverpit_0.1_b25/,3.6178,0.07734,0.05236,0.05236,0,25,0.178449,57.8912070115271,184.288410749511,1.00010265835616,nan,nan,-0.027756158235511,0.002888671360724
beta_3.6178_m0.07734_muoverpit_0.14_b25/,3.6178,0.07734,0.0733,0.0733,0,25,0.178449,81.0432672640362,184.288410749511,1.00010265835616,nan,nan,-0.045946214167492,0.003251975934514
beta_3.6178_m0.07734_muoverpit_0.17_b25/,3.6178,0.07734,0.08901,0.08901,0,25,0.178449,98.4128406435452,184.288410749511,1.00010265835616,nan,nan,-0.056996423444625,0.002529725892688
beta_3.6178_m0.07734_muoverpit_0.20_b25/,3.6178,0.07734,0.10472,0.10472,0,25,0.178449,115.782414023054,184.288410749511,1.00010265835616,nan,nan,-0.068167403957824,0.002053992435985
beta_3.6178_m0.07734_muoverpit_0.22_b25/,3.6178,0.07734,0.11519,0.11519,0,25,0.178449,127.358444149309,184.288410749511,1.00010265835616,nan,nan,-0.071456581145873,0.002170280732413
beta_3.6178_m0.07734_muoverpit_0.24_b25/,3.6178,0.07734,0.12566,0.12566,0,25,0.178449,138.934474275563,184.288410749511,1.00010265835616,nan,nan,-0.077743121995301,0.002874594131076
beta_3.6178_m0.07734_muoverpit_0.275_b25/,3.6178,0.07734,0.14399,0.14399,0,25,0.178449,159.2008192817,184.288410749511,1.00010265835616,nan,nan,-0.088135148418014,0.002592250092989
beta_3.5364_m0.10805_muoverpit_0.0_b40/,3.5364,0.10805,0,0,0,40,0.225722,0,145.692854971334,1.00010367273256,nan,nan,-0.005877997268203,0.002071872846966
beta_3.5364_m0.10805_muoverpit_0.1_b40/,3.5364,0.10805,0.05236,0.05236,0,40,0.225722,45.7670408732866,145.692854971334,1.00010367273256,nan,nan,-0.04620448588056,0.002926651341636
beta_3.5364_m0.10805_muoverpit_0.14_b40/,3.5364,0.10805,0.0733,0.0733,0,40,0.225722,64.0703608864001,145.692854971334,1.00010367273256,nan,nan,-0.057884914169135,0.002320333756502
beta_3.5364_m0.10805_muoverpit_0.17_b40/,3.5364,0.10805,0.08901,0.08901,0,40,0.225722,77.8022213164867,145.692854971334,1.00010367273256,nan,nan,-0.068258041776785,0.00269450449213
beta_3.5364_m0.10805_muoverpit_0.20_b40/,3.5364,0.10805,0.10472,0.10472,0,40,0.225722,91.5340817465732,145.692854971334,1.00010367273256,nan,nan,-0.080518226797186,0.002705226147113
beta_3.5364_m0.10805_muoverpit_0.22_b40/,3.5364,0.10805,0.11519,0.11519,0,40,0.225722,100.68574175313,145.692854971334,1.00010367273256,nan,nan,-0.085148297585289,0.002049826512474
beta_3.5364_m0.10805_muoverpit_0.24_b40/,3.5364,0.10805,0.12566,0.12566,0,40,0.225722,109.837401759687,145.692854971334,1.00010367273256,nan,nan,-0.094646795942523,0.003085971415721
beta_3.5364_m0.10805_muoverpit_0.275_b40/,3.5364,0.10805,0.14399,0.14399,0,40,0.225722,125.859362401538,145.692854971334,1.00010367273256,nan,nan,-0.112216879829249,0.002406280621908
beta_3.5601_m0.09776_muoverpit_0.0_b35/,3.5601,0.09776,0,0,0,35,0.21114,0,155.754866959551,1.00013775029172,nan,nan,-0.005694031644383,0.002893455673918
beta_3.5601_m0.09776_muoverpit_0.1_b35/,3.5601,0.09776,0.05236,0.05236,0,35,0.21114,48.9278582930757,155.754866959551,1.00013775029172,nan,nan,-0.039143082955651,0.003075395548999
beta_3.5601_m0.09776_muoverpit_0.14_b35/,3.5601,0.09776,0.0733,0.0733,0,35,0.21114,68.4952638060055,155.754866959551,1.00013775029172,nan,nan,-0.051313890823269,0.003086223410194
beta_3.5601_m0.09776_muoverpit_0.17_b35/,3.5601,0.09776,0.08901,0.08901,0,35,0.21114,83.1754901960784,155.754866959551,1.00013775029172,nan,nan,-0.055694456156453,0.002174151144367
beta_3.5601_m0.09776_muoverpit_0.20_b35/,3.5601,0.09776,0.10472,0.10472,0,35,0.21114,97.8557165861514,155.754866959551,1.00013775029172,nan,nan,-0.064979529687633,0.002210645623251
beta_3.5601_m0.09776_muoverpit_0.22_b35/,3.5601,0.09776,0.11519,0.11519,0,35,0.21114,107.639419342616,155.754866959551,1.00013775029172,nan,nan,-0.072146964520951,0.00264164095882
beta_3.5601_m0.09776_muoverpit_0.24_b35/,3.5601,0.09776,0.12566,0.12566,0,35,0.21114,117.423122099081,155.754866959551,1.00013775029172,nan,nan,-0.079219038784604,0.002834838912897
beta_3.5601_m0.09776_muoverpit_0.275_b35/,3.5601,0.09776,0.14399,0.14399,0,35,0.21114,134.551610305958,155.754866959551,1.00013775029172,nan,nan,-0.085027966649321,0.002807708653508
beta_3.4911_m0.13128_muoverpit_0.0_b51/,3.4911,0.13128,0,0,0,51,0.254869,0,129.031316518837,1.00015879043674,nan,nan,-0.003326106099248,0.002587816642579
beta_3.4911_m0.13128_muoverpit_0.1_b51/,3.4911,0.13128,0.05236,0.05236,0,51,0.254869,40.5330895479639,129.031316518837,1.00015879043674,nan,nan,-0.032061235524142,0.00284393222546
beta_3.4911_m0.13128_muoverpit_0.14_b51/,3.4911,0.13128,0.0733,0.0733,0,51,0.254869,56.7432288744414,129.031316518837,1.00015879043674,nan,nan,-0.037455485903523,0.002475010623469
beta_3.4911_m0.13128_muoverpit_0.17_b51/,3.4911,0.13128,0.08901,0.08901,0,51,0.254869,68.9047039851846,129.031316518837,1.00015879043674,nan,nan,-0.046822840968189,0.003393969480268
beta_3.4911_m0.13128_muoverpit_0.20_b51/,3.4911,0.13128,0.10472,0.10472,0,51,0.254869,81.0661790959277,129.031316518837,1.00015879043674,nan,nan,-0.058271111099257,0.002548674253863
beta_3.4911_m0.13128_muoverpit_0.22_b51/,3.4911,0.13128,0.11519,0.11519,0,51,0.254869,89.1712487591665,129.031316518837,1.00015879043674,nan,nan,-0.059884895506666,0.003011566981453
beta_3.4911_m0.13128_muoverpit_0.24_b51/,3.4911,0.13128,0.12566,0.12566,0,51,0.254869,97.2763184224053,129.031316518837,1.00015879043674,nan,nan,-0.065447518575827,0.002162066130169
beta_3.4911_m0.13128_muoverpit_0.275_b51/,3.4911,0.13128,0.14399,0.14399,0,51,0.254869,111.465996256901,129.031316518837,1.00015879043674,nan,nan,-0.076272976355686,0.001945062714682
beta_3.5275_m0.11224_muoverpit_0.0_b42/,3.5275,0.11224,0,0,0,42,0.231289,0,142.186107466587,1.00016613087708,nan,nan,-0.013112865637947,0.002519695170375
beta_3.5275_m0.11224_muoverpit_0.1_b42/,3.5275,0.11224,0.05236,0.05236,0,42,0.231289,44.6654531776263,142.186107466587,1.00016613087708,nan,nan,-0.04064382214716,0.002664582824818
beta_3.5275_m0.11224_muoverpit_0.14_b42/,3.5275,0.11224,0.0733,0.0733,0,42,0.231289,62.5282222673798,142.186107466587,1.00016613087708,nan,nan,-0.06188693020332,0.002748357834098
beta_3.5275_m0.11224_muoverpit_0.17_b42/,3.5275,0.11224,0.08901,0.08901,0,42,0.231289,75.9295643113162,142.186107466587,1.00016613087708,nan,nan,-0.070567727793949,0.002378824812529
beta_3.5275_m0.11224_muoverpit_0.20_b42/,3.5275,0.11224,0.10472,0.10472,0,42,0.231289,89.3309063552525,142.186107466587,1.00016613087708,nan,nan,-0.082238441003113,0.00245937760988
beta_3.5275_m0.11224_muoverpit_0.22_b42/,3.5275,0.11224,0.11519,0.11519,0,42,0.231289,98.2622909001293,142.186107466587,1.00016613087708,nan,nan,-0.089087182926519,0.002990529051717
beta_3.5275_m0.11224_muoverpit_0.24_b42/,3.5275,0.11224,0.12566,0.12566,0,42,0.231289,107.193675445006,142.186107466587,1.00016613087708,nan,nan,-0.092194956275329,0.002546992424189
beta_3.5275_m0.11224_muoverpit_0.275_b42/,3.5275,0.11224,0.14399,0.14399,0,42,0.231289,122.829996238472,142.186107466587,1.00016613087708,nan,nan,-0.105672389245194,0.003338586784108
beta_3.4949_m0.12889_muoverpit_0.0_b50/,3.4949,0.12889,0,0,0,50,0.252354,0,130.317263090102,1.00018981655725,nan,nan,-0.002319478134119,0.001643203675466
beta_3.4949_m0.12889_muoverpit_0.1_b50/,3.4949,0.12889,0.05236,0.05236,0,50,0.252354,40.9370487489796,130.317263090102,1.00018981655725,nan,nan,-0.030255736899772,0.001963492059647
beta_3.4949_m0.12889_muoverpit_0.14_b50/,3.4949,0.12889,0.0733,0.0733,0,50,0.252354,57.3087408957259,130.317263090102,1.00018981655725,nan,nan,-0.039939403236746,0.001833528638715
beta_3.4949_m0.12889_muoverpit_0.17_b50/,3.4949,0.12889,0.08901,0.08901,0,50,0.252354,69.5914191968426,130.317263090102,1.00018981655725,nan,nan,-0.045582529271867,0.00191801789361
beta_3.4949_m0.12889_muoverpit_0.20_b50/,3.4949,0.12889,0.10472,0.10472,0,50,0.252354,81.8740974979592,130.317263090102,1.00018981655725,nan,nan,-0.053565011261967,0.002607305150165
beta_3.4949_m0.12889_muoverpit_0.22_b50/,3.4949,0.12889,0.11519,0.11519,0,50,0.252354,90.0599435713324,130.317263090102,1.00018981655725,nan,nan,-0.058638373824305,0.00219865282319
beta_3.4949_m0.12889_muoverpit_0.24_b50/,3.4949,0.12889,0.12566,0.12566,0,50,0.252354,98.2457896447055,130.317263090102,1.00018981655725,nan,nan,-0.067220039422368,0.003034500663353
beta_3.4949_m0.12889_muoverpit_0.275_b50/,3.4949,0.12889,0.14399,0.14399,0,50,0.252354,112.576884059694,130.317263090102,1.00018981655725,nan,nan,-0.072289268422081,0.002518680252471
beta_3.5870_m0.08746_muoverpit_0.0_b30/,3.587,0.08746,0,0,0,30,0.195416,0,168.287564016455,1.00076895845253,nan,nan,-0.020894441893636,0.00261407637373
beta_3.5870_m0.08746_muoverpit_0.1_b30/,3.587,0.08746,0.05236,0.05236,0,30,0.195416,52.8648012445245,168.287564016455,1.00076895845253,nan,nan,-0.052834407939789,0.00227117396165
beta_3.5870_m0.08746_muoverpit_0.14_b30/,3.587,0.08746,0.0733,0.0733,0,30,0.195416,74.0066831784501,168.287564016455,1.00076895845253,nan,nan,-0.064904803677189,0.002338585991605
beta_3.5870_m0.08746_muoverpit_0.17_b30/,3.587,0.08746,0.08901,0.08901,0,30,0.195416,89.8681428337496,168.287564016455,1.00076895845253,nan,nan,-0.080985260764084,0.003056596203013
beta_3.5870_m0.08746_muoverpit_0.20_b30/,3.587,0.08746,0.10472,0.10472,0,30,0.195416,105.729602489049,168.287564016455,1.00076895845253,nan,nan,-0.086097706265809,0.003038031138558
beta_3.5870_m0.08746_muoverpit_0.22_b30/,3.587,0.08746,0.11519,0.11519,0,30,0.195416,116.300543456012,168.287564016455,1.00076895845253,nan,nan,-0.09162831209844,0.002244820774688
beta_3.5870_m0.08746_muoverpit_0.24_b30/,3.587,0.08746,0.12566,0.12566,0,30,0.195416,126.871484422975,168.287564016455,1.00076895845253,nan,nan,-0.102528278091718,0.002597386601716
beta_3.5870_m0.08746_muoverpit_0.275_b30/,3.587,0.08746,0.14399,0.14399,0,30,0.195416,145.378203422442,168.287564016455,1.00076895845253,nan,nan,-0.113770241673049,0.003104444425574
beta_3.5303_m0.11082_muoverpit_0.0_b62/,3.5303,0.11082,0,0,0,62,0.229512,0,143.286985472827,1.49938687425927,nan,nan,-0.005800195304794,0.002074088537036
beta_3.5303_m0.11082_muoverpit_0.1_b62/,3.5303,0.11082,0.05236,0.05236,0,62,0.229512,45.0112760988532,143.286985472827,1.49938687425927,nan,nan,-0.01247214575598,0.002505515075349
beta_3.5303_m0.11082_muoverpit_0.14_b62/,3.5303,0.11082,0.0733,0.0733,0,62,0.229512,63.0123479382342,143.286985472827,1.49938687425927,nan,nan,-0.017111745569517,0.002263545442573
beta_3.5303_m0.11082_muoverpit_0.17_b62/,3.5303,0.11082,0.08901,0.08901,0,62,0.229512,76.5174500679703,143.286985472827,1.49938687425927,nan,nan,-0.024273860014817,0.002720859718883
beta_3.5303_m0.11082_muoverpit_0.20_b62/,3.5303,0.11082,0.10472,0.10472,0,62,0.229512,90.0225521977064,143.286985472827,1.49938687425927,nan,nan,-0.026333942576024,0.002558581467257
beta_3.5303_m0.11082_muoverpit_0.22_b62/,3.5303,0.11082,0.11519,0.11519,0,62,0.229512,99.0230881173969,143.286985472827,1.49938687425927,nan,nan,-0.028646730681568,0.003196415781634
beta_3.5303_m0.11082_muoverpit_0.24_b62/,3.5303,0.11082,0.12566,0.12566,0,62,0.229512,108.023624037087,143.286985472827,1.49938687425927,nan,nan,-0.038900900984641,0.00263013172619
beta_3.5303_m0.11082_muoverpit_0.275_b62/,3.5303,0.11082,0.14399,0.14399,0,62,0.229512,123.781009271846,143.286985472827,1.49938687425927,nan,nan,-0.038788018131736,0.002507315534406
beta_3.5026_m0.12463_muoverpit_0.0_b72/,3.5026,0.12463,0,0,0,72,0.2473,0,132.980520055962,1.49974379532055,nan,nan,-0.001168574900613,0.002328252181999
beta_3.5026_m0.12463_muoverpit_0.1_b72/,3.5026,0.12463,0.05236,0.05236,0,72,0.2473,41.7736676101901,132.980520055962,1.49974379532055,nan,nan,-0.009365201271324,0.002247333359831
beta_3.5026_m0.12463_muoverpit_0.14_b72/,3.5026,0.12463,0.0733,0.0733,0,72,0.2473,58.4799433885969,132.980520055962,1.49974379532055,nan,nan,-0.010092043787843,0.002107397088636
beta_3.5026_m0.12463_muoverpit_0.17_b72/,3.5026,0.12463,0.08901,0.08901,0,72,0.2473,71.0136393044885,132.980520055962,1.49974379532055,nan,nan,-0.009543707211942,0.002842233070153
beta_3.5026_m0.12463_muoverpit_0.20_b72/,3.5026,0.12463,0.10472,0.10472,0,72,0.2473,83.5473352203801,132.980520055962,1.49974379532055,nan,nan,-0.015981708803998,0.002827173738235
beta_3.5026_m0.12463_muoverpit_0.22_b72/,3.5026,0.12463,0.11519,0.11519,0,72,0.2473,91.9004731095835,132.980520055962,1.49974379532055,nan,nan,-0.017615564792642,0.002789687225789
beta_3.5026_m0.12463_muoverpit_0.24_b72/,3.5026,0.12463,0.12566,0.12566,0,72,0.2473,100.253610998787,132.980520055962,1.49974379532055,nan,nan,-0.019706243563175,0.001931993092381
beta_3.5026_m0.12463_muoverpit_0.275_b72/,3.5026,0.12463,0.14399,0.14399,0,72,0.2473,114.877585928023,132.980520055962,1.49974379532055,nan,nan,-0.023509267495486,0.002903139127959
beta_3.6562_m0.06703_muoverpit_0.0_b30/,3.6562,0.06703,0,0,0,30,0.15963,0,206.014424668543,1.49977129659674,-0.008947266084853,0.003872115378648,-0.013580857492549,0.002693677688096
beta_3.6562_m0.06703_muoverpit_0.1_b30/,3.6562,0.06703,0.05236,0.05236,0,30,0.15963,64.7160809371672,206.014424668543,1.49977129659674,-0.015584540280287,0.004148840154841,-0.051402476183087,0.002959988561279
beta_3.6562_m0.06703_muoverpit_0.14_b30/,3.6562,0.06703,0.0733,0.0733,0,30,0.15963,90.5975693791894,206.014424668543,1.49977129659674,-0.001498087811675,0.008365217788362,-0.061208497311319,0.002174964580064
beta_3.6562_m0.06703_muoverpit_0.17_b30/,3.6562,0.06703,0.08901,0.08901,0,30,0.15963,110.014865626762,206.014424668543,1.49977129659674,-0.018884260670611,0.004358492783201,-0.074550894712298,0.003110972842066
beta_3.6562_m0.06703_muoverpit_0.20_b30/,3.6562,0.06703,0.10472,0.10472,0,30,0.15963,129.432161874334,206.014424668543,1.49977129659674,nan,nan,-0.087872438047494,0.002845913031716
beta_3.6562_m0.06703_muoverpit_0.22_b30/,3.6562,0.06703,0.11519,0.11519,0,30,0.15963,142.372906095345,206.014424668543,1.49977129659674,nan,nan,-0.094143859281084,0.002578054435739
beta_3.6562_m0.06703_muoverpit_0.24_b30/,3.6562,0.06703,0.12566,0.12566,0,30,0.15963,155.313650316357,206.014424668543,1.49977129659674,nan,nan,-0.103028820229156,0.002979280374637
beta_3.6562_m0.06703_muoverpit_0.275_b30/,3.6562,0.06703,0.14399,0.14399,0,30,0.15963,177.96922257721,206.014424668543,1.49977129659674,nan,nan,-0.119148992722989,0.00231734942897
beta_3.4923_m0.13046_muoverpit_0.0_b76/,3.4923,0.13046,0,0,0,76,0.254073,0,129.435566194911,1.49978626225044,nan,nan,-0.005712306775701,0.001708177270049
beta_3.4923_m0.13046_muoverpit_0.1_b76/,3.4923,0.13046,0.05236,0.05236,0,76,0.254073,40.6600780090761,129.435566194911,1.49978626225044,nan,nan,-0.009744368484942,0.002145385033896
beta_3.4923_m0.13046_muoverpit_0.14_b76/,3.4923,0.13046,0.0733,0.0733,0,76,0.254073,56.9210030188174,129.435566194911,1.49978626225044,nan,nan,-0.01601480201383,0.00225221044455
beta_3.4923_m0.13046_muoverpit_0.17_b76/,3.4923,0.13046,0.08901,0.08901,0,76,0.254073,69.1205795184849,129.435566194911,1.49978626225044,nan,nan,-0.020836477779964,0.002410921501901
beta_3.4923_m0.13046_muoverpit_0.20_b76/,3.4923,0.13046,0.10472,0.10472,0,76,0.254073,81.3201560181523,129.435566194911,1.49978626225044,nan,nan,-0.020566221127462,0.002315658332638
beta_3.4923_m0.13046_muoverpit_0.22_b76/,3.4923,0.13046,0.11519,0.11519,0,76,0.254073,89.4506185230229,129.435566194911,1.49978626225044,nan,nan,-0.020590037780984,0.00244442869937
beta_3.4923_m0.13046_muoverpit_0.24_b76/,3.4923,0.13046,0.12566,0.12566,0,76,0.254073,97.5810810278936,129.435566194911,1.49978626225044,nan,nan,-0.020342812532485,0.002289234494601
beta_3.4923_m0.13046_muoverpit_0.275_b76/,3.4923,0.13046,0.14399,0.14399,0,76,0.254073,111.815214524959,129.435566194911,1.49978626225044,nan,nan,-0.025262994654673,0.002846357642252
beta_3.4898_m0.13212_muoverpit_0.0_b77/,3.4898,0.13212,0,0,0,77,0.255733,0,128.595381158628,1.49985746367141,nan,nan,-0.001803967328271,0.00219717129225
beta_3.4898_m0.13212_muoverpit_0.1_b77/,3.4898,0.13212,0.05236,0.05236,0,77,0.255733,40.3961475445093,128.595381158628,1.49985746367141,nan,nan,-0.010787371296525,0.00212374354178
beta_3.4898_m0.13212_muoverpit_0.14_b77/,3.4898,0.13212,0.0733,0.0733,0,77,0.255733,56.551520531179,128.595381158628,1.49985746367141,nan,nan,-0.02063902274717,0.001860417431627
beta_3.4898_m0.13212_muoverpit_0.17_b77/,3.4898,0.13212,0.08901,0.08901,0,77,0.255733,68.6719078100988,128.595381158628,1.49985746367141,nan,nan,-0.014789469950096,0.002352173036961
beta_3.4898_m0.13212_muoverpit_0.20_b77/,3.4898,0.13212,0.10472,0.10472,0,77,0.255733,80.7922950890186,128.595381158628,1.49985746367141,nan,nan,-0.024981364046478,0.00244928389716
beta_3.4898_m0.13212_muoverpit_0.22_b77/,3.4898,0.13212,0.11519,0.11519,0,77,0.255733,88.8699815823535,128.595381158628,1.49985746367141,nan,nan,-0.021913466997999,0.002959416751891
beta_3.4898_m0.13212_muoverpit_0.24_b77/,3.4898,0.13212,0.12566,0.12566,0,77,0.255733,96.9476680756883,128.595381158628,1.49985746367141,nan,nan,-0.029840841963364,0.002290337815839
beta_3.4898_m0.13212_muoverpit_0.275_b77/,3.4898,0.13212,0.14399,0.14399,0,77,0.255733,111.089405747401,128.595381158628,1.49985746367141,nan,nan,-0.028667735085778,0.002665523275028
beta_3.48486_m0.135334_muoverpit_0.0_b79/,3.48486,0.135334,0,0,0,79,0.259022,0,126.962507469788,1.49998389675147,nan,nan,-0.003101876071435,0.00209827069716
beta_3.48486_m0.135334_muoverpit_0.1_b79/,3.48486,0.135334,0.05236,0.05236,0,79,0.259022,39.8832068318521,126.962507469788,1.49998389675147,nan,nan,-0.015422861112874,0.002100874406922
beta_3.48486_m0.135334_muoverpit_0.14_b79/,3.48486,0.135334,0.0733,0.0733,0,79,0.259022,55.8334427191513,126.962507469788,1.49998389675147,nan,nan,-0.021386002687042,0.002158585810289
beta_3.48486_m0.135334_muoverpit_0.17_b79/,3.48486,0.135334,0.08901,0.08901,0,79,0.259022,67.7999281914278,126.962507469788,1.49998389675147,nan,nan,-0.024846230602119,0.003062055677279
beta_3.48486_m0.135334_muoverpit_0.20_b79/,3.48486,0.135334,0.10472,0.10472,0,79,0.259022,79.7664136637043,126.962507469788,1.49998389675147,nan,nan,-0.021236142410696,0.001778031606915
beta_3.48486_m0.135334_muoverpit_0.22_b79/,3.48486,0.135334,0.11519,0.11519,0,79,0.259022,87.7415316073538,126.962507469788,1.49998389675147,nan,nan,-0.025130275300967,0.002217659846712
beta_3.48486_m0.135334_muoverpit_0.24_b79/,3.48486,0.135334,0.12566,0.12566,0,79,0.259022,95.7166495510034,126.962507469788,1.49998389675147,nan,nan,-0.026458290278665,0.002600726692473
beta_3.48486_m0.135334_muoverpit_0.275_b79/,3.48486,0.135334,0.14399,0.14399,0,79,0.259022,109.678818787593,126.962507469788,1.49998389675147,nan,nan,-0.03265125059704,0.002873828668153
beta_3.47999_m0.13858_muoverpit_0.0_b81/,3.47999,0.13858,0,0,0,81,0.262277,0,125.386833804869,1.50002125913819,nan,nan,-0.003961626873523,0.00197816887044
beta_3.47999_m0.13858_muoverpit_0.1_b81/,3.47999,0.13858,0.05236,0.05236,0,81,0.262277,39.3882345764211,125.386833804869,1.50002125913819,nan,nan,-0.013835850104349,0.00227904416991
beta_3.47999_m0.13858_muoverpit_0.14_b81/,3.47999,0.13858,0.0733,0.0733,0,81,0.262277,55.1405193745544,125.386833804869,1.50002125913819,nan,nan,-0.01980555330214,0.002164872276163
beta_3.47999_m0.13858_muoverpit_0.17_b81/,3.47999,0.13858,0.08901,0.08901,0,81,0.262277,66.9584942636983,125.386833804869,1.50002125913819,nan,nan,-0.017512133049683,0.001556959531264
beta_3.47999_m0.13858_muoverpit_0.20_b81/,3.47999,0.13858,0.10472,0.10472,0,81,0.262277,78.7764691528422,125.386833804869,1.50002125913819,nan,nan,-0.029174787977638,0.002731232686755
beta_3.47999_m0.13858_muoverpit_0.22_b81/,3.47999,0.13858,0.11519,0.11519,0,81,0.262277,86.6526115519089,125.386833804869,1.50002125913819,nan,nan,-0.031382588589709,0.002450437361549
beta_3.47999_m0.13858_muoverpit_0.24_b81/,3.47999,0.13858,0.12566,0.12566,0,81,0.262277,94.5287539509755,125.386833804869,1.50002125913819,nan,nan,-0.030403166063202,0.003244016869041
beta_3.47999_m0.13858_muoverpit_0.275_b81/,3.47999,0.13858,0.14399,0.14399,0,81,0.262277,108.317645085158,125.386833804869,1.50002125913819,nan,nan,-0.034109062634193,0.002007849842172
beta_3.52179_m0.11509_muoverpit_0.0_b65/,3.52179,0.11509,0,0,0,65,0.234949,0,139.971153781627,1.50002661563027,nan,nan,-0.002812848059159,0.002195513031779
beta_3.52179_m0.11509_muoverpit_0.1_b65/,3.52179,0.11509,0.05236,0.05236,0,65,0.234949,43.9696615010066,139.971153781627,1.50002661563027,nan,nan,-0.020442281998318,0.002457916254046
beta_3.52179_m0.11509_muoverpit_0.14_b65/,3.52179,0.11509,0.0733,0.0733,0,65,0.234949,61.5541670745566,139.971153781627,1.50002661563027,nan,nan,-0.022896008364086,0.003160832478145
beta_3.52179_m0.11509_muoverpit_0.17_b65/,3.52179,0.11509,0.08901,0.08901,0,65,0.234949,74.7467450382849,139.971153781627,1.50002661563027,nan,nan,-0.026140002313543,0.002532167886053
beta_3.52179_m0.11509_muoverpit_0.20_b65/,3.52179,0.11509,0.10472,0.10472,0,65,0.234949,87.9393230020132,139.971153781627,1.50002661563027,nan,nan,-0.03024812474027,0.001801341370466
beta_3.52179_m0.11509_muoverpit_0.22_b65/,3.52179,0.11509,0.11519,0.11519,0,65,0.234949,96.7315757887882,139.971153781627,1.50002661563027,nan,nan,-0.034884177328276,0.002460514312994
beta_3.52179_m0.11509_muoverpit_0.24_b65/,3.52179,0.11509,0.12566,0.12566,0,65,0.234949,105.523828575563,139.971153781627,1.50002661563027,nan,nan,-0.031301726109322,0.00293177112222
beta_3.52179_m0.11509_muoverpit_0.275_b65/,3.52179,0.11509,0.14399,0.14399,0,65,0.234949,120.916569127768,139.971153781627,1.50002661563027,nan,nan,-0.035396935255435,0.002468394047968
beta_3.50796_m0.12199_muoverpit_0.0_b70/,3.50796,0.12199,0,0,0,70,0.243818,0,134.879634029643,1.50002784583584,nan,nan,-0.002015664113509,0.002282730095824
beta_3.50796_m0.12199_muoverpit_0.1_b70/,3.50796,0.12199,0.05236,0.05236,0,70,0.243818,42.3702433782576,134.879634029643,1.50002784583584,nan,nan,-0.011509582217549,0.002753215435289
beta_3.50796_m0.12199_muoverpit_0.14_b70/,3.50796,0.12199,0.0733,0.0733,0,70,0.243818,59.3151038889664,134.879634029643,1.50002784583584,nan,nan,-0.013761543592767,0.002375669207701
beta_3.50796_m0.12199_muoverpit_0.17_b70/,3.50796,0.12199,0.08901,0.08901,0,70,0.243818,72.0277953227407,134.879634029643,1.50002784583584,nan,nan,-0.02371138522606,0.001624231477987
beta_3.50796_m0.12199_muoverpit_0.20_b70/,3.50796,0.12199,0.10472,0.10472,0,70,0.243818,84.7404867565151,134.879634029643,1.50002784583584,nan,nan,-0.018158300290163,0.002071946038063
beta_3.50796_m0.12199_muoverpit_0.22_b70/,3.50796,0.12199,0.11519,0.11519,0,70,0.243818,93.2129170118695,134.879634029643,1.50002784583584,nan,nan,-0.023577036941647,0.002690581548088
beta_3.50796_m0.12199_muoverpit_0.24_b70/,3.50796,0.12199,0.12566,0.12566,0,70,0.243818,101.685347267224,134.879634029643,1.50002784583584,nan,nan,-0.024454072237895,0.002186948554597
beta_3.50796_m0.12199_muoverpit_0.275_b70/,3.50796,0.12199,0.14399,0.14399,0,70,0.243818,116.518169290208,134.879634029643,1.50002784583584,nan,nan,-0.023151679393391,0.002589430095328
beta_3.47519_m0.141803_muoverpit_0.0_b83/,3.47519,0.141803,0,0,0,83,0.265494,0,123.867517193758,1.50003530593646,-0.001328776797953,0.003096361946738,-0.006005726771599,0.002535087929236
beta_3.47519_m0.141803_muoverpit_0.1_b83/,3.47519,0.141803,0.05236,0.05236,0,83,0.265494,38.9109659728657,123.867517193758,1.50003530593646,0.003469005361854,0.003695654844453,-0.009423827049692,0.002632644617881
beta_3.47519_m0.141803_muoverpit_0.14_b83/,3.47519,0.141803,0.0733,0.0733,0,83,0.265494,54.4723797901271,123.867517193758,1.50003530593646,0.008577056135675,0.003836650312077,-0.012759926021196,0.002000905923047
beta_3.47519_m0.141803_muoverpit_0.17_b83/,3.47519,0.141803,0.08901,0.08901,0,83,0.265494,66.1471558679292,123.867517193758,1.50003530593646,0.009155472692938,0.003662841940735,-0.017602400174919,0.00223049685514
beta_3.47519_m0.141803_muoverpit_0.20_b83/,3.47519,0.141803,0.10472,0.10472,0,83,0.265494,77.8219319457314,123.867517193758,1.50003530593646,0.002030164742609,0.003548033339061,-0.026147963555318,0.001839773045824
beta_3.47519_m0.141803_muoverpit_0.22_b83/,3.47519,0.141803,0.11519,0.11519,0,83,0.265494,85.6026388543621,123.867517193758,1.50003530593646,0.008658825151998,0.00427834872814,-0.022837963326052,0.002691814323241
beta_3.47519_m0.141803_muoverpit_0.24_b83/,3.47519,0.141803,0.12566,0.12566,0,83,0.265494,93.3833457629928,123.867517193758,1.50003530593646,0.009101941788138,0.003645803058865,-0.028691783520437,0.002526511768044
beta_3.47519_m0.141803_muoverpit_0.275_b83/,3.47519,0.141803,0.14399,0.14399,0,83,0.265494,107.005156425381,123.867517193758,1.50003530593646,0.017702884775341,0.003423598481192,-0.03122382369886,0.002837484446493
beta_3.6296_m0.07392_muoverpit_0.0_b35/,3.6296,0.07392,0,0,0,35,0.172401,0,190.753433041801,1.50010373828655,nan,nan,-0.006644426309677,0.003226035246256
beta_3.6296_m0.07392_muoverpit_0.1_b35/,3.6296,0.07392,0.05236,0.05236,0,35,0.172401,59.9220886189755,190.753433041801,1.50010373828655,nan,nan,-0.03117479669489,0.003014054089889
beta_3.6296_m0.07392_muoverpit_0.14_b35/,3.6296,0.07392,0.0733,0.0733,0,35,0.172401,83.8863463669004,190.753433041801,1.50010373828655,nan,nan,-0.046519367804044,0.003013924672043
beta_3.6296_m0.07392_muoverpit_0.17_b35/,3.6296,0.07392,0.08901,0.08901,0,35,0.172401,101.865261802426,190.753433041801,1.50010373828655,nan,nan,-0.055268883214707,0.002103970276664
beta_3.6296_m0.07392_muoverpit_0.20_b35/,3.6296,0.07392,0.10472,0.10472,0,35,0.172401,119.844177237951,190.753433041801,1.50010373828655,nan,nan,-0.061984696024113,0.003001186711624
beta_3.6296_m0.07392_muoverpit_0.22_b35/,3.6296,0.07392,0.11519,0.11519,0,35,0.172401,131.826306111914,190.753433041801,1.50010373828655,nan,nan,-0.071138874403829,0.00221454946293
beta_3.6296_m0.07392_muoverpit_0.24_b35/,3.6296,0.07392,0.12566,0.12566,0,35,0.172401,143.808434985876,190.753433041801,1.50010373828655,nan,nan,-0.081689667796464,0.003555051003833
beta_3.6296_m0.07392_muoverpit_0.275_b35/,3.6296,0.07392,0.14399,0.14399,0,35,0.172401,164.785743702183,190.753433041801,1.50010373828655,nan,nan,-0.087606190577425,0.002029624594691
beta_3.5519_m0.10119_muoverpit_0.0_b55/,3.5519,0.10119,0,0,0,55,0.216115,0,152.169366355133,1.50011888081605,nan,nan,-0.013510695453589,0.002689590757671
beta_3.5519_m0.10119_muoverpit_0.1_b55/,3.5519,0.10119,0.05236,0.05236,0,55,0.216115,47.8015315919765,152.169366355133,1.50011888081605,nan,nan,-0.029425463224158,0.002845472729807
beta_3.5519_m0.10119_muoverpit_0.14_b55/,3.5519,0.10119,0.0733,0.0733,0,55,0.216115,66.9184924692872,152.169366355133,1.50011888081605,nan,nan,-0.040631959839318,0.002212237560865
beta_3.5519_m0.10119_muoverpit_0.17_b55/,3.5519,0.10119,0.08901,0.08901,0,55,0.216115,81.2607778266201,152.169366355133,1.50011888081605,nan,nan,-0.048180546592159,0.002968528623963
beta_3.5519_m0.10119_muoverpit_0.20_b55/,3.5519,0.10119,0.10472,0.10472,0,55,0.216115,95.603063183953,152.169366355133,1.50011888081605,nan,nan,-0.054210917026697,0.002034079034535
beta_3.5519_m0.10119_muoverpit_0.22_b55/,3.5519,0.10119,0.11519,0.11519,0,55,0.216115,105.161543622608,152.169366355133,1.50011888081605,nan,nan,-0.055798828885816,0.002375367200197
beta_3.5519_m0.10119_muoverpit_0.24_b55/,3.5519,0.10119,0.12566,0.12566,0,55,0.216115,114.720024061264,152.169366355133,1.50011888081605,nan,nan,-0.064004160335787,0.002388965447874
beta_3.5519_m0.10119_muoverpit_0.275_b55/,3.5519,0.10119,0.14399,0.14399,0,55,0.216115,131.454211877935,152.169366355133,1.50011888081605,nan,nan,-0.066166647089851,0.00211220464263
beta_3.49488_m0.12888_muoverpit_0.0_b75/,3.49488,0.12888,0,0,0,75,0.252367,0,130.310550150533,1.50013016263811,nan,nan,0.0018976918465,0.002083614821823
beta_3.49488_m0.12888_muoverpit_0.1_b75/,3.49488,0.12888,0.05236,0.05236,0,75,0.252367,40.9349399881918,130.310550150533,1.50013016263811,nan,nan,-0.008359194954513,0.002673065613797
beta_3.49488_m0.12888_muoverpit_0.14_b75/,3.49488,0.12888,0.0733,0.0733,0,75,0.252367,57.30578879172,130.310550150533,1.50013016263811,nan,nan,-0.016389220378403,0.002646428366646
beta_3.49488_m0.12888_muoverpit_0.17_b75/,3.49488,0.12888,0.08901,0.08901,0,75,0.252367,69.5878343840518,130.310550150533,1.50013016263811,nan,nan,-0.015736885681121,0.002280423621045
beta_3.49488_m0.12888_muoverpit_0.20_b75/,3.49488,0.12888,0.10472,0.10472,0,75,0.252367,81.8698799763836,130.310550150533,1.50013016263811,nan,nan,-0.019119618675419,0.002038570519447
beta_3.49488_m0.12888_muoverpit_0.22_b75/,3.49488,0.12888,0.11519,0.11519,0,75,0.252367,90.0553043781477,130.310550150533,1.50013016263811,nan,nan,-0.018392616150195,0.002535552382584
beta_3.49488_m0.12888_muoverpit_0.24_b75/,3.49488,0.12888,0.12566,0.12566,0,75,0.252367,98.2407287799118,130.310550150533,1.50013016263811,nan,nan,-0.023097823337818,0.001927992159333
beta_3.49488_m0.12888_muoverpit_0.275_b75/,3.49488,0.12888,0.14399,0.14399,0,75,0.252367,112.571084967527,130.310550150533,1.50013016263811,nan,nan,-0.021484044975732,0.002500646735375
beta_3.5162_m0.11791_muoverpit_0.0_b67/,3.5162,0.11791,0,0,0,67,0.238527,0,137.871530727505,1.50014251994825,nan,nan,-0.009026921052902,0.002786768069581
beta_3.5162_m0.11791_muoverpit_0.1_b67/,3.5162,0.11791,0.05236,0.05236,0,67,0.238527,43.3100990663531,137.871530727505,1.50014251994825,nan,nan,-0.018465798151144,0.002288998855702
beta_3.5162_m0.11791_muoverpit_0.14_b67/,3.5162,0.11791,0.0733,0.0733,0,67,0.238527,60.6308300527823,137.871530727505,1.50014251994825,nan,nan,-0.018313627851789,0.002305857085113
beta_3.5162_m0.11791_muoverpit_0.17_b67/,3.5162,0.11791,0.08901,0.08901,0,67,0.238527,73.6255140927442,137.871530727505,1.50014251994825,nan,nan,-0.02431876907164,0.001905953679387
beta_3.5162_m0.11791_muoverpit_0.20_b67/,3.5162,0.11791,0.10472,0.10472,0,67,0.238527,86.6201981327062,137.871530727505,1.50014251994825,nan,nan,-0.028677557949917,0.002596243466814
beta_3.5162_m0.11791_muoverpit_0.22_b67/,3.5162,0.11791,0.11519,0.11519,0,67,0.238527,95.2805636259208,137.871530727505,1.50014251994825,nan,nan,-0.029900447904208,0.002723452581109
beta_3.5162_m0.11791_muoverpit_0.24_b67/,3.5162,0.11791,0.12566,0.12566,0,67,0.238527,103.940929119135,137.871530727505,1.50014251994825,nan,nan,-0.028642804808865,0.002041043127716
beta_3.5162_m0.11791_muoverpit_0.275_b67/,3.5162,0.11791,0.14399,0.14399,0,67,0.238527,119.102772432471,137.871530727505,1.50014251994825,nan,nan,-0.036236835721998,0.00248133175046
beta_3.6069_m0.08072_muoverpit_0.0_b40/,3.6069,0.08072,0,0,0,40,0.184302,0,178.435842312289,1.50014315703106,nan,nan,-0.007021285047822,0.003043406052915
beta_3.6069_m0.08072_muoverpit_0.1_b40/,3.6069,0.08072,0.05236,0.05236,0,40,0.184302,56.0527178218359,178.435842312289,1.50014315703106,nan,nan,-0.043740560989983,0.003156987473008
beta_3.6069_m0.08072_muoverpit_0.14_b40/,3.6069,0.08072,0.0733,0.0733,0,40,0.184302,78.4695228483685,178.435842312289,1.50014315703106,nan,nan,-0.056404372523815,0.002952495488531
beta_3.6069_m0.08072_muoverpit_0.17_b40/,3.6069,0.08072,0.08901,0.08901,0,40,0.184302,95.2874792460201,178.435842312289,1.50014315703106,nan,nan,-0.067771699176218,0.002902518994516
beta_3.6069_m0.08072_muoverpit_0.20_b40/,3.6069,0.08072,0.10472,0.10472,0,40,0.184302,112.105435643672,178.435842312289,1.50014315703106,nan,nan,-0.082297383010294,0.002458387664996
beta_3.6069_m0.08072_muoverpit_0.22_b40/,3.6069,0.08072,0.11519,0.11519,0,40,0.184302,123.313838156938,178.435842312289,1.50014315703106,nan,nan,-0.088533893523881,0.002511967700971
beta_3.6069_m0.08072_muoverpit_0.24_b40/,3.6069,0.08072,0.12566,0.12566,0,40,0.184302,134.522240670204,178.435842312289,1.50014315703106,nan,nan,-0.093040124873778,0.002606741952266
beta_3.6069_m0.08072_muoverpit_0.275_b40/,3.6069,0.08072,0.14399,0.14399,0,40,0.184302,154.144974010049,178.435842312289,1.50014315703106,nan,nan,-0.108884568239419,0.002394706908997
beta_3.5364_m0.10805_muoverpit_0.0_b60/,3.5364,0.10805,0,0,0,60,0.225722,0,145.692854971334,1.50015550909885,nan,nan,-0.001393037148159,0.002611127411024
beta_3.5364_m0.10805_muoverpit_0.1_b60/,3.5364,0.10805,0.05236,0.05236,0,60,0.225722,45.7670408732866,145.692854971334,1.50015550909885,nan,nan,-0.012235790174353,0.001746210413326
beta_3.5364_m0.10805_muoverpit_0.14_b60/,3.5364,0.10805,0.0733,0.0733,0,60,0.225722,64.0703608864001,145.692854971334,1.50015550909885,nan,nan,-0.02510945360746,0.002858436194627
beta_3.5364_m0.10805_muoverpit_0.17_b60/,3.5364,0.10805,0.08901,0.08901,0,60,0.225722,77.8022213164867,145.692854971334,1.50015550909885,nan,nan,-0.02827955332194,0.002471920095447
beta_3.5364_m0.10805_muoverpit_0.20_b60/,3.5364,0.10805,0.10472,0.10472,0,60,0.225722,91.5340817465732,145.692854971334,1.50015550909885,nan,nan,-0.03458753298502,0.003073589341901
beta_3.5364_m0.10805_muoverpit_0.22_b60/,3.5364,0.10805,0.11519,0.11519,0,60,0.225722,100.68574175313,145.692854971334,1.50015550909885,nan,nan,-0.031164495340221,0.001755110525445
beta_3.5364_m0.10805_muoverpit_0.24_b60/,3.5364,0.10805,0.12566,0.12566,0,60,0.225722,109.837401759687,145.692854971334,1.50015550909885,nan,nan,-0.031067103991164,0.00212818074027
beta_3.5364_m0.10805_muoverpit_0.275_b60/,3.5364,0.10805,0.14399,0.14399,0,60,0.225722,125.859362401538,145.692854971334,1.50015550909885,nan,nan,-0.037815688011844,0.002968453729499
beta_3.5686_m0.09434_muoverpit_0.0_b50/,3.5686,0.09434,0,0,0,50,0.206033,0,159.615608227029,1.50047665195048,nan,nan,-0.002354072745224,0.001280372307578
beta_3.5686_m0.09434_muoverpit_0.1_b50/,3.5686,0.09434,0.05236,0.05236,0,50,0.206033,50.1406473720229,159.615608227029,1.50047665195048,nan,nan,-0.022341634963805,0.002265925242805
beta_3.5686_m0.09434_muoverpit_0.14_b50/,3.5686,0.09434,0.0733,0.0733,0,50,0.206033,70.1930758664874,159.615608227029,1.50047665195048,nan,nan,-0.040703697345163,0.002485536872044
beta_3.5686_m0.09434_muoverpit_0.17_b50/,3.5686,0.09434,0.08901,0.08901,0,50,0.206033,85.2371853052667,159.615608227029,1.50047665195048,nan,nan,-0.045270717968321,0.002599673152858
beta_3.5686_m0.09434_muoverpit_0.20_b50/,3.5686,0.09434,0.10472,0.10472,0,50,0.206033,100.281294744046,159.615608227029,1.50047665195048,nan,nan,-0.055987151576684,0.0027791095915
beta_3.5686_m0.09434_muoverpit_0.22_b50/,3.5686,0.09434,0.11519,0.11519,0,50,0.206033,110.307508991278,159.615608227029,1.50047665195048,nan,nan,-0.05860524806837,0.002346909262819
beta_3.5686_m0.09434_muoverpit_0.24_b50/,3.5686,0.09434,0.12566,0.12566,0,50,0.206033,120.33372323851,159.615608227029,1.50047665195048,nan,nan,-0.06215661497971,0.002766147224536
beta_3.5686_m0.09434_muoverpit_0.275_b50/,3.5686,0.09434,0.14399,0.14399,0,50,0.206033,137.886780273063,159.615608227029,1.50047665195048,nan,nan,-0.073614803848973,0.002627787276028
beta_3.5870_m0.08746_muoverpit_0.0_b45/,3.587,0.08746,0,0,0,45,0.195416,0,168.287564016455,1.50115343767881,nan,nan,-0.011397371519529,0.002534736328064
beta_3.5870_m0.08746_muoverpit_0.1_b45/,3.587,0.08746,0.05236,0.05236,0,45,0.195416,52.8648012445245,168.287564016455,1.50115343767881,nan,nan,-0.03660208861031,0.002720733489169
beta_3.5870_m0.08746_muoverpit_0.14_b45/,3.587,0.08746,0.0733,0.0733,0,45,0.195416,74.0066831784501,168.287564016455,1.50115343767881,nan,nan,-0.04999654438761,0.001978494686752
beta_3.5870_m0.08746_muoverpit_0.17_b45/,3.587,0.08746,0.08901,0.08901,0,45,0.195416,89.8681428337496,168.287564016455,1.50115343767881,nan,nan,-0.054913833025865,0.002610610436646
beta_3.5870_m0.08746_muoverpit_0.20_b45/,3.587,0.08746,0.10472,0.10472,0,45,0.195416,105.729602489049,168.287564016455,1.50115343767881,nan,nan,-0.067726999187963,0.002829200597208
beta_3.5870_m0.08746_muoverpit_0.22_b45/,3.587,0.08746,0.11519,0.11519,0,45,0.195416,116.300543456012,168.287564016455,1.50115343767881,nan,nan,-0.07770532544312,0.003033087592308
beta_3.5870_m0.08746_muoverpit_0.24_b45/,3.587,0.08746,0.12566,0.12566,0,45,0.195416,126.871484422975,168.287564016455,1.50115343767881,nan,nan,-0.077337527096209,0.003013816300636
beta_3.5870_m0.08746_muoverpit_0.275_b45/,3.587,0.08746,0.14399,0.14399,0,45,0.195416,145.378203422442,168.287564016455,1.50115343767881,nan,nan,-0.08816845259356,0.00268785272621
