#N_stochastic_estimator = 32
0	-0.675691930555848
1	-0.687510279542707
2	-0.617563692442221
3	-0.964172514057949
4	-0.901150405678410
5	-0.803837771255110
6	-0.522096000910249
7	-0.827523402016817
8	-0.186060292341345
9	-0.670002270314199
10	-0.864692739617895
11	-0.589743287104412
12	-0.604317273399900
13	-0.900429396541574
14	-0.568887354333099
15	-1.043590657682302
16	-0.838563087112186
17	-0.139499805429398
18	-1.082757775105486
19	-0.574853736287915
20	-0.078663130038743
21	-0.792204387546034
22	-0.926101875831873
23	-0.981857456927622
24	-0.379730601009223
25	-0.468537652296183
26	-0.574459459740954
27	-0.697754036722975
28	-1.088419735550223
29	0.010744146350300
30	-0.639186900052329
31	-0.376729535970573
32	-0.914353406547482
33	-0.961713130665347
34	-0.890860235073856
35	-0.952871643830886
36	-0.876498754312021
37	-0.764905396005122
38	-0.572407785748010
39	-0.951702060114485
40	-1.358050181794735
41	-0.394874003345117
42	-0.231583562503540
43	-1.238785261293664
44	-0.621015057068261
45	-0.587621855430725
46	-0.809240297347168
47	-0.806152987109259
48	-0.716716942053196
49	-0.567847051276181
