12 12 0.00 0.001 0 nan nan
12 12 0.00 0.001 1 nan nan
12 12 0.00 0.001 2 nan nan
12 12 0.00 0.001 3 -0.061355441219855 0.017143106868615
12 12 0.00 0.001 4 nan nan
12 12 0.00 0.001 5 nan nan
12 12 0.00 0.001 6 -0.000140808753973 0.020096759410963
12 12 0.00 0.001 7 nan nan
12 12 0.00 0.001 8 -0.025263105235328 0.029781069441595
12 12 0.00 0.001 9 -0.041112320108649 0.030182376148503
12 12 0.00 0.001 10 -0.033076305260302 0.033596226500723
12 12 0.00 0.001 11 nan nan
12 12 0.00 0.001 12 -0.001482247211159 0.026338551472745
12 12 0.00 0.001 13 nan nan
12 12 0.00 0.001 14 -0.007225561470543 0.032575733735795
12 12 0.00 0.001 15 -0.019682074675926 0.038312642894053
12 12 0.00 0.001 16 -0.015350993339701 0.032604893153575
12 12 0.00 0.001 17 nan nan
12 12 0.00 0.001 18 -0.001347641250523 0.021796943469301
12 12 0.00 0.001 19 nan nan
12 12 0.00 0.001 20 0.003601958741894 0.023322836263974
12 12 0.00 0.001 21 nan nan
12 12 0.00 0.001 22 nan nan
12 12 0.00 0.001 23 -0.007219586722270 0.030067997992048
12 12 0.00 0.001 24 -0.002170645158964 0.029324212530626
12 12 0.00 0.001 25 0.005351705486091 0.025116534376797
12 12 0.00 0.001 26 -0.000412778981891 0.024935870721220
12 12 0.00 0.001 27 nan nan
12 12 0.00 0.001 28 nan nan
12 12 0.00 0.001 29 -0.004373478375845 0.031300697044068
12 12 0.00 0.001 30 0.002421266252705 0.036951660392892
12 12 0.00 0.001 31 nan nan
12 12 0.00 0.001 32 0.001039518940816 0.031347449351172
12 12 0.00 0.01 0 nan nan
12 12 0.00 0.01 1 nan nan
12 12 0.00 0.01 2 nan nan
12 12 0.00 0.01 3 nan nan
12 12 0.00 0.01 4 nan nan
12 12 0.00 0.01 5 nan nan
12 12 0.00 0.01 6 nan nan
12 12 0.00 0.01 7 nan nan
12 12 0.00 0.01 8 nan nan
12 12 0.00 0.01 9 nan nan
12 12 0.00 0.01 10 nan nan
12 12 0.00 0.01 11 nan nan
12 12 0.00 0.01 12 nan nan
12 12 0.00 0.01 13 nan nan
12 12 0.00 0.01 14 nan nan
12 12 0.00 0.01 15 nan nan
12 12 0.00 0.01 16 nan nan
12 12 0.00 0.01 17 nan nan
12 12 0.00 0.01 18 nan nan
12 12 0.00 0.01 19 nan nan
12 12 0.00 0.01 20 nan nan
12 12 0.00 0.01 21 nan nan
12 12 0.00 0.01 22 nan nan
12 12 0.00 0.01 23 nan nan
12 12 0.00 0.01 24 nan nan
12 12 0.00 0.01 25 nan nan
12 12 0.00 0.01 26 nan nan
12 12 0.00 0.01 27 nan nan
12 12 0.00 0.01 28 nan nan
12 12 0.00 0.01 29 nan nan
12 12 0.00 0.01 30 nan nan
12 12 0.00 0.01 31 nan nan
12 12 0.00 0.01 32 nan nan
12 12 0.00 0.0001 0 nan nan
12 12 0.00 0.0001 1 nan nan
12 12 0.00 0.0001 2 nan nan
12 12 0.00 0.0001 3 nan nan
12 12 0.00 0.0001 4 nan nan
12 12 0.00 0.0001 5 nan nan
12 12 0.00 0.0001 6 nan nan
12 12 0.00 0.0001 7 nan nan
12 12 0.00 0.0001 8 nan nan
12 12 0.00 0.0001 9 nan nan
12 12 0.00 0.0001 10 nan nan
12 12 0.00 0.0001 11 nan nan
12 12 0.00 0.0001 12 nan nan
12 12 0.00 0.0001 13 nan nan
12 12 0.00 0.0001 14 nan nan
12 12 0.00 0.0001 15 nan nan
12 12 0.00 0.0001 16 nan nan
12 12 0.00 0.0001 17 nan nan
12 12 0.00 0.0001 18 nan nan
12 12 0.00 0.0001 19 nan nan
12 12 0.00 0.0001 20 nan nan
12 12 0.00 0.0001 21 nan nan
12 12 0.00 0.0001 22 nan nan
12 12 0.00 0.0001 23 nan nan
12 12 0.00 0.0001 24 nan nan
12 12 0.00 0.0001 25 nan nan
12 12 0.00 0.0001 26 nan nan
12 12 0.00 0.0001 27 nan nan
12 12 0.00 0.0001 28 nan nan
12 12 0.00 0.0001 29 nan nan
12 12 0.00 0.0001 30 nan nan
12 12 0.00 0.0001 31 nan nan
12 12 0.00 0.0001 32 nan nan
12 12 0.10 0.001 0 -0.000474498782118 0.023383514436065
12 12 0.10 0.001 1 -0.074555288249312 0.017149527168344
12 12 0.10 0.001 2 -0.231018284233660 0.025140517846180
12 12 0.10 0.001 3 -0.225960630091962 0.024475914526448
12 12 0.10 0.001 4 -0.178616160811832 0.032958391890041
12 12 0.10 0.001 5 -0.150240196656203 0.037710100636905
12 12 0.10 0.001 6 -0.171497600289114 0.034761488178992
12 12 0.10 0.001 7 -0.225643058298030 0.044227944792362
12 12 0.10 0.001 8 -0.246522089372911 0.043468545759946
12 12 0.10 0.001 9 -0.100021783484376 0.047902040852960
12 12 0.10 0.001 10 -0.162864909238822 0.052815508107661
12 12 0.10 0.001 11 -0.142571552720113 0.053863421917496
12 12 0.10 0.001 12 -0.084755078535427 0.047409849937779
12 12 0.10 0.001 13 -0.077858614599878 0.052832645834199
12 12 0.10 0.001 14 -0.061239449816457 0.046165489915334
12 12 0.10 0.001 15 -0.055040798206205 0.044303877831763
12 12 0.10 0.001 16 nan nan
12 12 0.10 0.001 17 nan nan
12 12 0.10 0.001 18 0.009969679719140 0.025749681786979
12 12 0.10 0.001 19 -0.012558084847856 0.034181205947596
12 12 0.10 0.001 20 -0.045312642912447 0.039056941502104
12 12 0.10 0.001 21 -0.076216915567334 0.043739521541882
12 12 0.10 0.001 22 -0.058063165147679 0.050469678077162
12 12 0.10 0.001 23 -0.027466854045641 0.049542736543881
12 12 0.10 0.001 24 -0.010563939621225 0.037443500172939
12 12 0.10 0.001 25 -0.018303959937735 0.050079972309618
12 12 0.10 0.001 26 -0.010450547404306 0.036699770655114
12 12 0.10 0.001 27 -0.022449603672505 0.042859468177815
12 12 0.10 0.001 28 -0.028982379694014 0.042808977781558
12 12 0.10 0.001 29 -0.023178959149958 0.045879572922152
12 12 0.10 0.001 30 -0.025441750655652 0.066634228440818
12 12 0.10 0.001 31 -0.013320940350237 0.051458213195692
12 12 0.10 0.001 32 -0.010927694826646 0.045251416974903
12 12 0.10 0.01 0 nan nan
12 12 0.10 0.01 1 nan nan
12 12 0.10 0.01 2 nan nan
12 12 0.10 0.01 3 nan nan
12 12 0.10 0.01 4 nan nan
12 12 0.10 0.01 5 nan nan
12 12 0.10 0.01 6 nan nan
12 12 0.10 0.01 7 nan nan
12 12 0.10 0.01 8 nan nan
12 12 0.10 0.01 9 nan nan
12 12 0.10 0.01 10 nan nan
12 12 0.10 0.01 11 nan nan
12 12 0.10 0.01 12 nan nan
12 12 0.10 0.01 13 nan nan
12 12 0.10 0.01 14 nan nan
12 12 0.10 0.01 15 nan nan
12 12 0.10 0.01 16 nan nan
12 12 0.10 0.01 17 nan nan
12 12 0.10 0.01 18 nan nan
12 12 0.10 0.01 19 nan nan
12 12 0.10 0.01 20 nan nan
12 12 0.10 0.01 21 nan nan
12 12 0.10 0.01 22 nan nan
12 12 0.10 0.01 23 nan nan
12 12 0.10 0.01 24 nan nan
12 12 0.10 0.01 25 nan nan
12 12 0.10 0.01 26 nan nan
12 12 0.10 0.01 27 nan nan
12 12 0.10 0.01 28 nan nan
12 12 0.10 0.01 29 nan nan
12 12 0.10 0.01 30 nan nan
12 12 0.10 0.01 31 nan nan
12 12 0.10 0.01 32 nan nan
12 12 0.10 0.0001 0 nan nan
12 12 0.10 0.0001 1 nan nan
12 12 0.10 0.0001 2 nan nan
12 12 0.10 0.0001 3 nan nan
12 12 0.10 0.0001 4 nan nan
12 12 0.10 0.0001 5 nan nan
12 12 0.10 0.0001 6 nan nan
12 12 0.10 0.0001 7 nan nan
12 12 0.10 0.0001 8 nan nan
12 12 0.10 0.0001 9 nan nan
12 12 0.10 0.0001 10 nan nan
12 12 0.10 0.0001 11 nan nan
12 12 0.10 0.0001 12 nan nan
12 12 0.10 0.0001 13 nan nan
12 12 0.10 0.0001 14 nan nan
12 12 0.10 0.0001 15 nan nan
12 12 0.10 0.0001 16 nan nan
12 12 0.10 0.0001 17 nan nan
12 12 0.10 0.0001 18 nan nan
12 12 0.10 0.0001 19 nan nan
12 12 0.10 0.0001 20 nan nan
12 12 0.10 0.0001 21 nan nan
12 12 0.10 0.0001 22 nan nan
12 12 0.10 0.0001 23 nan nan
12 12 0.10 0.0001 24 nan nan
12 12 0.10 0.0001 25 nan nan
12 12 0.10 0.0001 26 nan nan
12 12 0.10 0.0001 27 nan nan
12 12 0.10 0.0001 28 nan nan
12 12 0.10 0.0001 29 nan nan
12 12 0.10 0.0001 30 nan nan
12 12 0.10 0.0001 31 nan nan
12 12 0.10 0.0001 32 nan nan
12 12 0.20 0.001 0 -0.000929827208916 0.082218711006532
12 12 0.20 0.001 1 -0.531546059802137 0.118220262800035
12 12 0.20 0.001 2 -0.385094748029388 0.094129595367071
12 12 0.20 0.001 3 -0.733842993912993 0.160990725731666
12 12 0.20 0.001 4 -0.582244851470528 0.196177701430742
12 12 0.20 0.001 5 -0.138269454566089 0.192203199951861
12 12 0.20 0.001 6 -0.697196315462035 0.177403265512252
12 12 0.20 0.001 7 -0.723914461018411 0.230495101773256
12 12 0.20 0.001 8 -0.204190865332994 0.161962687697523
12 12 0.20 0.001 9 -0.369887480817823 0.193841585355759
12 12 0.20 0.001 10 -0.372575868029148 0.241113153218053
12 12 0.20 0.001 11 -0.128939595218702 0.191610608585393
12 12 0.20 0.001 12 -0.046138253208141 0.238487159753831
12 12 0.20 0.001 13 -0.164215804267878 0.229339941043944
12 12 0.20 0.001 14 -0.110451344101876 0.198762938753673
12 12 0.20 0.001 15 0.025312313886612 0.242314320127233
12 12 0.20 0.001 16 -0.124453653394275 0.177597083599158
12 12 0.20 0.001 17 0.036277163167770 0.119733699915406
12 12 0.20 0.001 18 0.044615036341880 0.134018863037873
12 12 0.20 0.001 19 -0.109310139586975 0.182234056370422
12 12 0.20 0.001 20 -0.035445044021499 0.194218995009315
12 12 0.20 0.001 21 -0.222235057728450 0.251932524746517
12 12 0.20 0.001 22 -0.096149829798290 0.137167594997258
12 12 0.20 0.001 23 -0.057331746392793 0.256761378264288
12 12 0.20 0.001 24 0.004623365926518 0.189326787358035
12 12 0.20 0.001 25 0.002561974031414 0.218321092132332
12 12 0.20 0.001 26 -0.140822917820504 0.196271602065163
12 12 0.20 0.001 27 nan nan
12 12 0.20 0.001 28 -0.072887405168744 0.232510405719347
12 12 0.20 0.001 29 -0.025731176661478 0.159365892536149
12 12 0.20 0.001 30 -0.155197170735299 0.418678554702833
12 12 0.20 0.001 31 -0.020480476145036 0.156898525167162
12 12 0.20 0.001 32 -0.039145370179694 0.220088854985572
12 12 0.20 0.01 0 nan nan
12 12 0.20 0.01 1 nan nan
12 12 0.20 0.01 2 nan nan
12 12 0.20 0.01 3 nan nan
12 12 0.20 0.01 4 nan nan
12 12 0.20 0.01 5 nan nan
12 12 0.20 0.01 6 nan nan
12 12 0.20 0.01 7 nan nan
12 12 0.20 0.01 8 nan nan
12 12 0.20 0.01 9 nan nan
12 12 0.20 0.01 10 nan nan
12 12 0.20 0.01 11 nan nan
12 12 0.20 0.01 12 nan nan
12 12 0.20 0.01 13 nan nan
12 12 0.20 0.01 14 nan nan
12 12 0.20 0.01 15 nan nan
12 12 0.20 0.01 16 nan nan
12 12 0.20 0.01 17 nan nan
12 12 0.20 0.01 18 nan nan
12 12 0.20 0.01 19 nan nan
12 12 0.20 0.01 20 nan nan
12 12 0.20 0.01 21 nan nan
12 12 0.20 0.01 22 nan nan
12 12 0.20 0.01 23 nan nan
12 12 0.20 0.01 24 nan nan
12 12 0.20 0.01 25 nan nan
12 12 0.20 0.01 26 nan nan
12 12 0.20 0.01 27 nan nan
12 12 0.20 0.01 28 nan nan
12 12 0.20 0.01 29 nan nan
12 12 0.20 0.01 30 nan nan
12 12 0.20 0.01 31 nan nan
12 12 0.20 0.01 32 nan nan
12 12 0.20 0.0001 0 nan nan
12 12 0.20 0.0001 1 nan nan
12 12 0.20 0.0001 2 nan nan
12 12 0.20 0.0001 3 nan nan
12 12 0.20 0.0001 4 nan nan
12 12 0.20 0.0001 5 nan nan
12 12 0.20 0.0001 6 nan nan
12 12 0.20 0.0001 7 nan nan
12 12 0.20 0.0001 8 nan nan
12 12 0.20 0.0001 9 nan nan
12 12 0.20 0.0001 10 nan nan
12 12 0.20 0.0001 11 nan nan
12 12 0.20 0.0001 12 nan nan
12 12 0.20 0.0001 13 nan nan
12 12 0.20 0.0001 14 nan nan
12 12 0.20 0.0001 15 nan nan
12 12 0.20 0.0001 16 nan nan
12 12 0.20 0.0001 17 nan nan
12 12 0.20 0.0001 18 nan nan
12 12 0.20 0.0001 19 nan nan
12 12 0.20 0.0001 20 nan nan
12 12 0.20 0.0001 21 nan nan
12 12 0.20 0.0001 22 nan nan
12 12 0.20 0.0001 23 nan nan
12 12 0.20 0.0001 24 nan nan
12 12 0.20 0.0001 25 nan nan
12 12 0.20 0.0001 26 nan nan
12 12 0.20 0.0001 27 nan nan
12 12 0.20 0.0001 28 nan nan
12 12 0.20 0.0001 29 nan nan
12 12 0.20 0.0001 30 nan nan
12 12 0.20 0.0001 31 nan nan
12 12 0.20 0.0001 32 nan nan
12 12 0.30 0.001 0 0.006324147547244 0.197526334256988
12 12 0.30 0.001 1 0.427269250801213 0.308283923361990
12 12 0.30 0.001 2 1.365229580712451 0.370245566463320
12 12 0.30 0.001 3 1.290549551039081 0.405923597391458
12 12 0.30 0.001 4 0.951481039472187 0.531392270499721
12 12 0.30 0.001 5 nan nan
12 12 0.30 0.001 6 nan nan
12 12 0.30 0.001 7 1.172906919104398 0.578707757390195
12 12 0.30 0.001 8 nan nan
12 12 0.30 0.001 9 0.140106459083268 0.346475875012826
12 12 0.30 0.001 10 0.166811701995404 0.332000157341982
12 12 0.30 0.001 11 0.635112070272210 0.520356561764669
12 12 0.30 0.001 12 0.256822324568847 0.609662775027030
12 12 0.30 0.001 13 0.489005735070523 0.360863738561063
12 12 0.30 0.001 14 0.493337271703944 0.568201182732002
12 12 0.30 0.001 15 0.400984384498596 0.639530828931242
12 12 0.30 0.001 16 0.145589549249301 0.465784321415439
12 12 0.30 0.001 17 0.048955580975877 0.473176850973175
12 12 0.30 0.001 18 0.212189217610379 0.494538032190094
12 12 0.30 0.001 19 0.416486872324669 0.511037083727126
12 12 0.30 0.001 20 0.589424404410797 0.574072350754550
12 12 0.30 0.001 21 0.134296873337521 0.685012492751271
12 12 0.30 0.001 22 0.163146368420073 0.443179829143566
12 12 0.30 0.001 23 0.299534896011063 0.592851503700726
12 12 0.30 0.001 24 nan nan
12 12 0.30 0.001 25 0.034988787409647 0.456372725516416
12 12 0.30 0.001 26 0.349069190504967 0.465350524632553
12 12 0.30 0.001 27 0.152354019045929 0.249186121308904
12 12 0.30 0.001 28 0.219691265269229 0.529458175714582
12 12 0.30 0.001 29 0.053447106860006 0.249591638246360
12 12 0.30 0.001 30 0.137206532374428 0.805543091873661
12 12 0.30 0.001 31 0.146393297327688 0.460613190682344
12 12 0.30 0.001 32 0.057389184464093 0.386571202685945
12 12 0.30 0.01 0 nan nan
12 12 0.30 0.01 1 nan nan
12 12 0.30 0.01 2 nan nan
12 12 0.30 0.01 3 nan nan
12 12 0.30 0.01 4 nan nan
12 12 0.30 0.01 5 nan nan
12 12 0.30 0.01 6 nan nan
12 12 0.30 0.01 7 nan nan
12 12 0.30 0.01 8 nan nan
12 12 0.30 0.01 9 nan nan
12 12 0.30 0.01 10 nan nan
12 12 0.30 0.01 11 nan nan
12 12 0.30 0.01 12 nan nan
12 12 0.30 0.01 13 nan nan
12 12 0.30 0.01 14 nan nan
12 12 0.30 0.01 15 nan nan
12 12 0.30 0.01 16 nan nan
12 12 0.30 0.01 17 nan nan
12 12 0.30 0.01 18 nan nan
12 12 0.30 0.01 19 nan nan
12 12 0.30 0.01 20 nan nan
12 12 0.30 0.01 21 nan nan
12 12 0.30 0.01 22 nan nan
12 12 0.30 0.01 23 nan nan
12 12 0.30 0.01 24 nan nan
12 12 0.30 0.01 25 nan nan
12 12 0.30 0.01 26 nan nan
12 12 0.30 0.01 27 nan nan
12 12 0.30 0.01 28 nan nan
12 12 0.30 0.01 29 nan nan
12 12 0.30 0.01 30 nan nan
12 12 0.30 0.01 31 nan nan
12 12 0.30 0.01 32 nan nan
12 12 0.30 0.0001 0 nan nan
12 12 0.30 0.0001 1 nan nan
12 12 0.30 0.0001 2 nan nan
12 12 0.30 0.0001 3 nan nan
12 12 0.30 0.0001 4 nan nan
12 12 0.30 0.0001 5 nan nan
12 12 0.30 0.0001 6 nan nan
12 12 0.30 0.0001 7 nan nan
12 12 0.30 0.0001 8 nan nan
12 12 0.30 0.0001 9 nan nan
12 12 0.30 0.0001 10 nan nan
12 12 0.30 0.0001 11 nan nan
12 12 0.30 0.0001 12 nan nan
12 12 0.30 0.0001 13 nan nan
12 12 0.30 0.0001 14 nan nan
12 12 0.30 0.0001 15 nan nan
12 12 0.30 0.0001 16 nan nan
12 12 0.30 0.0001 17 nan nan
12 12 0.30 0.0001 18 nan nan
12 12 0.30 0.0001 19 nan nan
12 12 0.30 0.0001 20 nan nan
12 12 0.30 0.0001 21 nan nan
12 12 0.30 0.0001 22 nan nan
12 12 0.30 0.0001 23 nan nan
12 12 0.30 0.0001 24 nan nan
12 12 0.30 0.0001 25 nan nan
12 12 0.30 0.0001 26 nan nan
12 12 0.30 0.0001 27 nan nan
12 12 0.30 0.0001 28 nan nan
12 12 0.30 0.0001 29 nan nan
12 12 0.30 0.0001 30 nan nan
12 12 0.30 0.0001 31 nan nan
12 12 0.30 0.0001 32 nan nan
12 12 0.40 0.001 0 0.002002316294971 0.019628190853907
12 12 0.40 0.001 1 0.272701430864396 0.028237636977224
12 12 0.40 0.001 2 0.390217370275454 0.028905908706377
12 12 0.40 0.001 3 0.116554239084227 0.037387873325923
12 12 0.40 0.001 4 0.256856894052863 0.044835310107448
12 12 0.40 0.001 5 0.055133319363523 0.053263815086637
12 12 0.40 0.001 6 0.094585340332689 0.042141808682797
12 12 0.40 0.001 7 0.517514883255669 0.059777513988286
12 12 0.40 0.001 8 0.539832733884931 0.060660314282495
12 12 0.40 0.001 9 0.438383628652975 0.058912187346970
12 12 0.40 0.001 10 0.364430516984741 0.069450334668503
12 12 0.40 0.001 11 0.136190739640210 0.039461639919834
12 12 0.40 0.001 12 0.336684701003012 0.066033718203973
12 12 0.40 0.001 13 0.349732889834449 0.066685370743348
12 12 0.40 0.001 14 0.331041891086962 0.062585874981335
12 12 0.40 0.001 15 0.281520528858154 0.057290484605978
12 12 0.40 0.001 16 0.055237462528519 0.036776248626836
12 12 0.40 0.001 17 0.148519946317413 0.048770862537021
12 12 0.40 0.001 18 0.177679022326458 0.042177045331951
12 12 0.40 0.001 19 0.048961221086752 0.036650742826229
12 12 0.40 0.001 20 0.268517261116189 0.049171373446747
12 12 0.40 0.001 21 nan nan
12 12 0.40 0.001 22 0.089539658250165 0.049025420378456
12 12 0.40 0.001 23 0.176188009471898 0.064362165483172
12 12 0.40 0.001 24 0.031341642920486 0.048554360883758
12 12 0.40 0.001 25 0.029143821800348 0.049412894268653
12 12 0.40 0.001 26 0.193601145270308 0.053437365007909
12 12 0.40 0.001 27 0.157845855780127 0.040076426149072
12 12 0.40 0.001 28 0.130368685846693 0.054464726152095
12 12 0.40 0.001 29 0.104424638269089 0.056120761426427
12 12 0.40 0.001 30 0.106167240003546 0.091075031519167
12 12 0.40 0.001 31 0.085270193876801 0.057903654428632
12 12 0.40 0.001 32 0.068377435088584 0.059518749898719
12 12 0.40 0.01 0 nan nan
12 12 0.40 0.01 1 nan nan
12 12 0.40 0.01 2 nan nan
12 12 0.40 0.01 3 nan nan
12 12 0.40 0.01 4 nan nan
12 12 0.40 0.01 5 nan nan
12 12 0.40 0.01 6 nan nan
12 12 0.40 0.01 7 nan nan
12 12 0.40 0.01 8 nan nan
12 12 0.40 0.01 9 nan nan
12 12 0.40 0.01 10 nan nan
12 12 0.40 0.01 11 nan nan
12 12 0.40 0.01 12 nan nan
12 12 0.40 0.01 13 nan nan
12 12 0.40 0.01 14 nan nan
12 12 0.40 0.01 15 nan nan
12 12 0.40 0.01 16 nan nan
12 12 0.40 0.01 17 nan nan
12 12 0.40 0.01 18 nan nan
12 12 0.40 0.01 19 nan nan
12 12 0.40 0.01 20 nan nan
12 12 0.40 0.01 21 nan nan
12 12 0.40 0.01 22 nan nan
12 12 0.40 0.01 23 nan nan
12 12 0.40 0.01 24 nan nan
12 12 0.40 0.01 25 nan nan
12 12 0.40 0.01 26 nan nan
12 12 0.40 0.01 27 nan nan
12 12 0.40 0.01 28 nan nan
12 12 0.40 0.01 29 nan nan
12 12 0.40 0.01 30 nan nan
12 12 0.40 0.01 31 nan nan
12 12 0.40 0.01 32 nan nan
12 12 0.40 0.0001 0 nan nan
12 12 0.40 0.0001 1 nan nan
12 12 0.40 0.0001 2 nan nan
12 12 0.40 0.0001 3 nan nan
12 12 0.40 0.0001 4 nan nan
12 12 0.40 0.0001 5 nan nan
12 12 0.40 0.0001 6 nan nan
12 12 0.40 0.0001 7 nan nan
12 12 0.40 0.0001 8 nan nan
12 12 0.40 0.0001 9 nan nan
12 12 0.40 0.0001 10 nan nan
12 12 0.40 0.0001 11 nan nan
12 12 0.40 0.0001 12 nan nan
12 12 0.40 0.0001 13 nan nan
12 12 0.40 0.0001 14 nan nan
12 12 0.40 0.0001 15 nan nan
12 12 0.40 0.0001 16 nan nan
12 12 0.40 0.0001 17 nan nan
12 12 0.40 0.0001 18 nan nan
12 12 0.40 0.0001 19 nan nan
12 12 0.40 0.0001 20 nan nan
12 12 0.40 0.0001 21 nan nan
12 12 0.40 0.0001 22 nan nan
12 12 0.40 0.0001 23 nan nan
12 12 0.40 0.0001 24 nan nan
12 12 0.40 0.0001 25 nan nan
12 12 0.40 0.0001 26 nan nan
12 12 0.40 0.0001 27 nan nan
12 12 0.40 0.0001 28 nan nan
12 12 0.40 0.0001 29 nan nan
12 12 0.40 0.0001 30 nan nan
12 12 0.40 0.0001 31 nan nan
12 12 0.40 0.0001 32 nan nan
12 12 0.50 0.001 0 -0.000014408822250 0.018130676547121
12 12 0.50 0.001 1 0.135588483880858 0.018432851280568
12 12 0.50 0.001 2 0.172579405675616 0.017212365227431
12 12 0.50 0.001 3 0.145642482003334 0.016862277917210
12 12 0.50 0.001 4 0.007718727319229 0.015862436710284
12 12 0.50 0.001 5 0.145479650398131 0.021064862523808
12 12 0.50 0.001 6 0.218371959257974 0.020874365423185
12 12 0.50 0.001 7 0.293657284354187 0.025848555111407
12 12 0.50 0.001 8 0.089961190233669 0.017291404517586
12 12 0.50 0.001 9 0.049176765043541 0.022930215366703
12 12 0.50 0.001 10 0.038532533399835 0.023605676297199
12 12 0.50 0.001 11 0.307954010737947 0.035902146516533
12 12 0.50 0.001 12 0.247375768995359 0.028186160847218
12 12 0.50 0.001 13 0.278421065787237 0.032805504045486
12 12 0.50 0.001 14 0.065813637240831 0.026232705717566
12 12 0.50 0.001 15 0.240589252069362 0.033226259321607
12 12 0.50 0.001 16 0.209850245570784 0.030292166154287
12 12 0.50 0.001 17 0.162374276283043 0.024616771291194
12 12 0.50 0.001 18 0.182240151957029 0.023007380242333
12 12 0.50 0.001 19 0.054891356026850 0.022040657792801
12 12 0.50 0.001 20 0.050718255010602 0.022083546047670
12 12 0.50 0.001 21 0.048481083346497 0.021959904570732
12 12 0.50 0.001 22 0.209442670985813 0.029799343027243
12 12 0.50 0.001 23 0.152355359087965 0.029380350239284
12 12 0.50 0.001 24 0.153211658389548 0.031645012232893
12 12 0.50 0.001 25 0.156581185023081 0.032758169222247
12 12 0.50 0.001 26 0.154733661925685 0.029999768856042
12 12 0.50 0.001 27 0.139498325613615 0.028263583171303
12 12 0.50 0.001 28 0.019423978939113 0.019332540026957
12 12 0.50 0.001 29 0.092335107902763 0.033351221038812
12 12 0.50 0.001 30 0.084667461763751 0.040903025453416
12 12 0.50 0.001 31 0.077078354070451 0.029063569268601
12 12 0.50 0.001 32 0.016773772325880 0.025907591542855
12 12 0.50 0.01 0 nan nan
12 12 0.50 0.01 1 nan nan
12 12 0.50 0.01 2 nan nan
12 12 0.50 0.01 3 nan nan
12 12 0.50 0.01 4 nan nan
12 12 0.50 0.01 5 nan nan
12 12 0.50 0.01 6 nan nan
12 12 0.50 0.01 7 nan nan
12 12 0.50 0.01 8 nan nan
12 12 0.50 0.01 9 nan nan
12 12 0.50 0.01 10 nan nan
12 12 0.50 0.01 11 nan nan
12 12 0.50 0.01 12 nan nan
12 12 0.50 0.01 13 nan nan
12 12 0.50 0.01 14 nan nan
12 12 0.50 0.01 15 nan nan
12 12 0.50 0.01 16 nan nan
12 12 0.50 0.01 17 nan nan
12 12 0.50 0.01 18 nan nan
12 12 0.50 0.01 19 nan nan
12 12 0.50 0.01 20 nan nan
12 12 0.50 0.01 21 nan nan
12 12 0.50 0.01 22 nan nan
12 12 0.50 0.01 23 nan nan
12 12 0.50 0.01 24 nan nan
12 12 0.50 0.01 25 nan nan
12 12 0.50 0.01 26 nan nan
12 12 0.50 0.01 27 nan nan
12 12 0.50 0.01 28 nan nan
12 12 0.50 0.01 29 nan nan
12 12 0.50 0.01 30 nan nan
12 12 0.50 0.01 31 nan nan
12 12 0.50 0.01 32 nan nan
12 12 0.50 0.0001 0 nan nan
12 12 0.50 0.0001 1 nan nan
12 12 0.50 0.0001 2 nan nan
12 12 0.50 0.0001 3 nan nan
12 12 0.50 0.0001 4 nan nan
12 12 0.50 0.0001 5 nan nan
12 12 0.50 0.0001 6 nan nan
12 12 0.50 0.0001 7 nan nan
12 12 0.50 0.0001 8 nan nan
12 12 0.50 0.0001 9 nan nan
12 12 0.50 0.0001 10 nan nan
12 12 0.50 0.0001 11 nan nan
12 12 0.50 0.0001 12 nan nan
12 12 0.50 0.0001 13 nan nan
12 12 0.50 0.0001 14 nan nan
12 12 0.50 0.0001 15 nan nan
12 12 0.50 0.0001 16 nan nan
12 12 0.50 0.0001 17 nan nan
12 12 0.50 0.0001 18 nan nan
12 12 0.50 0.0001 19 nan nan
12 12 0.50 0.0001 20 nan nan
12 12 0.50 0.0001 21 nan nan
12 12 0.50 0.0001 22 nan nan
12 12 0.50 0.0001 23 nan nan
12 12 0.50 0.0001 24 nan nan
12 12 0.50 0.0001 25 nan nan
12 12 0.50 0.0001 26 nan nan
12 12 0.50 0.0001 27 nan nan
12 12 0.50 0.0001 28 nan nan
12 12 0.50 0.0001 29 nan nan
12 12 0.50 0.0001 30 nan nan
12 12 0.50 0.0001 31 nan nan
12 12 0.50 0.0001 32 nan nan
12 12 0.60 0.001 0 -0.000334971727142 0.017448737946705
12 12 0.60 0.001 1 0.031707596164301 0.016268743201198
12 12 0.60 0.001 2 0.022249327229836 0.022111575112436
12 12 0.60 0.001 3 -0.036554721901952 0.021165069894038
12 12 0.60 0.001 4 0.003440947997023 0.025204683340357
12 12 0.60 0.001 5 -0.010474180061890 0.027023941807794
12 12 0.60 0.001 6 0.085196035365189 0.020927985746832
12 12 0.60 0.001 7 0.127571377569589 0.032504618893714
12 12 0.60 0.001 8 0.135737425390476 0.030815795395477
12 12 0.60 0.001 9 0.127884614107949 0.027699838069485
12 12 0.60 0.001 10 0.127416796090349 0.031287365280705
12 12 0.60 0.001 11 0.193255260719123 0.032427754096464
12 12 0.60 0.001 12 0.174574150876719 0.034610728091210
12 12 0.60 0.001 13 0.055340607356388 0.028508307996215
12 12 0.60 0.001 14 0.225606174920762 0.031863643251593
12 12 0.60 0.001 15 0.211521994499684 0.040013291097239
12 12 0.60 0.001 16 0.200779129063252 0.031515253424193
12 12 0.60 0.001 17 0.178378345090228 0.025203748121010
12 12 0.60 0.001 18 0.185310025527044 0.027732981740221
12 12 0.60 0.001 19 0.046925565476488 0.020071905470962
12 12 0.60 0.001 20 0.178130400621434 0.028408854943440
12 12 0.60 0.001 21 0.160165521878522 0.028395233618182
12 12 0.60 0.001 22 0.171226736636702 0.030627253881112
12 12 0.60 0.001 23 nan nan
12 12 0.60 0.001 24 0.131070072299856 0.034455170036983
12 12 0.60 0.001 25 0.134914586060982 0.031267593681090
12 12 0.60 0.001 26 0.124441149358630 0.038423094196462
12 12 0.60 0.001 27 0.024465679350499 0.024528991910311
12 12 0.60 0.001 28 0.016110898527724 0.024069395441590
12 12 0.60 0.001 29 0.018200483418604 0.020600137592408
12 12 0.60 0.001 30 0.021498215830697 0.031113382240974
12 12 0.60 0.001 31 0.013897011383214 0.025108564980744
12 12 0.60 0.001 32 0.054378880363139 0.034343434941281
12 12 0.60 0.01 0 nan nan
12 12 0.60 0.01 1 nan nan
12 12 0.60 0.01 2 nan nan
12 12 0.60 0.01 3 nan nan
12 12 0.60 0.01 4 nan nan
12 12 0.60 0.01 5 nan nan
12 12 0.60 0.01 6 nan nan
12 12 0.60 0.01 7 nan nan
12 12 0.60 0.01 8 nan nan
12 12 0.60 0.01 9 nan nan
12 12 0.60 0.01 10 nan nan
12 12 0.60 0.01 11 nan nan
12 12 0.60 0.01 12 nan nan
12 12 0.60 0.01 13 nan nan
12 12 0.60 0.01 14 nan nan
12 12 0.60 0.01 15 nan nan
12 12 0.60 0.01 16 nan nan
12 12 0.60 0.01 17 nan nan
12 12 0.60 0.01 18 nan nan
12 12 0.60 0.01 19 nan nan
12 12 0.60 0.01 20 nan nan
12 12 0.60 0.01 21 nan nan
12 12 0.60 0.01 22 nan nan
12 12 0.60 0.01 23 nan nan
12 12 0.60 0.01 24 nan nan
12 12 0.60 0.01 25 nan nan
12 12 0.60 0.01 26 nan nan
12 12 0.60 0.01 27 nan nan
12 12 0.60 0.01 28 nan nan
12 12 0.60 0.01 29 nan nan
12 12 0.60 0.01 30 nan nan
12 12 0.60 0.01 31 nan nan
12 12 0.60 0.01 32 nan nan
12 12 0.60 0.0001 0 nan nan
12 12 0.60 0.0001 1 nan nan
12 12 0.60 0.0001 2 nan nan
12 12 0.60 0.0001 3 nan nan
12 12 0.60 0.0001 4 nan nan
12 12 0.60 0.0001 5 nan nan
12 12 0.60 0.0001 6 nan nan
12 12 0.60 0.0001 7 nan nan
12 12 0.60 0.0001 8 nan nan
12 12 0.60 0.0001 9 nan nan
12 12 0.60 0.0001 10 nan nan
12 12 0.60 0.0001 11 nan nan
12 12 0.60 0.0001 12 nan nan
12 12 0.60 0.0001 13 nan nan
12 12 0.60 0.0001 14 nan nan
12 12 0.60 0.0001 15 nan nan
12 12 0.60 0.0001 16 nan nan
12 12 0.60 0.0001 17 nan nan
12 12 0.60 0.0001 18 nan nan
12 12 0.60 0.0001 19 nan nan
12 12 0.60 0.0001 20 nan nan
12 12 0.60 0.0001 21 nan nan
12 12 0.60 0.0001 22 nan nan
12 12 0.60 0.0001 23 nan nan
12 12 0.60 0.0001 24 nan nan
12 12 0.60 0.0001 25 nan nan
12 12 0.60 0.0001 26 nan nan
12 12 0.60 0.0001 27 nan nan
12 12 0.60 0.0001 28 nan nan
12 12 0.60 0.0001 29 nan nan
12 12 0.60 0.0001 30 nan nan
12 12 0.60 0.0001 31 nan nan
12 12 0.60 0.0001 32 nan nan
12 12 0.70 0.001 0 -0.005674535437559 0.038214944398724
12 12 0.70 0.001 1 -0.166140657661348 0.047520997272666
12 12 0.70 0.001 2 -0.166933844925494 0.050732776405747
12 12 0.70 0.001 3 -0.290728518574821 0.068013747077852
12 12 0.70 0.001 4 -0.097589072971417 0.059340382427630
12 12 0.70 0.001 5 -0.069422903683808 0.091656339989178
12 12 0.70 0.001 6 -0.172350766885267 0.091639210310402
12 12 0.70 0.001 7 nan nan
12 12 0.70 0.001 8 -0.113622653729074 0.101315513639645
12 12 0.70 0.001 9 -0.018320775155587 0.079366665439643
12 12 0.70 0.001 10 0.006132305165526 0.121315333894040
12 12 0.70 0.001 11 0.057658015332583 0.082728480816067
12 12 0.70 0.001 12 0.055730780076997 0.094276129473984
12 12 0.70 0.001 13 0.013062345681362 0.104903866317166
12 12 0.70 0.001 14 0.171349421568183 0.092262514227230
12 12 0.70 0.001 15 0.162765755280578 0.114489198394425
12 12 0.70 0.001 16 0.161878089493294 0.114690399321717
12 12 0.70 0.001 17 0.187520522462482 0.093575603530031
12 12 0.70 0.001 18 0.183937195461963 0.096755115636631
12 12 0.70 0.001 19 0.154645406243290 0.078380450748475
12 12 0.70 0.001 20 0.106303725198300 0.108108543097202
12 12 0.70 0.001 21 0.079512143252431 0.091045908701297
12 12 0.70 0.001 22 nan nan
12 12 0.70 0.001 23 0.114433808595653 0.097369821915814
12 12 0.70 0.001 24 0.111270288427000 0.114493871610834
12 12 0.70 0.001 25 0.088013622859590 0.080653248274006
12 12 0.70 0.001 26 0.063961433330308 0.115878091793413
12 12 0.70 0.001 27 0.107181184059056 0.073494951926023
12 12 0.70 0.001 28 0.055469015394221 0.101575363134084
12 12 0.70 0.001 29 0.063910899641912 0.075569552661793
12 12 0.70 0.001 30 0.036570874088633 0.163753062962267
12 12 0.70 0.001 31 0.046243921150545 0.101707652975719
12 12 0.70 0.001 32 0.032383434586740 0.089764189124649
12 12 0.70 0.01 0 nan nan
12 12 0.70 0.01 1 nan nan
12 12 0.70 0.01 2 nan nan
12 12 0.70 0.01 3 nan nan
12 12 0.70 0.01 4 nan nan
12 12 0.70 0.01 5 nan nan
12 12 0.70 0.01 6 nan nan
12 12 0.70 0.01 7 nan nan
12 12 0.70 0.01 8 nan nan
12 12 0.70 0.01 9 nan nan
12 12 0.70 0.01 10 nan nan
12 12 0.70 0.01 11 nan nan
12 12 0.70 0.01 12 nan nan
12 12 0.70 0.01 13 nan nan
12 12 0.70 0.01 14 nan nan
12 12 0.70 0.01 15 nan nan
12 12 0.70 0.01 16 nan nan
12 12 0.70 0.01 17 nan nan
12 12 0.70 0.01 18 nan nan
12 12 0.70 0.01 19 nan nan
12 12 0.70 0.01 20 nan nan
12 12 0.70 0.01 21 nan nan
12 12 0.70 0.01 22 nan nan
12 12 0.70 0.01 23 nan nan
12 12 0.70 0.01 24 nan nan
12 12 0.70 0.01 25 nan nan
12 12 0.70 0.01 26 nan nan
12 12 0.70 0.01 27 nan nan
12 12 0.70 0.01 28 nan nan
12 12 0.70 0.01 29 nan nan
12 12 0.70 0.01 30 nan nan
12 12 0.70 0.01 31 nan nan
12 12 0.70 0.01 32 nan nan
12 12 0.70 0.0001 0 nan nan
12 12 0.70 0.0001 1 nan nan
12 12 0.70 0.0001 2 nan nan
12 12 0.70 0.0001 3 nan nan
12 12 0.70 0.0001 4 nan nan
12 12 0.70 0.0001 5 nan nan
12 12 0.70 0.0001 6 nan nan
12 12 0.70 0.0001 7 nan nan
12 12 0.70 0.0001 8 nan nan
12 12 0.70 0.0001 9 nan nan
12 12 0.70 0.0001 10 nan nan
12 12 0.70 0.0001 11 nan nan
12 12 0.70 0.0001 12 nan nan
12 12 0.70 0.0001 13 nan nan
12 12 0.70 0.0001 14 nan nan
12 12 0.70 0.0001 15 nan nan
12 12 0.70 0.0001 16 nan nan
12 12 0.70 0.0001 17 nan nan
12 12 0.70 0.0001 18 nan nan
12 12 0.70 0.0001 19 nan nan
12 12 0.70 0.0001 20 nan nan
12 12 0.70 0.0001 21 nan nan
12 12 0.70 0.0001 22 nan nan
12 12 0.70 0.0001 23 nan nan
12 12 0.70 0.0001 24 nan nan
12 12 0.70 0.0001 25 nan nan
12 12 0.70 0.0001 26 nan nan
12 12 0.70 0.0001 27 nan nan
12 12 0.70 0.0001 28 nan nan
12 12 0.70 0.0001 29 nan nan
12 12 0.70 0.0001 30 nan nan
12 12 0.70 0.0001 31 nan nan
12 12 0.70 0.0001 32 nan nan
#Ls   Lt  mu  ma  nfluxes AxialCurrent Err
