16 24 0.00 0.001 0 0.001742636553233 0.007924011733188
16 24 0.00 0.001 1 -0.008530813472082 0.007818258822016
16 24 0.00 0.001 2 -0.023067630075040 0.009389241467052
16 24 0.00 0.001 3 -0.041160715574988 0.011998102095806
16 24 0.00 0.001 4 -0.049229261354030 0.013392137839189
16 24 0.00 0.001 5 nan nan
16 24 0.00 0.001 6 nan nan
16 24 0.00 0.001 7 -0.009507730627561 0.018580175875366
16 24 0.00 0.001 8 0.000519771039034 0.013067669762039
16 24 0.00 0.001 9 nan nan
16 24 0.00 0.001 10 nan nan
16 24 0.00 0.001 11 -0.034951145177595 0.022776492489602
16 24 0.00 0.001 12 -0.041493858767918 0.024828953857384
16 24 0.00 0.001 13 -0.039497370339580 0.017829136137635
16 24 0.00 0.001 14 -0.033146433930825 0.015037918167910
16 24 0.00 0.001 15 nan nan
16 24 0.00 0.001 16 -0.003821629807497 0.018991448526973
16 24 0.00 0.001 17 -0.000032207375077 0.025803092168903
16 24 0.00 0.001 18 -0.007243773736165 0.018016774978519
16 24 0.00 0.001 19 -0.027330997064345 0.021154017061652
16 24 0.00 0.001 20 -0.025295341587808 0.024425641984244
16 24 0.00 0.001 21 -0.028917180828235 0.021738352635693
16 24 0.00 0.001 22 -0.019277033340376 0.021779735746565
16 24 0.00 0.001 23 -0.010274759644796 0.020077653643490
16 24 0.00 0.001 24 -0.002549033448647 0.026480524421977
16 24 0.00 0.001 25 nan nan
16 24 0.00 0.001 26 nan nan
16 24 0.00 0.001 27 -0.007656877886516 0.021023745122145
16 24 0.00 0.001 28 nan nan
16 24 0.00 0.001 29 nan nan
16 24 0.00 0.001 30 -0.007893003797767 0.013458693148657
16 24 0.00 0.001 31 -0.002915212412091 0.016144628457862
16 24 0.00 0.001 32 -0.000165981343785 0.013623484509857
16 24 0.00 0.001 33 0.000992841158274 0.014893223948047
16 24 0.00 0.001 34 nan nan
16 24 0.00 0.001 35 -0.007118310537184 0.020915953156610
16 24 0.00 0.001 36 nan nan
16 24 0.00 0.001 37 -0.001939222120961 0.025149988451357
16 24 0.00 0.001 38 nan nan
16 24 0.00 0.001 39 -0.007249348262512 0.024495594790106
16 24 0.00 0.001 40 nan nan
16 24 0.00 0.001 41 nan nan
16 24 0.00 0.001 42 nan nan
16 24 0.00 0.001 43 nan nan
16 24 0.00 0.001 44 nan nan
16 24 0.00 0.001 45 nan nan
16 24 0.00 0.001 46 -0.006535517175554 0.024124244206126
16 24 0.00 0.001 47 -0.001678322398981 0.026937757395809
16 24 0.00 0.001 48 0.001614818402786 0.016892429519699
16 24 0.00 0.001 49 -0.006672070981662 0.022099863362742
16 24 0.00 0.001 50 nan nan
16 24 0.05 0.001 0 0.000644898033951 0.011112511299266
16 24 0.05 0.001 1 -0.077504034409347 0.016454974013072
16 24 0.05 0.001 2 -0.077756081410273 0.015844439580635
16 24 0.05 0.001 3 -0.167683622946519 0.022567967533658
16 24 0.05 0.001 4 nan nan
16 24 0.05 0.001 5 -0.132617436797253 0.023729340805536
16 24 0.05 0.001 6 nan nan
16 24 0.05 0.001 7 -0.027854927772326 0.025280421590615
16 24 0.05 0.001 8 nan nan
16 24 0.05 0.001 9 nan nan
16 24 0.05 0.001 10 -0.076735177526918 0.035125041495753
16 24 0.05 0.001 11 nan nan
16 24 0.05 0.001 12 -0.075235733218130 0.040857769058978
16 24 0.05 0.001 13 -0.064544955778664 0.022645771567262
16 24 0.05 0.001 14 nan nan
16 24 0.05 0.001 15 nan nan
16 24 0.05 0.001 16 -0.012831860664432 0.039601382719044
16 24 0.05 0.001 17 nan nan
16 24 0.05 0.001 18 nan nan
16 24 0.05 0.001 19 nan nan
16 24 0.05 0.001 20 -0.032644710632642 0.031679644228264
16 24 0.05 0.001 21 -0.044067987175860 0.038546364945452
16 24 0.05 0.001 22 nan nan
16 24 0.05 0.001 23 -0.014295176789507 0.030144351592194
16 24 0.05 0.001 24 nan nan
16 24 0.05 0.001 25 nan nan
16 24 0.05 0.001 26 -0.012347084749648 0.033191511010855
16 24 0.05 0.001 27 -0.023628460048969 0.041711136706203
16 24 0.05 0.001 28 nan nan
16 24 0.05 0.001 29 -0.003274442547489 0.052195239867096
16 24 0.05 0.001 30 -0.004954434938561 0.032884599597582
16 24 0.05 0.001 31 nan nan
16 24 0.05 0.001 32 nan nan
16 24 0.05 0.001 33 -0.002761079500008 0.023943656423160
16 24 0.05 0.001 34 nan nan
16 24 0.05 0.001 35 -0.041890179850615 0.034312507258291
16 24 0.05 0.001 36 -0.028879117452172 0.038193895065287
16 24 0.05 0.001 37 -0.020948644060986 0.029870566389925
16 24 0.05 0.001 38 -0.013576752305175 0.044735009497840
16 24 0.05 0.001 39 nan nan
16 24 0.05 0.001 40 -0.017968918468113 0.054836362845525
16 24 0.05 0.001 41 nan nan
16 24 0.05 0.001 42 0.016669856361428 0.028444775525159
16 24 0.05 0.001 43 0.001643591517361 0.026811286463037
16 24 0.05 0.001 44 nan nan
16 24 0.05 0.001 45 0.001904747115228 0.028050530504582
16 24 0.05 0.001 46 -0.005850941825987 0.036372501416065
16 24 0.05 0.001 47 0.000577622850499 0.046813480700468
16 24 0.05 0.001 48 -0.013111485203761 0.043530120622632
16 24 0.05 0.001 49 nan nan
16 24 0.05 0.001 50 -0.019765359213271 0.048908289839256
16 24 0.10 0.001 0 -0.004907126878666 0.035104440993390
16 24 0.10 0.001 1 -0.128902582320909 0.087189011955253
16 24 0.10 0.001 2 -0.262125848478649 0.100286665945699
16 24 0.10 0.001 3 -0.228092777075474 0.093457278442382
16 24 0.10 0.001 4 -0.284166669975611 0.128780395472458
16 24 0.10 0.001 5 -0.165564440517151 0.138754836017181
16 24 0.10 0.001 6 -0.121719362178393 0.145759874171444
16 24 0.10 0.001 7 -0.156502609250639 0.186744348479215
16 24 0.10 0.001 8 -0.124361443364348 0.112976833862332
16 24 0.10 0.001 9 -0.169597981264289 0.178345049979688
16 24 0.10 0.001 10 nan nan
16 24 0.10 0.001 11 nan nan
16 24 0.10 0.001 12 -0.114738414079090 0.222370994267901
16 24 0.10 0.001 13 nan nan
16 24 0.10 0.001 14 nan nan
16 24 0.10 0.001 15 -0.088321574789220 0.206030188411728
16 24 0.10 0.001 16 -0.159363041259470 0.165259643949658
16 24 0.10 0.001 17 -0.076231985737369 0.160357821097241
16 24 0.10 0.001 18 nan nan
16 24 0.10 0.001 19 nan nan
16 24 0.10 0.001 20 -0.163435605004742 0.236926320866999
16 24 0.10 0.001 21 0.006907869655648 0.185725589585467
16 24 0.10 0.001 22 0.006550540811861 0.153533814497891
16 24 0.10 0.001 23 nan nan
16 24 0.10 0.001 24 -0.078052337799224 0.307520580936217
16 24 0.10 0.001 25 -0.054963473552476 0.201062260076653
16 24 0.10 0.001 26 0.007913727493885 0.168664074200169
16 24 0.10 0.001 27 -0.082052085826899 0.213997824865576
16 24 0.10 0.001 28 0.014354918828986 0.193900156097491
16 24 0.10 0.001 29 -0.059769422314550 0.227340264268183
16 24 0.10 0.001 30 -0.090207456523283 0.189931007513599
16 24 0.10 0.001 31 0.032927146330178 0.185102158676096
16 24 0.10 0.001 32 nan nan
16 24 0.10 0.001 33 nan nan
16 24 0.10 0.001 34 -0.057338078626057 0.262475436721816
16 24 0.10 0.001 35 nan nan
16 24 0.10 0.001 36 -0.033700076698799 0.222779406569359
16 24 0.10 0.001 37 -0.032452223040828 0.108751365996316
16 24 0.10 0.001 38 -0.029577635216895 0.165047786016537
16 24 0.10 0.001 39 nan nan
16 24 0.10 0.001 40 -0.063127054071656 0.325752699713600
16 24 0.10 0.001 41 -0.021675804015630 0.195243625988918
16 24 0.10 0.001 42 0.027986755377985 0.158222162493127
16 24 0.10 0.001 43 nan nan
16 24 0.10 0.001 44 nan nan
16 24 0.10 0.001 45 nan nan
16 24 0.10 0.001 46 nan nan
16 24 0.10 0.001 47 nan nan
16 24 0.10 0.001 48 -0.032932024873283 0.310812569308583
16 24 0.10 0.001 49 -0.022518988118228 0.228416170731334
16 24 0.10 0.001 50 -0.028363235784418 0.179000495083957
16 24 0.15 0.001 0 0.011252769486079 0.130302623710231
16 24 0.15 0.001 1 nan nan
16 24 0.15 0.001 2 0.376471320241371 0.270251183137223
16 24 0.15 0.001 3 nan nan
16 24 0.15 0.001 4 nan nan
16 24 0.15 0.001 5 0.593121079649760 0.449130808748426
16 24 0.15 0.001 6 0.519587713264879 0.413503116082254
16 24 0.15 0.001 7 nan nan
16 24 0.15 0.001 8 nan nan
16 24 0.15 0.001 9 nan nan
16 24 0.15 0.001 10 0.355472010102323 0.491373734072823
16 24 0.15 0.001 11 0.147491858052112 0.429249465412712
16 24 0.15 0.001 12 nan nan
16 24 0.15 0.001 13 nan nan
16 24 0.15 0.001 14 nan nan
16 24 0.15 0.001 15 nan nan
16 24 0.15 0.001 16 0.139936167677501 0.393149067022796
16 24 0.15 0.001 17 0.318267232281840 0.460417875353492
16 24 0.15 0.001 18 nan nan
16 24 0.15 0.001 19 0.089203882800984 0.387692447797080
16 24 0.15 0.001 20 0.332492910949301 0.625009702301985
16 24 0.15 0.001 21 0.043609047749416 0.323413037612779
16 24 0.15 0.001 22 0.122243540309572 0.409316729457778
16 24 0.15 0.001 23 0.049781513969025 0.401939973627788
16 24 0.15 0.001 24 nan nan
16 24 0.15 0.001 25 nan nan
16 24 0.15 0.001 26 nan nan
16 24 0.15 0.001 27 nan nan
16 24 0.15 0.001 28 nan nan
16 24 0.15 0.001 29 nan nan
16 24 0.15 0.001 30 0.152693557445941 0.770853282348887
16 24 0.15 0.001 31 0.071560875520267 0.448736770039337
16 24 0.15 0.001 32 -0.025473393590430 0.332496822034295
16 24 0.15 0.001 33 0.088170984669509 0.425650117124116
16 24 0.15 0.001 34 0.104474919754255 0.659462681552585
16 24 0.15 0.001 35 nan nan
16 24 0.15 0.001 36 0.048376330758099 0.522305490432855
16 24 0.15 0.001 37 -0.035039173948943 0.415942974025013
16 24 0.15 0.001 38 0.189068740097552 0.470889744423124
16 24 0.15 0.001 39 nan nan
16 24 0.15 0.001 40 -0.015975231319130 0.724050486804863
16 24 0.15 0.001 41 nan nan
16 24 0.15 0.001 42 0.115691745601662 0.389213347553077
16 24 0.15 0.001 43 nan nan
16 24 0.15 0.001 44 nan nan
16 24 0.15 0.001 45 0.039274801227254 0.388287402692384
16 24 0.15 0.001 46 nan nan
16 24 0.15 0.001 47 nan nan
16 24 0.15 0.001 48 -0.004170353823253 0.581635717673152
16 24 0.15 0.001 49 0.064249178663294 0.546342491301124
16 24 0.15 0.001 50 nan nan
16 24 0.20 0.001 0 -0.000218924677368 0.013486537228487
16 24 0.20 0.001 1 nan nan
16 24 0.20 0.001 2 0.194255323177641 0.025164914057603
16 24 0.20 0.001 3 nan nan
16 24 0.20 0.001 4 0.169658927772659 0.029162726744256
16 24 0.20 0.001 5 0.013047155427406 0.019206765136210
16 24 0.20 0.001 6 0.001215071226960 0.031754395198188
16 24 0.20 0.001 7 nan nan
16 24 0.20 0.001 8 0.247493275530946 0.029758056721551
16 24 0.20 0.001 9 0.089001020800528 0.050203339995207
16 24 0.20 0.001 10 0.344785537698581 0.053558499625823
16 24 0.20 0.001 11 nan nan
16 24 0.20 0.001 12 0.038073086647123 0.047958340186890
16 24 0.20 0.001 13 nan nan
16 24 0.20 0.001 14 nan nan
16 24 0.20 0.001 15 nan nan
16 24 0.20 0.001 16 0.047381741842137 0.050702654108731
16 24 0.20 0.001 17 nan nan
16 24 0.20 0.001 18 nan nan
16 24 0.20 0.001 19 nan nan
16 24 0.20 0.001 20 0.194455664529875 0.046449888610567
16 24 0.20 0.001 21 0.167991613071143 0.056387258030701
16 24 0.20 0.001 22 0.054729181401200 0.041177251762663
16 24 0.20 0.001 23 nan nan
16 24 0.20 0.001 24 0.052985479979524 0.056828479989592
16 24 0.20 0.001 25 nan nan
16 24 0.20 0.001 26 nan nan
16 24 0.20 0.001 27 nan nan
16 24 0.20 0.001 28 nan nan
16 24 0.20 0.001 29 nan nan
16 24 0.20 0.001 30 nan nan
16 24 0.20 0.001 31 0.012514541791299 0.030388299237498
16 24 0.20 0.001 32 0.015244738699893 0.032117452750531
16 24 0.20 0.001 33 0.115364477587648 0.030864555268050
16 24 0.20 0.001 34 0.038122914743260 0.033329959816021
16 24 0.20 0.001 35 0.166014213487729 0.063826108791653
16 24 0.20 0.001 36 0.160694917061125 0.063658827557038
16 24 0.20 0.001 37 0.024434394992623 0.048551986162798
16 24 0.20 0.001 38 0.124506004000053 0.058816254058436
16 24 0.20 0.001 39 0.013548278774574 0.047204206785339
16 24 0.20 0.001 40 0.022718057176853 0.043129685184170
16 24 0.20 0.001 41 0.037211747986738 0.038843410504216
16 24 0.20 0.001 42 0.019753227961830 0.028810787066088
16 24 0.20 0.001 43 0.025103487720552 0.025944581206297
16 24 0.20 0.001 44 0.023695212848655 0.045141154368121
16 24 0.20 0.001 45 0.035699338374674 0.056436725594757
16 24 0.20 0.001 46 0.005898026445248 0.032633252029712
16 24 0.20 0.001 47 nan nan
16 24 0.20 0.001 48 0.008804279968044 0.057197167030654
16 24 0.20 0.001 49 0.016313863214729 0.053875520834689
16 24 0.20 0.001 50 nan nan
16 24 0.25 0.001 0 0.000964347968728 0.007507897152890
16 24 0.25 0.001 1 0.021442785030662 0.008913958315993
16 24 0.25 0.001 2 0.065789599291140 0.011597349832149
16 24 0.25 0.001 3 nan nan
16 24 0.25 0.001 4 -0.014066712962335 0.009635357194985
16 24 0.25 0.001 5 0.030463864044127 0.011308076697227
16 24 0.25 0.001 6 -0.007413763765692 0.013109302539511
16 24 0.25 0.001 7 0.070084163375231 0.017415206500892
16 24 0.25 0.001 8 0.105628731711562 0.015270314212518
16 24 0.25 0.001 9 0.137992219321356 0.025586194479324
16 24 0.25 0.001 10 0.034740953375459 0.019384419413958
16 24 0.25 0.001 11 nan nan
16 24 0.25 0.001 12 nan nan
16 24 0.25 0.001 13 nan nan
16 24 0.25 0.001 14 nan nan
16 24 0.25 0.001 15 0.155293789970288 0.023468409732418
16 24 0.25 0.001 16 0.035737678667712 0.019588677239634
16 24 0.25 0.001 17 nan nan
16 24 0.25 0.001 18 0.162563771020905 0.026222334997646
16 24 0.25 0.001 19 0.030706299575161 0.032003065050913
16 24 0.25 0.001 20 0.133944549067545 0.027152436799198
16 24 0.25 0.001 21 0.016076297943586 0.024595478602307
16 24 0.25 0.001 22 nan nan
16 24 0.25 0.001 23 0.015399150352759 0.028216017998697
16 24 0.25 0.001 24 0.033984177696319 0.020890540728698
16 24 0.25 0.001 25 0.036706651276451 0.027353243512421
16 24 0.25 0.001 26 0.032695842432847 0.023888731056881
16 24 0.25 0.001 27 0.035770450506956 0.021747239027847
16 24 0.25 0.001 28 0.017331255731757 0.022083005567884
16 24 0.25 0.001 29 0.015923871655609 0.026347664593635
16 24 0.25 0.001 30 0.114316988745697 0.022886865846385
16 24 0.25 0.001 31 nan nan
16 24 0.25 0.001 32 0.026340314590376 0.012009802669637
16 24 0.25 0.001 33 0.108760889513433 0.017617143202368
16 24 0.25 0.001 34 0.025146969881055 0.015650485476321
16 24 0.25 0.001 35 0.029900372341122 0.017935923471391
16 24 0.25 0.001 36 0.111675201836403 0.026290978422061
16 24 0.25 0.001 37 0.025906803142414 0.022495949984963
16 24 0.25 0.001 38 nan nan
16 24 0.25 0.001 39 0.088879190971572 0.024610006858271
16 24 0.25 0.001 40 0.095147551622084 0.028869437501152
16 24 0.25 0.001 41 nan nan
16 24 0.25 0.001 42 nan nan
16 24 0.25 0.001 43 0.023092491754040 0.012520551422066
16 24 0.25 0.001 44 0.085590701691163 0.021194292717435
16 24 0.25 0.001 45 0.030523932895746 0.020084121252840
16 24 0.25 0.001 46 0.009402059937549 0.020234237829268
16 24 0.25 0.001 47 0.009826056194763 0.028435400241277
16 24 0.25 0.001 48 0.065017308332917 0.028083934710637
16 24 0.25 0.001 49 0.014228502969977 0.019260980926859
16 24 0.25 0.001 50 0.021134485460342 0.027205681455740
16 24 0.30 0.001 0 0.001249115549975 0.010401002168929
16 24 0.30 0.001 1 -0.015014660762518 0.009659729097435
16 24 0.30 0.001 2 -0.028608960486968 0.010939569356986
16 24 0.30 0.001 3 -0.045686589026233 0.014465742531324
16 24 0.30 0.001 4 nan nan
16 24 0.30 0.001 5 -0.051318779410952 0.016366070562152
16 24 0.30 0.001 6 nan nan
16 24 0.30 0.001 7 -0.011112002831098 0.017257902040949
16 24 0.30 0.001 8 0.000745523683914 0.013103731154604
16 24 0.30 0.001 9 -0.010625975814045 0.018467894183027
16 24 0.30 0.001 10 -0.009929592998550 0.019988060356272
16 24 0.30 0.001 11 -0.028810347332538 0.023752086906653
16 24 0.30 0.001 12 -0.018331396061430 0.031858829584476
16 24 0.30 0.001 13 -0.031753107781976 0.027973555784039
16 24 0.30 0.001 14 nan nan
16 24 0.30 0.001 15 0.011399759750636 0.025925828292985
16 24 0.30 0.001 16 0.073360290861264 0.026615202988298
16 24 0.30 0.001 17 0.029604431653986 0.030072558343099
16 24 0.30 0.001 18 nan nan
16 24 0.30 0.001 19 nan nan
16 24 0.30 0.001 20 0.007842913287404 0.016167954128806
16 24 0.30 0.001 21 -0.001960856677093 0.033685275884607
16 24 0.30 0.001 22 0.005554588624420 0.031412173979360
16 24 0.30 0.001 23 0.088354214171060 0.033401848586475
16 24 0.30 0.001 24 0.096587542199727 0.038072226685666
16 24 0.30 0.001 25 0.034076626845378 0.020631315770344
16 24 0.30 0.001 26 0.034523650829704 0.029482645740718
16 24 0.30 0.001 27 nan nan
16 24 0.30 0.001 28 0.017959500807675 0.036064104682022
16 24 0.30 0.001 29 nan nan
16 24 0.30 0.001 30 0.126248659950317 0.029706202488438
16 24 0.30 0.001 31 0.016812102806945 0.020275212021875
16 24 0.30 0.001 32 0.109248280227033 0.021559695778646
16 24 0.30 0.001 33 0.113641671693735 0.020843142851259
16 24 0.30 0.001 34 0.097176991245702 0.025949845133041
16 24 0.30 0.001 35 nan nan
16 24 0.30 0.001 36 0.068394211178933 0.035762152540150
16 24 0.30 0.001 37 nan nan
16 24 0.30 0.001 38 -0.009006618176442 0.032560026081297
16 24 0.30 0.001 39 nan nan
16 24 0.30 0.001 40 0.019764436853542 0.022536638828719
16 24 0.30 0.001 41 nan nan
16 24 0.30 0.001 42 0.093346791836132 0.023354119339889
16 24 0.30 0.001 43 nan nan
16 24 0.30 0.001 44 0.069198079405917 0.027074527044473
16 24 0.30 0.001 45 0.016524860563340 0.025807242264487
16 24 0.30 0.001 46 0.059165977084489 0.035266058275215
16 24 0.30 0.001 47 nan nan
16 24 0.30 0.001 48 nan nan
16 24 0.30 0.001 49 0.019115386055788 0.021317868977732
16 24 0.30 0.001 50 nan nan
16 24 0.35 0.001 0 0.002288037342702 0.027230202266322
16 24 0.35 0.001 1 -0.148358698806923 0.039273951123141
16 24 0.35 0.001 2 -0.130534016728267 0.059759798406491
16 24 0.35 0.001 3 -0.141726727848058 0.042816788162787
16 24 0.35 0.001 4 -0.149707619301840 0.064377105151829
16 24 0.35 0.001 5 -0.096764953019257 0.076906834543615
16 24 0.35 0.001 6 -0.072388301415480 0.067347105457172
16 24 0.35 0.001 7 -0.048948290053891 0.091823780382298
16 24 0.35 0.001 8 -0.077606339949854 0.066715412712998
16 24 0.35 0.001 9 nan nan
16 24 0.35 0.001 10 -0.097465508049089 0.102261860791776
16 24 0.35 0.001 11 -0.124830413756323 0.109715247133989
16 24 0.35 0.001 12 -0.105105565169121 0.092248896939964
16 24 0.35 0.001 13 -0.054744433953486 0.103659523195155
16 24 0.35 0.001 14 nan nan
16 24 0.35 0.001 15 -0.048255963957311 0.072087807420526
16 24 0.35 0.001 16 0.001870598460163 0.079681381404699
16 24 0.35 0.001 17 nan nan
16 24 0.35 0.001 18 nan nan
16 24 0.35 0.001 19 -0.013834684431706 0.085156024227597
16 24 0.35 0.001 20 nan nan
16 24 0.35 0.001 21 nan nan
16 24 0.35 0.001 22 -0.015255624384959 0.109585274922525
16 24 0.35 0.001 23 nan nan
16 24 0.35 0.001 24 0.009603153893593 0.166535096098595
16 24 0.35 0.001 25 nan nan
16 24 0.35 0.001 26 0.051423565816242 0.088359244177040
16 24 0.35 0.001 27 0.035318745820937 0.107491086325987
16 24 0.35 0.001 28 0.080700826870203 0.141505980617761
16 24 0.35 0.001 29 -0.010287980327382 0.115141044137040
16 24 0.35 0.001 30 0.059957216853014 0.090445169982739
16 24 0.35 0.001 31 0.026707003992105 0.086472270835056
16 24 0.35 0.001 32 0.006187766363600 0.063563916016846
16 24 0.35 0.001 33 nan nan
16 24 0.35 0.001 34 0.015799988851270 0.096149774795526
16 24 0.35 0.001 35 -0.001646856337191 0.131045967920529
16 24 0.35 0.001 36 -0.018471641033159 0.130487935262624
16 24 0.35 0.001 37 -0.030380321905499 0.084542723938096
16 24 0.35 0.001 38 0.020222667101949 0.119536154455343
16 24 0.35 0.001 39 nan nan
16 24 0.35 0.001 40 nan nan
16 24 0.35 0.001 41 nan nan
16 24 0.35 0.001 42 0.019054003384392 0.062664039364794
16 24 0.35 0.001 43 nan nan
16 24 0.35 0.001 44 nan nan
16 24 0.35 0.001 45 nan nan
16 24 0.35 0.001 46 nan nan
16 24 0.35 0.001 47 -0.002021733838575 0.083206801694911
16 24 0.35 0.001 48 0.014402071807486 0.102988556495950
16 24 0.35 0.001 49 nan nan
16 24 0.35 0.001 50 nan nan
16 24 0.40 0.001 0 0.005889129379861 0.932174963289529
16 24 0.40 0.001 1 0.495403114280404 1.302578052426842
16 24 0.40 0.001 2 2.085579383288325 1.954350267598669
16 24 0.40 0.001 3 1.692520631458744 2.146691228008902
16 24 0.40 0.001 4 1.073149701026989 1.879632628257066
16 24 0.40 0.001 5 nan nan
16 24 0.40 0.001 6 -0.047697171803990 3.481668155747964
16 24 0.40 0.001 7 0.473213584093450 2.504843974814797
16 24 0.40 0.001 8 2.310759514172899 2.818199042723376
16 24 0.40 0.001 9 nan nan
16 24 0.40 0.001 10 nan nan
16 24 0.40 0.001 11 0.609483759742122 1.901722444615792
16 24 0.40 0.001 12 nan nan
16 24 0.40 0.001 13 nan nan
16 24 0.40 0.001 14 0.952834050034087 2.670319398645380
16 24 0.40 0.001 15 0.410597921838104 2.070481785327110
16 24 0.40 0.001 16 0.322365599259025 3.222997343726530
16 24 0.40 0.001 17 0.270256485496118 1.955739700289187
16 24 0.40 0.001 18 0.706068157838260 3.016850709843812
16 24 0.40 0.001 19 0.224597538600152 1.506784223006278
16 24 0.40 0.001 20 0.756858016357090 3.350010841010752
16 24 0.40 0.001 21 nan nan
16 24 0.40 0.001 22 nan nan
16 24 0.40 0.001 23 nan nan
16 24 0.40 0.001 24 -0.768851616281053 4.028993696539787
16 24 0.40 0.001 25 nan nan
16 24 0.40 0.001 26 0.064137759292630 2.240844919741925
16 24 0.40 0.001 27 nan nan
16 24 0.40 0.001 28 nan nan
16 24 0.40 0.001 29 -0.622654654422004 2.864060974849441
16 24 0.40 0.001 30 1.302720218374072 4.719439322603170
16 24 0.40 0.001 31 nan nan
16 24 0.40 0.001 32 -0.151381677772238 2.600057205143821
16 24 0.40 0.001 33 nan nan
16 24 0.40 0.001 34 nan nan
16 24 0.40 0.001 35 0.091996259369004 1.779589165385545
16 24 0.40 0.001 36 nan nan
16 24 0.40 0.001 37 nan nan
16 24 0.40 0.001 38 0.479744018617891 1.799129885311548
16 24 0.40 0.001 39 nan nan
16 24 0.40 0.001 40 0.666983741589272 5.276184981021607
16 24 0.40 0.001 41 nan nan
16 24 0.40 0.001 42 1.122092701345564 2.133391239860547
16 24 0.40 0.001 43 0.351022581489805 1.404889242963563
16 24 0.40 0.001 44 1.053437519210735 4.573182111144647
16 24 0.40 0.001 45 0.189033042440165 1.515757499640431
16 24 0.40 0.001 46 nan nan
16 24 0.40 0.001 47 nan nan
16 24 0.40 0.001 48 0.008382143560513 3.055418031934660
16 24 0.40 0.001 49 0.013707887345871 2.184326952674230
16 24 0.40 0.001 50 0.116125414342344 2.594861377295634
16 24 0.45 0.001 0 -0.002495711951211 0.012113385206342
16 24 0.45 0.001 1 0.091368902192747 0.017440856438105
16 24 0.45 0.001 2 0.129120084116361 0.031178149113200
16 24 0.45 0.001 3 0.325717323667348 0.036490769736616
16 24 0.45 0.001 4 0.106487395976369 0.039902288260470
16 24 0.45 0.001 5 0.229427071351671 0.052750013766156
16 24 0.45 0.001 6 0.037960063315495 0.044075880679437
16 24 0.45 0.001 7 0.044301989090257 0.062267584596737
16 24 0.45 0.001 8 0.084023149122389 0.045750283748719
16 24 0.45 0.001 9 nan nan
16 24 0.45 0.001 10 0.145270739736607 0.050797886049990
16 24 0.45 0.001 11 nan nan
16 24 0.45 0.001 12 0.454384727234719 0.083091157695097
16 24 0.45 0.001 13 0.080829543412620 0.059139329241657
16 24 0.45 0.001 14 0.083352512189690 0.040891902122548
16 24 0.45 0.001 15 0.126684643712259 0.045891213788275
16 24 0.45 0.001 16 0.333945879475973 0.053336037166983
16 24 0.45 0.001 17 nan nan
16 24 0.45 0.001 18 0.379066471565961 0.068675020303547
16 24 0.45 0.001 19 nan nan
16 24 0.45 0.001 20 0.092394412845074 0.054395578478742
16 24 0.45 0.001 21 0.083863846216162 0.057644207321932
16 24 0.45 0.001 22 0.058310333589306 0.048659708393581
16 24 0.45 0.001 23 0.050912996551591 0.056820303224069
16 24 0.45 0.001 24 0.306467067904063 0.101063708997691
16 24 0.45 0.001 25 0.073288564530043 0.053054105428320
16 24 0.45 0.001 26 0.069254719676676 0.050700118603173
16 24 0.45 0.001 27 nan nan
16 24 0.45 0.001 28 0.048866453827705 0.086742195858176
16 24 0.45 0.001 29 nan nan
16 24 0.45 0.001 30 0.035839365988946 0.087283245422440
16 24 0.45 0.001 31 nan nan
16 24 0.45 0.001 32 0.056551496945286 0.036530480659383
16 24 0.45 0.001 33 0.072106990212466 0.036173528794811
16 24 0.45 0.001 34 0.071439535666470 0.049100831903607
16 24 0.45 0.001 35 nan nan
16 24 0.45 0.001 36 0.079491625295838 0.061297273633149
16 24 0.45 0.001 37 nan nan
16 24 0.45 0.001 38 0.030145569072555 0.055325430268322
16 24 0.45 0.001 39 0.052775470142342 0.068119871354731
16 24 0.45 0.001 40 0.062122266483698 0.072022079353030
16 24 0.45 0.001 41 0.041763666187665 0.044720867409144
16 24 0.45 0.001 42 0.047375603229567 0.040457122970871
16 24 0.45 0.001 43 0.035520225618839 0.034500512774869
16 24 0.45 0.001 44 0.038022641522974 0.060771429114428
16 24 0.45 0.001 45 0.072488404348942 0.080471834701171
16 24 0.45 0.001 46 0.031164406333534 0.054342601961528
16 24 0.45 0.001 47 0.040735544285705 0.050732760694873
16 24 0.45 0.001 48 0.026467615588728 0.059598466921807
16 24 0.45 0.001 49 0.018229560851282 0.065523584423271
16 24 0.45 0.001 50 0.037627674035379 0.055698766968192
16 24 0.50 0.001 0 nan nan
16 24 0.50 0.001 1 0.096000520888089 0.010000970949244
16 24 0.50 0.001 2 nan nan
16 24 0.50 0.001 3 0.155522118924704 0.013207953425504
16 24 0.50 0.001 4 nan nan
16 24 0.50 0.001 5 nan nan
16 24 0.50 0.001 6 nan nan
16 24 0.50 0.001 7 0.148020506479737 0.018943823328196
16 24 0.50 0.001 8 nan nan
16 24 0.50 0.001 9 nan nan
16 24 0.50 0.001 10 nan nan
16 24 0.50 0.001 11 nan nan
16 24 0.50 0.001 12 nan nan
16 24 0.50 0.001 13 nan nan
16 24 0.50 0.001 14 0.232045522619426 0.026922470797328
16 24 0.50 0.001 15 nan nan
16 24 0.50 0.001 16 nan nan
16 24 0.50 0.001 17 0.302781826614253 0.025004728127610
16 24 0.50 0.001 18 nan nan
16 24 0.50 0.001 19 nan nan
16 24 0.50 0.001 20 nan nan
16 24 0.50 0.001 21 nan nan
16 24 0.50 0.001 22 0.250005923570860 0.027889448514741
16 24 0.50 0.001 23 nan nan
16 24 0.50 0.001 24 nan nan
16 24 0.50 0.001 25 0.260404255465893 0.024602636246868
16 24 0.50 0.001 26 nan nan
16 24 0.50 0.001 27 nan nan
16 24 0.50 0.001 28 0.241223579559582 0.030994298262412
16 24 0.50 0.001 29 nan nan
16 24 0.50 0.001 30 nan nan
16 24 0.50 0.001 31 nan nan
16 24 0.50 0.001 32 0.198667675704323 0.019615987421745
16 24 0.50 0.001 33 nan nan
16 24 0.50 0.001 34 nan nan
16 24 0.50 0.001 35 nan nan
16 24 0.50 0.001 36 0.222272844259762 0.022937235921386
16 24 0.50 0.001 37 0.216364371234607 0.027343916813177
16 24 0.50 0.001 38 nan nan
16 24 0.50 0.001 39 nan nan
16 24 0.50 0.001 40 0.181927423762622 0.031572669668075
16 24 0.50 0.001 41 nan nan
16 24 0.50 0.001 42 0.169865373882771 0.019332873637917
16 24 0.50 0.001 43 nan nan
16 24 0.50 0.001 44 nan nan
16 24 0.50 0.001 45 nan nan
16 24 0.50 0.001 46 nan nan
16 24 0.50 0.001 47 nan nan
16 24 0.50 0.001 48 0.125076721115384 0.030836001738099
16 24 0.50 0.001 49 nan nan
16 24 0.50 0.001 50 nan nan
16 24 0.55 0.001 0 0.000323628898535 0.009064537186653
16 24 0.55 0.001 1 nan nan
16 24 0.55 0.001 2 nan nan
16 24 0.55 0.001 3 0.053725161347730 0.012882293910107
16 24 0.55 0.001 4 nan nan
16 24 0.55 0.001 5 nan nan
16 24 0.55 0.001 6 nan nan
16 24 0.55 0.001 7 nan nan
16 24 0.55 0.001 8 nan nan
16 24 0.55 0.001 9 nan nan
16 24 0.55 0.001 10 nan nan
16 24 0.55 0.001 11 nan nan
16 24 0.55 0.001 12 0.150586760408114 0.023217270025004
16 24 0.55 0.001 13 nan nan
16 24 0.55 0.001 14 nan nan
16 24 0.55 0.001 15 nan nan
16 24 0.55 0.001 16 nan nan
16 24 0.55 0.001 17 nan nan
16 24 0.55 0.001 18 nan nan
16 24 0.55 0.001 19 nan nan
16 24 0.55 0.001 20 nan nan
16 24 0.55 0.001 21 nan nan
16 24 0.55 0.001 22 nan nan
16 24 0.55 0.001 23 0.209961690948579 0.024240647122280
16 24 0.55 0.001 24 nan nan
16 24 0.55 0.001 25 nan nan
16 24 0.55 0.001 26 0.257656021210375 0.022011238382426
16 24 0.55 0.001 27 0.242859560602604 0.027840040499479
16 24 0.55 0.001 28 nan nan
16 24 0.55 0.001 29 nan nan
16 24 0.55 0.001 30 nan nan
16 24 0.55 0.001 31 nan nan
16 24 0.55 0.001 32 nan nan
16 24 0.55 0.001 33 0.210546796538250 0.017158477518399
16 24 0.55 0.001 34 nan nan
16 24 0.55 0.001 35 nan nan
16 24 0.55 0.001 36 nan nan
16 24 0.55 0.001 37 nan nan
16 24 0.55 0.001 38 nan nan
16 24 0.55 0.001 39 nan nan
16 24 0.55 0.001 40 nan nan
16 24 0.55 0.001 41 nan nan
16 24 0.55 0.001 42 nan nan
16 24 0.55 0.001 43 nan nan
16 24 0.55 0.001 44 nan nan
16 24 0.55 0.001 45 nan nan
16 24 0.55 0.001 46 nan nan
16 24 0.55 0.001 47 nan nan
16 24 0.55 0.001 48 0.121275386822280 0.025320384726535
16 24 0.55 0.001 49 nan nan
16 24 0.55 0.001 50 nan nan
16 24 0.60 0.001 0 nan nan
16 24 0.60 0.001 1 nan nan
16 24 0.60 0.001 2 nan nan
16 24 0.60 0.001 3 -0.111028702774043 0.035533114506206
16 24 0.60 0.001 4 -0.111911573739651 0.040427606341733
16 24 0.60 0.001 5 nan nan
16 24 0.60 0.001 6 nan nan
16 24 0.60 0.001 7 -0.054641817529562 0.056391235950582
16 24 0.60 0.001 8 nan nan
16 24 0.60 0.001 9 nan nan
16 24 0.60 0.001 10 -0.045471746047492 0.074067951356206
16 24 0.60 0.001 11 nan nan
16 24 0.60 0.001 12 nan nan
16 24 0.60 0.001 13 nan nan
16 24 0.60 0.001 14 nan nan
16 24 0.60 0.001 15 nan nan
16 24 0.60 0.001 16 nan nan
16 24 0.60 0.001 17 nan nan
16 24 0.60 0.001 18 nan nan
16 24 0.60 0.001 19 nan nan
16 24 0.60 0.001 20 nan nan
16 24 0.60 0.001 21 nan nan
16 24 0.60 0.001 22 nan nan
16 24 0.60 0.001 23 nan nan
16 24 0.60 0.001 24 nan nan
16 24 0.60 0.001 25 nan nan
16 24 0.60 0.001 26 nan nan
16 24 0.60 0.001 27 nan nan
16 24 0.60 0.001 28 0.223778200249938 0.074396989225980
16 24 0.60 0.001 29 nan nan
16 24 0.60 0.001 30 0.249303897351857 0.064659226636760
16 24 0.60 0.001 31 nan nan
16 24 0.60 0.001 32 nan nan
16 24 0.60 0.001 33 nan nan
16 24 0.60 0.001 34 nan nan
16 24 0.60 0.001 35 0.153464027663088 0.082383620510789
16 24 0.60 0.001 36 0.120442351274236 0.080354150486432
16 24 0.60 0.001 37 nan nan
16 24 0.60 0.001 38 0.131179005804930 0.073583329308870
16 24 0.60 0.001 39 nan nan
16 24 0.60 0.001 40 0.129244793945642 0.096225986667954
16 24 0.60 0.001 41 nan nan
16 24 0.60 0.001 42 nan nan
16 24 0.60 0.001 43 nan nan
16 24 0.60 0.001 44 0.137841222348949 0.067060891550685
16 24 0.60 0.001 45 nan nan
16 24 0.60 0.001 46 nan nan
16 24 0.60 0.001 47 0.114893949517427 0.068593690326142
16 24 0.60 0.001 48 0.109312121386990 0.070891040428929
16 24 0.60 0.001 49 nan nan
16 24 0.60 0.001 50 nan nan
16 24 0.65 0.001 0 0.200017784028536 2.178858248536252
16 24 0.65 0.001 1 -1.381916284322556 3.379607003959210
16 24 0.65 0.001 2 -2.366518265967502 4.427320268428137
16 24 0.65 0.001 3 nan nan
16 24 0.65 0.001 4 -2.401892494270884 5.641708196900577
16 24 0.65 0.001 5 nan nan
16 24 0.65 0.001 6 nan nan
16 24 0.65 0.001 7 nan nan
16 24 0.65 0.001 8 -3.601804510933064 5.273337020300778
16 24 0.65 0.001 9 nan nan
16 24 0.65 0.001 10 nan nan
16 24 0.65 0.001 11 nan nan
16 24 0.65 0.001 12 nan nan
16 24 0.65 0.001 13 nan nan
16 24 0.65 0.001 14 nan nan
16 24 0.65 0.001 15 nan nan
16 24 0.65 0.001 16 nan nan
16 24 0.65 0.001 17 nan nan
16 24 0.65 0.001 18 -0.538250420417842 6.200975464779619
16 24 0.65 0.001 19 nan nan
16 24 0.65 0.001 20 nan nan
16 24 0.65 0.001 21 nan nan
16 24 0.65 0.001 22 nan nan
16 24 0.65 0.001 23 nan nan
16 24 0.65 0.001 24 nan nan
16 24 0.65 0.001 25 nan nan
16 24 0.65 0.001 26 nan nan
16 24 0.65 0.001 27 nan nan
16 24 0.65 0.001 28 nan nan
16 24 0.65 0.001 29 nan nan
16 24 0.65 0.001 30 nan nan
16 24 0.65 0.001 31 nan nan
16 24 0.65 0.001 32 0.999729987482602 6.468228799793773
16 24 0.65 0.001 33 nan nan
16 24 0.65 0.001 34 nan nan
16 24 0.65 0.001 35 nan nan
16 24 0.65 0.001 36 -1.272829131795339 9.777216496825659
16 24 0.65 0.001 37 nan nan
16 24 0.65 0.001 38 nan nan
16 24 0.65 0.001 39 nan nan
16 24 0.65 0.001 40 nan nan
16 24 0.65 0.001 41 nan nan
16 24 0.65 0.001 42 nan nan
16 24 0.65 0.001 43 nan nan
16 24 0.65 0.001 44 nan nan
16 24 0.65 0.001 45 nan nan
16 24 0.65 0.001 46 0.220823811936816 5.960098553798388
16 24 0.65 0.001 47 nan nan
16 24 0.65 0.001 48 0.399690085174706 8.561250336560503
16 24 0.65 0.001 49 nan nan
16 24 0.65 0.001 50 nan nan
16 24 0.70 0.001 0 -0.000542501059850 0.024433337826171
16 24 0.70 0.001 1 0.235931060381679 0.034160874510982
16 24 0.70 0.001 2 nan nan
16 24 0.70 0.001 3 nan nan
16 24 0.70 0.001 4 nan nan
16 24 0.70 0.001 5 nan nan
16 24 0.70 0.001 6 0.280448415113104 0.076211091418126
16 24 0.70 0.001 7 nan nan
16 24 0.70 0.001 8 nan nan
16 24 0.70 0.001 9 nan nan
16 24 0.70 0.001 10 0.653747390780845 0.112322687362288
16 24 0.70 0.001 11 nan nan
16 24 0.70 0.001 12 nan nan
16 24 0.70 0.001 13 nan nan
16 24 0.70 0.001 14 nan nan
16 24 0.70 0.001 15 nan nan
16 24 0.70 0.001 16 nan nan
16 24 0.70 0.001 17 nan nan
16 24 0.70 0.001 18 nan nan
16 24 0.70 0.001 19 nan nan
16 24 0.70 0.001 20 nan nan
16 24 0.70 0.001 21 nan nan
16 24 0.70 0.001 22 nan nan
16 24 0.70 0.001 23 nan nan
16 24 0.70 0.001 24 0.433907257109479 0.125812115636123
16 24 0.70 0.001 25 nan nan
16 24 0.70 0.001 26 nan nan
16 24 0.70 0.001 27 nan nan
16 24 0.70 0.001 28 nan nan
16 24 0.70 0.001 29 0.323742898316119 0.110332533797870
16 24 0.70 0.001 30 nan nan
16 24 0.70 0.001 31 0.260037984138270 0.066001156618212
16 24 0.70 0.001 32 nan nan
16 24 0.70 0.001 33 nan nan
16 24 0.70 0.001 34 nan nan
16 24 0.70 0.001 35 nan nan
16 24 0.70 0.001 36 nan nan
16 24 0.70 0.001 37 nan nan
16 24 0.70 0.001 38 nan nan
16 24 0.70 0.001 39 nan nan
16 24 0.70 0.001 40 nan nan
16 24 0.70 0.001 41 nan nan
16 24 0.70 0.001 42 nan nan
16 24 0.70 0.001 43 nan nan
16 24 0.70 0.001 44 nan nan
16 24 0.70 0.001 45 nan nan
16 24 0.70 0.001 46 nan nan
16 24 0.70 0.001 47 nan nan
16 24 0.70 0.001 48 nan nan
16 24 0.70 0.001 49 nan nan
16 24 0.70 0.001 50 nan nan
16 24 0.75 0.001 0 0.000938942517473 0.009388198662974
16 24 0.75 0.001 1 0.137762753859327 0.010423304449105
16 24 0.75 0.001 2 0.221547521153321 0.011299652537473
16 24 0.75 0.001 3 nan nan
16 24 0.75 0.001 4 nan nan
16 24 0.75 0.001 5 nan nan
16 24 0.75 0.001 6 0.161466093976339 0.016923554747833
16 24 0.75 0.001 7 nan nan
16 24 0.75 0.001 8 nan nan
16 24 0.75 0.001 9 nan nan
16 24 0.75 0.001 10 nan nan
16 24 0.75 0.001 11 nan nan
16 24 0.75 0.001 12 0.402499734788550 0.027697394474740
16 24 0.75 0.001 13 nan nan
16 24 0.75 0.001 14 nan nan
16 24 0.75 0.001 15 nan nan
16 24 0.75 0.001 16 0.375498211844329 0.024003586753476
16 24 0.75 0.001 17 nan nan
16 24 0.75 0.001 18 nan nan
16 24 0.75 0.001 19 nan nan
16 24 0.75 0.001 20 nan nan
16 24 0.75 0.001 21 nan nan
16 24 0.75 0.001 22 nan nan
16 24 0.75 0.001 23 nan nan
16 24 0.75 0.001 24 nan nan
16 24 0.75 0.001 25 nan nan
16 24 0.75 0.001 26 nan nan
16 24 0.75 0.001 27 nan nan
16 24 0.75 0.001 28 nan nan
16 24 0.75 0.001 29 nan nan
16 24 0.75 0.001 30 nan nan
16 24 0.75 0.001 31 0.261030775367522 0.020284557656157
16 24 0.75 0.001 32 nan nan
16 24 0.75 0.001 33 0.298008845446257 0.018728901341037
16 24 0.75 0.001 34 nan nan
16 24 0.75 0.001 35 nan nan
16 24 0.75 0.001 36 0.320509412259332 0.028017384863329
16 24 0.75 0.001 37 nan nan
16 24 0.75 0.001 38 nan nan
16 24 0.75 0.001 39 nan nan
16 24 0.75 0.001 40 nan nan
16 24 0.75 0.001 41 nan nan
16 24 0.75 0.001 42 nan nan
16 24 0.75 0.001 43 nan nan
16 24 0.75 0.001 44 nan nan
16 24 0.75 0.001 45 nan nan
16 24 0.75 0.001 46 nan nan
16 24 0.75 0.001 47 nan nan
16 24 0.75 0.001 48 nan nan
16 24 0.75 0.001 49 nan nan
16 24 0.75 0.001 50 nan nan
#Ls   Lt  mu  ma  nfluxes AxialCurrent Err
