#Ls   Lt  mu  ma  nfluxes AxialCurrent Err
16 24 0.65 0.001 0 0.20001778402853598 0.1870496276069718
16 24 0.65 0.001 1 -1.3819162843225559 0.27207426793456724
16 24 0.65 0.001 2 -2.3665182659675024 0.3868077455666977
16 24 0.65 0.001 3 #	Axial curent on Z-axis direction
16 24 0.65 0.001 4 -2.401892494270884 0.4937386925392885
16 24 0.65 0.001 5 nan nan
16 24 0.65 0.001 6 -2.670529778688932 0.4996446690731811
16 24 0.65 0.001 7 nan nan
16 24 0.65 0.001 8 -3.6018045109330648 0.48632024732108653
16 24 0.65 0.001 9 nan nan
16 24 0.65 0.001 10 nan nan
16 24 0.65 0.001 11 #	Axial curent on Z-axis direction
16 24 0.65 0.001 12 #	Axial curent on Z-axis direction
16 24 0.65 0.001 13 nan nan
16 24 0.65 0.001 14 -0.8797038922001092 0.5210105024503695
16 24 0.65 0.001 15 -0.2281282028790748 0.3976507737631731
16 24 0.65 0.001 16 #	Axial curent on Z-axis direction
16 24 0.65 0.001 17 nan nan
16 24 0.65 0.001 18 -0.5382504204178423 0.5130536015964929
16 24 0.65 0.001 19 2.2351952790133667 3.010590369501158
16 24 0.65 0.001 20 nan nan
16 24 0.65 0.001 21 nan nan
16 24 0.65 0.001 22 nan nan
16 24 0.65 0.001 23 -1.1009065235980589 0.42495247083845655
16 24 0.65 0.001 24 #	Axial curent on Z-axis direction
16 24 0.65 0.001 25 0.8551955511442092 0.3841019423098889
16 24 0.65 0.001 26 #	Axial curent on Z-axis direction
16 24 0.65 0.001 27 0.33485389752625916 0.3502183747713453
16 24 0.65 0.001 28 0.5291581090034267 0.8225051289317709
16 24 0.65 0.001 29 nan nan
16 24 0.65 0.001 30 0.38269300159460073 0.7236399332737056
16 24 0.65 0.001 31 nan nan
16 24 0.65 0.001 32 0.9997299874826023 0.5863288586901014
16 24 0.65 0.001 33 nan nan
16 24 0.65 0.001 34 nan nan
16 24 0.65 0.001 35 0.4906718398492737 0.39514739239363517
16 24 0.65 0.001 36 -1.2728291317953389 0.9039861573609042
16 24 0.65 0.001 37 nan nan
16 24 0.65 0.001 38 nan nan
16 24 0.65 0.001 39 0.41161491772694503 0.4241266008608825
16 24 0.65 0.001 40 -0.46007827683942737 1.0512493804075262
16 24 0.65 0.001 41 0.6951549905598978 0.380746825189315
16 24 0.65 0.001 42 nan nan
16 24 0.65 0.001 43 #	Axial curent on Z-axis direction
16 24 0.65 0.001 44 0.9647932398322054 0.774759668476926
16 24 0.65 0.001 45 0.35559109364361213 0.45000593065086136
16 24 0.65 0.001 46 0.22082381193681566 0.5565902144250026
16 24 0.65 0.001 47 0.5708863639465078 0.4335182147454984
16 24 0.65 0.001 48 0.39969008517470583 0.8161694924979697
16 24 0.65 0.001 49 -0.25502150673931395 0.44129479069719313
16 24 0.65 0.001 50 -0.6607821353465855 0.5524446784759113
