12 12 0.00 0.001 0 0.000784841389508 0.002234767721987
12 12 0.00 0.001 1 -0.000282036442767 0.002235258657816
12 12 0.00 0.001 2 0.000932180456059 0.002223974825437
12 12 0.00 0.001 3 -0.000596342835073 0.002012791135427
12 12 0.00 0.001 4 0.001069496472607 0.002051441251600
12 12 0.00 0.001 5 0.000620396314686 0.002038639839306
12 12 0.00 0.001 6 -0.000865520671420 0.002062132974776
12 12 0.00 0.001 7 -0.000021028367281 0.001764249899137
12 12 0.00 0.001 8 0.000476513978995 0.001898841840400
12 12 0.00 0.001 9 -0.000331665435590 0.001737103897634
12 12 0.00 0.001 10 -0.001342006554674 0.001635768245937
12 12 0.00 0.001 11 -0.000674981492302 0.001662146466056
12 12 0.00 0.001 12 -0.002159969836838 0.001508648798102
12 12 0.00 0.001 13 -0.000392546894648 0.001737469076452
12 12 0.00 0.001 14 -0.000566997187889 0.001575890414223
12 12 0.00 0.001 15 -0.003634035294437 0.001437594517958
12 12 0.00 0.001 16 -0.003716398595048 0.001410328382555
12 12 0.00 0.001 17 0.001878256240024 0.001678593951489
12 12 0.00 0.001 18 0.001081555187811 0.001391535071338
12 12 0.00 0.001 19 -0.002507466277631 0.001456133834995
12 12 0.00 0.001 20 -0.001899347624822 0.001311770249056
12 12 0.00 0.001 21 0.001956784403767 0.001374474066584
12 12 0.00 0.001 22 0.001386438180769 0.001377764796743
12 12 0.00 0.001 23 0.000245942954277 0.001368402088276
12 12 0.00 0.001 24 0.001654225157446 0.001277136937245
12 12 0.00 0.001 25 0.001081001100575 0.001223393128651
12 12 0.00 0.001 26 0.001291233932516 0.001020457985106
12 12 0.00 0.001 27 -0.000377085658069 0.000958626307087
12 12 0.00 0.001 28 -0.000005570758369 0.000933492073234
12 12 0.00 0.001 29 0.000071180526608 0.000995866141115
12 12 0.00 0.001 30 nan nan
12 12 0.00 0.001 31 -0.000520359346380 0.000964629055743
12 12 0.00 0.001 32 -0.000114840504263 0.000935250613058
12 12 0.00 0.001 33 0.000384990900811 0.001190600211503
12 12 0.00 0.001 34 -0.000223002695668 0.000977839117601
12 12 0.00 0.001 35 -0.000213095858109 0.001051660783904
12 12 0.00 0.001 36 nan nan
12 12 0.00 0.001 37 -0.000067878670002 0.001097536883399
12 12 0.00 0.001 38 nan nan
12 12 0.00 0.001 39 -0.000047484045037 0.000971870676221
12 12 0.00 0.001 40 nan nan
12 12 0.00 0.001 41 0.000205345445376 0.001047798098401
12 12 0.00 0.001 42 -0.000373431932713 0.000974553232343
12 12 0.00 0.001 43 -0.000105269643391 0.000927873886598
12 12 0.00 0.001 44 -0.000057624072226 0.000873047738169
12 12 0.00 0.001 45 nan nan
12 12 0.00 0.001 46 -0.000613089060118 0.000993404240369
12 12 0.00 0.001 47 -0.000895134729612 0.000993206107893
12 12 0.00 0.001 48 -0.000597824783119 0.001187607814450
12 12 0.00 0.001 49 0.000140405236006 0.001193166963618
12 12 0.00 0.001 50 -0.000027853869630 0.001295566549927
12 12 0.00 0.001 51 0.000145305591799 0.001315015551563
12 12 0.00 0.001 52 0.000116134150491 0.001477843191515
12 12 0.00 0.001 53 0.001169392869328 0.001518980766952
12 12 0.00 0.001 54 nan nan
12 12 0.00 0.001 55 -0.002959303376250 0.001449370999857
12 12 0.00 0.001 56 -0.002271977214399 0.001542859077786
12 12 0.00 0.001 57 0.000646823318127 0.001488005239723
12 12 0.00 0.001 58 -0.004106885283032 0.001583204834008
12 12 0.00 0.001 59 0.002272586024242 0.001792212988062
12 12 0.00 0.001 60 nan nan
12 12 0.00 0.001 61 -0.000704873101781 0.001582204992616
12 12 0.00 0.001 62 -0.000745321844503 0.001502753446313
12 12 0.00 0.001 63 0.001142009987444 0.001881819369687
12 12 0.00 0.001 64 -0.001583750785555 0.001499222969720
12 12 0.00 0.001 65 -0.001335233771169 0.001435140816128
12 12 0.00 0.001 66 -0.001842573063742 0.002142682814792
12 12 0.00 0.001 67 -0.001742018651508 0.002063211061333
12 12 0.00 0.001 68 -0.002805317254786 0.001865262641072
12 12 0.00 0.001 69 -0.001606851948348 0.002017255083477
12 12 0.00 0.001 70 nan nan
12 12 0.00 0.001 71 0.002004387506587 0.001607356926471
12 12 0.00 0.001 72 -0.002244163845471 0.001674295324165
12 12 0.00 0.001 73 nan nan
12 12 0.00 0.001 74 nan nan
12 12 0.00 0.001 75 nan nan
12 12 0.00 0.001 76 nan nan
12 12 0.00 0.001 77 nan nan
12 12 0.00 0.001 78 nan nan
12 12 0.00 0.001 79 nan nan
12 12 0.00 0.001 80 nan nan
12 12 0.00 0.001 81 nan nan
12 12 0.00 0.001 82 nan nan
12 12 0.00 0.001 83 nan nan
12 12 0.00 0.001 84 nan nan
12 12 0.00 0.001 85 nan nan
12 12 0.00 0.001 86 nan nan
12 12 0.00 0.001 87 nan nan
12 12 0.00 0.001 88 nan nan
12 12 0.00 0.001 89 nan nan
12 12 0.00 0.001 90 nan nan
12 12 0.00 0.001 91 nan nan
12 12 0.00 0.001 92 nan nan
12 12 0.00 0.001 93 nan nan
12 12 0.00 0.001 94 nan nan
12 12 0.00 0.001 95 nan nan
12 12 0.00 0.001 96 nan nan
12 12 0.00 0.001 97 nan nan
12 12 0.00 0.001 98 nan nan
12 12 0.00 0.001 99 nan nan
12 12 0.00 0.001 100 nan nan
12 12 0.00 0.001 101 nan nan
12 12 0.00 0.001 102 nan nan
12 12 0.00 0.001 103 nan nan
12 12 0.00 0.001 104 nan nan
12 12 0.00 0.001 105 nan nan
12 12 0.00 0.001 106 nan nan
12 12 0.00 0.001 107 nan nan
12 12 0.00 0.001 108 nan nan
12 12 0.00 0.001 109 nan nan
12 12 0.00 0.001 110 nan nan
12 12 0.00 0.001 111 nan nan
12 12 0.00 0.001 112 nan nan
12 12 0.00 0.001 113 nan nan
12 12 0.00 0.001 114 nan nan
12 12 0.00 0.001 115 nan nan
12 12 0.00 0.001 116 nan nan
12 12 0.00 0.001 117 nan nan
12 12 0.00 0.001 118 nan nan
12 12 0.00 0.001 119 nan nan
12 12 0.00 0.001 120 nan nan
12 12 0.00 0.001 121 nan nan
12 12 0.00 0.001 122 nan nan
12 12 0.00 0.001 123 nan nan
12 12 0.00 0.001 124 nan nan
12 12 0.00 0.001 125 nan nan
12 12 0.00 0.001 126 nan nan
12 12 0.00 0.001 127 nan nan
12 12 0.00 0.001 128 nan nan
12 12 0.00 0.001 129 nan nan
12 12 0.00 0.001 130 nan nan
12 12 0.00 0.001 131 nan nan
12 12 0.00 0.001 132 nan nan
12 12 0.00 0.001 133 nan nan
12 12 0.00 0.001 134 nan nan
12 12 0.00 0.001 135 nan nan
12 12 0.00 0.001 136 nan nan
12 12 0.00 0.001 137 nan nan
12 12 0.00 0.001 138 nan nan
12 12 0.00 0.001 139 nan nan
12 12 0.00 0.001 140 nan nan
12 12 0.00 0.001 141 nan nan
12 12 0.00 0.001 142 nan nan
12 12 0.00 0.001 143 nan nan
12 12 0.00 0.001 144 nan nan
12 12 0.00 0.001 145 nan nan
12 12 0.00 0.001 146 nan nan
12 12 0.00 0.001 147 nan nan
12 12 0.00 0.001 148 nan nan
12 12 0.00 0.001 149 nan nan
12 12 0.00 0.001 150 nan nan
12 12 0.00 0.001 151 nan nan
12 12 0.00 0.001 152 nan nan
12 12 0.00 0.001 153 nan nan
12 12 0.00 0.001 154 nan nan
12 12 0.00 0.001 155 nan nan
12 12 0.00 0.001 156 nan nan
12 12 0.00 0.001 157 nan nan
12 12 0.00 0.001 158 nan nan
12 12 0.00 0.001 159 nan nan
12 12 0.00 0.001 160 nan nan
12 12 0.00 0.001 161 nan nan
12 12 0.00 0.001 162 nan nan
12 12 0.00 0.001 163 nan nan
12 12 0.00 0.001 164 nan nan
12 12 0.00 0.001 165 nan nan
12 12 0.00 0.001 166 nan nan
12 12 0.00 0.001 167 nan nan
12 12 0.00 0.001 168 nan nan
12 12 0.00 0.001 169 nan nan
12 12 0.00 0.001 170 nan nan
12 12 0.00 0.001 171 nan nan
12 12 0.00 0.001 172 nan nan
12 12 0.00 0.001 173 nan nan
12 12 0.00 0.001 174 nan nan
12 12 0.00 0.001 175 nan nan
12 12 0.00 0.001 176 nan nan
12 12 0.00 0.001 177 nan nan
12 12 0.00 0.001 178 nan nan
12 12 0.00 0.001 179 nan nan
12 12 0.00 0.001 180 nan nan
12 12 0.00 0.001 181 nan nan
12 12 0.00 0.001 182 nan nan
12 12 0.00 0.001 183 nan nan
12 12 0.00 0.001 184 nan nan
12 12 0.00 0.001 185 nan nan
12 12 0.00 0.001 186 nan nan
12 12 0.00 0.001 187 nan nan
12 12 0.00 0.001 188 nan nan
12 12 0.00 0.001 189 nan nan
12 12 0.00 0.001 190 nan nan
12 12 0.00 0.001 191 nan nan
12 12 0.00 0.001 192 nan nan
12 12 0.00 0.001 193 nan nan
12 12 0.00 0.001 194 nan nan
12 12 0.00 0.001 195 nan nan
12 12 0.00 0.001 196 nan nan
12 12 0.00 0.001 197 nan nan
12 12 0.00 0.001 198 nan nan
12 12 0.00 0.001 199 nan nan
12 12 0.00 0.001 200 nan nan
12 12 0.00 0.001 201 nan nan
12 12 0.00 0.001 202 nan nan
12 12 0.00 0.001 203 nan nan
12 12 0.00 0.001 204 nan nan
12 12 0.00 0.001 205 nan nan
12 12 0.00 0.001 206 nan nan
12 12 0.00 0.001 207 nan nan
12 12 0.00 0.001 208 nan nan
12 12 0.00 0.001 209 nan nan
12 12 0.00 0.001 210 nan nan
12 12 0.00 0.001 211 nan nan
12 12 0.00 0.001 212 nan nan
12 12 0.00 0.001 213 nan nan
12 12 0.00 0.001 214 nan nan
12 12 0.00 0.001 215 nan nan
12 12 0.00 0.001 216 nan nan
12 12 0.00 0.001 217 nan nan
12 12 0.00 0.001 218 nan nan
12 12 0.00 0.001 219 nan nan
12 12 0.00 0.001 220 nan nan
12 12 0.00 0.001 221 nan nan
12 12 0.00 0.001 222 nan nan
12 12 0.00 0.001 223 nan nan
12 12 0.00 0.001 224 nan nan
12 12 0.00 0.001 225 nan nan
12 12 0.00 0.001 226 nan nan
12 12 0.00 0.001 227 nan nan
12 12 0.00 0.001 228 nan nan
12 12 0.00 0.001 229 nan nan
12 12 0.00 0.001 230 nan nan
12 12 0.00 0.001 231 nan nan
12 12 0.00 0.001 232 nan nan
12 12 0.00 0.001 233 nan nan
12 12 0.00 0.001 234 nan nan
12 12 0.00 0.001 235 nan nan
12 12 0.00 0.001 236 nan nan
12 12 0.00 0.001 237 nan nan
12 12 0.00 0.001 238 nan nan
12 12 0.00 0.001 239 nan nan
12 12 0.00 0.001 240 nan nan
12 12 0.00 0.001 241 nan nan
12 12 0.00 0.001 242 nan nan
12 12 0.00 0.001 243 nan nan
12 12 0.00 0.001 244 nan nan
12 12 0.00 0.001 245 nan nan
12 12 0.00 0.001 246 nan nan
12 12 0.00 0.001 247 nan nan
12 12 0.00 0.001 248 nan nan
12 12 0.00 0.001 249 nan nan
12 12 0.00 0.001 250 nan nan
12 12 0.00 0.001 251 nan nan
12 12 0.00 0.001 252 nan nan
12 12 0.00 0.001 253 nan nan
12 12 0.00 0.001 254 nan nan
12 12 0.00 0.001 255 nan nan
12 12 0.00 0.001 256 nan nan
12 12 0.00 0.001 257 nan nan
12 12 0.00 0.001 258 nan nan
12 12 0.00 0.001 259 nan nan
12 12 0.00 0.001 260 nan nan
12 12 0.00 0.001 261 nan nan
12 12 0.00 0.001 262 nan nan
12 12 0.00 0.001 263 nan nan
12 12 0.00 0.001 264 nan nan
12 12 0.00 0.001 265 nan nan
12 12 0.00 0.001 266 nan nan
12 12 0.00 0.001 267 nan nan
12 12 0.00 0.001 268 nan nan
12 12 0.00 0.001 269 nan nan
12 12 0.00 0.001 270 nan nan
12 12 0.00 0.001 271 nan nan
12 12 0.00 0.001 272 nan nan
12 12 0.00 0.001 273 nan nan
12 12 0.00 0.001 274 nan nan
12 12 0.00 0.001 275 nan nan
12 12 0.00 0.001 276 nan nan
12 12 0.00 0.001 277 nan nan
12 12 0.00 0.001 278 nan nan
12 12 0.00 0.001 279 nan nan
12 12 0.00 0.001 280 nan nan
12 12 0.00 0.001 281 nan nan
12 12 0.00 0.001 282 nan nan
12 12 0.00 0.001 283 nan nan
12 12 0.00 0.001 284 nan nan
12 12 0.00 0.001 285 nan nan
12 12 0.00 0.001 286 nan nan
12 12 0.00 0.001 287 nan nan
12 12 0.00 0.001 288 nan nan
12 12 0.05 0.001 0 -0.000844484045185 0.002644482262936
12 12 0.05 0.001 1 0.000907970320520 0.002158232433421
12 12 0.05 0.001 2 -0.003368560177518 0.002633030243863
12 12 0.05 0.001 3 0.002364999787325 0.002238528867586
12 12 0.05 0.001 4 0.001797201675594 0.002136290660654
12 12 0.05 0.001 5 -0.003535076551280 0.002248875520449
12 12 0.05 0.001 6 -0.001205314883769 0.001647519535518
12 12 0.05 0.001 7 -0.001974356750628 0.001404402663523
12 12 0.05 0.001 8 -0.125352202240352 0.001664021961258
12 12 0.05 0.001 9 0.000390571214798 0.001850785871042
12 12 0.05 0.001 10 -0.001415050748248 0.001675087038451
12 12 0.05 0.001 11 -0.001894434124586 0.001826092281221
12 12 0.05 0.001 12 -0.000939309884531 0.002005605465047
12 12 0.05 0.001 13 -0.000301078090893 0.001727015598688
12 12 0.05 0.001 14 -0.000452822859865 0.001582623732637
12 12 0.05 0.001 15 0.000427018694044 0.001521662031394
12 12 0.05 0.001 16 -0.003722416632415 0.001455250947334
12 12 0.05 0.001 17 0.002052272281078 0.001690701442826
12 12 0.05 0.001 18 0.001118115971798 0.001387384009342
12 12 0.05 0.001 19 0.000886601135471 0.001466552844120
12 12 0.05 0.001 20 -0.001714676298408 0.001364975428327
12 12 0.05 0.001 21 0.001970793409498 0.001388996448398
12 12 0.05 0.001 22 0.001442045715733 0.001393978373006
12 12 0.05 0.001 23 0.002157166316623 0.001326538325388
12 12 0.05 0.001 24 0.002365259719424 0.001418355260055
12 12 0.05 0.001 25 -0.000279008871828 0.001169240365441
12 12 0.05 0.001 26 0.001320681601113 0.001035027264942
12 12 0.05 0.001 27 0.000731739670587 0.001048914997715
12 12 0.05 0.001 28 -0.000078769934521 0.000946247999567
12 12 0.05 0.001 29 0.000023887502098 0.000988842712000
12 12 0.05 0.001 30 -0.000912614252744 0.000945604268276
12 12 0.05 0.001 31 -0.000623414966699 0.000963738024008
12 12 0.05 0.001 32 0.000772137932771 0.001196772095725
12 12 0.05 0.001 33 -0.000655135839073 0.000940901156654
12 12 0.05 0.001 34 -0.000312662216365 0.000981768884400
12 12 0.05 0.001 35 -0.001257732099405 0.000922301284546
12 12 0.05 0.001 36 -0.000540247118634 0.000966056630367
12 12 0.05 0.001 37 -0.000046850271485 0.001103622695976
12 12 0.05 0.001 38 0.000335313758653 0.001167088111107
12 12 0.05 0.001 39 -0.000040119793857 0.000981038488432
12 12 0.05 0.001 40 0.000232440298942 0.001110757655978
12 12 0.05 0.001 41 -0.000706314629903 0.001019738204863
12 12 0.05 0.001 42 0.000114839535073 0.001084571097808
12 12 0.05 0.001 43 -0.000028147265046 0.000931986593421
12 12 0.05 0.001 44 0.002707735589361 0.001515335996262
12 12 0.05 0.001 45 -0.000737622835566 0.000906708872307
12 12 0.05 0.001 46 0.001449619162498 0.001203891445293
12 12 0.05 0.001 47 -0.000891993924004 0.000968087971732
12 12 0.05 0.001 48 -0.000259831606521 0.001116595102619
12 12 0.05 0.001 49 0.000259220399680 0.001189277761833
12 12 0.05 0.001 50 0.002360340027079 0.001359359731214
12 12 0.05 0.001 51 0.000228040757402 0.001316849716427
12 12 0.05 0.001 52 0.000258113966554 0.001485163399818
12 12 0.05 0.001 53 0.007435946141084 0.001334375509626
12 12 0.05 0.001 54 0.002683029246454 0.001501857899897
12 12 0.05 0.001 55 -0.002774454055311 0.001463785996940
12 12 0.05 0.001 56 0.000447643326346 0.001463051936094
12 12 0.05 0.001 57 0.002883730909209 0.001599246901296
12 12 0.05 0.001 58 0.012973373942556 0.001910468432134
12 12 0.05 0.001 59 0.000301089442192 0.001486452680690
12 12 0.05 0.001 60 0.001602190938053 0.002192942746623
12 12 0.05 0.001 61 -0.000584991736745 0.001575360085894
12 12 0.05 0.001 62 -0.000736350460100 0.001508221917119
12 12 0.05 0.001 63 -0.001137053625085 0.001446727794493
12 12 0.05 0.001 64 0.000363346899773 0.001872145690523
12 12 0.05 0.001 65 0.093670736649779 0.002035970332806
12 12 0.05 0.001 66 0.002773742308083 0.002081144350192
12 12 0.05 0.001 67 -0.001795971516183 0.001448023327593
12 12 0.05 0.001 68 -0.000665678821777 0.001417300798837
12 12 0.05 0.001 69 -0.000418848276752 0.001464441937755
12 12 0.05 0.001 70 -0.001533569475431 0.001770284329643
12 12 0.05 0.001 71 -0.002292622379288 0.001855883137712
12 12 0.05 0.001 72 nan nan
12 12 0.05 0.001 73 nan nan
12 12 0.05 0.001 74 nan nan
12 12 0.05 0.001 75 nan nan
12 12 0.05 0.001 76 nan nan
12 12 0.05 0.001 77 nan nan
12 12 0.05 0.001 78 nan nan
12 12 0.05 0.001 79 nan nan
12 12 0.05 0.001 80 nan nan
12 12 0.05 0.001 81 nan nan
12 12 0.05 0.001 82 nan nan
12 12 0.05 0.001 83 nan nan
12 12 0.05 0.001 84 nan nan
12 12 0.05 0.001 85 nan nan
12 12 0.05 0.001 86 nan nan
12 12 0.05 0.001 87 nan nan
12 12 0.05 0.001 88 nan nan
12 12 0.05 0.001 89 nan nan
12 12 0.05 0.001 90 nan nan
12 12 0.05 0.001 91 nan nan
12 12 0.05 0.001 92 nan nan
12 12 0.05 0.001 93 nan nan
12 12 0.05 0.001 94 nan nan
12 12 0.05 0.001 95 nan nan
12 12 0.05 0.001 96 nan nan
12 12 0.05 0.001 97 nan nan
12 12 0.05 0.001 98 nan nan
12 12 0.05 0.001 99 nan nan
12 12 0.05 0.001 100 nan nan
12 12 0.05 0.001 101 nan nan
12 12 0.05 0.001 102 nan nan
12 12 0.05 0.001 103 nan nan
12 12 0.05 0.001 104 nan nan
12 12 0.05 0.001 105 nan nan
12 12 0.05 0.001 106 nan nan
12 12 0.05 0.001 107 nan nan
12 12 0.05 0.001 108 nan nan
12 12 0.05 0.001 109 nan nan
12 12 0.05 0.001 110 nan nan
12 12 0.05 0.001 111 nan nan
12 12 0.05 0.001 112 nan nan
12 12 0.05 0.001 113 nan nan
12 12 0.05 0.001 114 nan nan
12 12 0.05 0.001 115 nan nan
12 12 0.05 0.001 116 nan nan
12 12 0.05 0.001 117 nan nan
12 12 0.05 0.001 118 nan nan
12 12 0.05 0.001 119 nan nan
12 12 0.05 0.001 120 nan nan
12 12 0.05 0.001 121 nan nan
12 12 0.05 0.001 122 nan nan
12 12 0.05 0.001 123 nan nan
12 12 0.05 0.001 124 nan nan
12 12 0.05 0.001 125 nan nan
12 12 0.05 0.001 126 nan nan
12 12 0.05 0.001 127 nan nan
12 12 0.05 0.001 128 nan nan
12 12 0.05 0.001 129 nan nan
12 12 0.05 0.001 130 nan nan
12 12 0.05 0.001 131 nan nan
12 12 0.05 0.001 132 nan nan
12 12 0.05 0.001 133 nan nan
12 12 0.05 0.001 134 nan nan
12 12 0.05 0.001 135 nan nan
12 12 0.05 0.001 136 nan nan
12 12 0.05 0.001 137 nan nan
12 12 0.05 0.001 138 nan nan
12 12 0.05 0.001 139 nan nan
12 12 0.05 0.001 140 nan nan
12 12 0.05 0.001 141 nan nan
12 12 0.05 0.001 142 nan nan
12 12 0.05 0.001 143 nan nan
12 12 0.05 0.001 144 nan nan
12 12 0.05 0.001 145 nan nan
12 12 0.05 0.001 146 nan nan
12 12 0.05 0.001 147 nan nan
12 12 0.05 0.001 148 nan nan
12 12 0.05 0.001 149 nan nan
12 12 0.05 0.001 150 nan nan
12 12 0.05 0.001 151 nan nan
12 12 0.05 0.001 152 nan nan
12 12 0.05 0.001 153 nan nan
12 12 0.05 0.001 154 nan nan
12 12 0.05 0.001 155 nan nan
12 12 0.05 0.001 156 nan nan
12 12 0.05 0.001 157 nan nan
12 12 0.05 0.001 158 nan nan
12 12 0.05 0.001 159 nan nan
12 12 0.05 0.001 160 nan nan
12 12 0.05 0.001 161 nan nan
12 12 0.05 0.001 162 nan nan
12 12 0.05 0.001 163 nan nan
12 12 0.05 0.001 164 nan nan
12 12 0.05 0.001 165 nan nan
12 12 0.05 0.001 166 nan nan
12 12 0.05 0.001 167 nan nan
12 12 0.05 0.001 168 nan nan
12 12 0.05 0.001 169 nan nan
12 12 0.05 0.001 170 nan nan
12 12 0.05 0.001 171 nan nan
12 12 0.05 0.001 172 nan nan
12 12 0.05 0.001 173 nan nan
12 12 0.05 0.001 174 nan nan
12 12 0.05 0.001 175 nan nan
12 12 0.05 0.001 176 nan nan
12 12 0.05 0.001 177 nan nan
12 12 0.05 0.001 178 nan nan
12 12 0.05 0.001 179 nan nan
12 12 0.05 0.001 180 nan nan
12 12 0.05 0.001 181 nan nan
12 12 0.05 0.001 182 nan nan
12 12 0.05 0.001 183 nan nan
12 12 0.05 0.001 184 nan nan
12 12 0.05 0.001 185 nan nan
12 12 0.05 0.001 186 nan nan
12 12 0.05 0.001 187 nan nan
12 12 0.05 0.001 188 nan nan
12 12 0.05 0.001 189 nan nan
12 12 0.05 0.001 190 nan nan
12 12 0.05 0.001 191 nan nan
12 12 0.05 0.001 192 nan nan
12 12 0.05 0.001 193 nan nan
12 12 0.05 0.001 194 nan nan
12 12 0.05 0.001 195 nan nan
12 12 0.05 0.001 196 nan nan
12 12 0.05 0.001 197 nan nan
12 12 0.05 0.001 198 nan nan
12 12 0.05 0.001 199 nan nan
12 12 0.05 0.001 200 nan nan
12 12 0.05 0.001 201 nan nan
12 12 0.05 0.001 202 nan nan
12 12 0.05 0.001 203 nan nan
12 12 0.05 0.001 204 nan nan
12 12 0.05 0.001 205 nan nan
12 12 0.05 0.001 206 nan nan
12 12 0.05 0.001 207 nan nan
12 12 0.05 0.001 208 nan nan
12 12 0.05 0.001 209 nan nan
12 12 0.05 0.001 210 nan nan
12 12 0.05 0.001 211 nan nan
12 12 0.05 0.001 212 nan nan
12 12 0.05 0.001 213 nan nan
12 12 0.05 0.001 214 nan nan
12 12 0.05 0.001 215 nan nan
12 12 0.05 0.001 216 nan nan
12 12 0.05 0.001 217 nan nan
12 12 0.05 0.001 218 nan nan
12 12 0.05 0.001 219 nan nan
12 12 0.05 0.001 220 nan nan
12 12 0.05 0.001 221 nan nan
12 12 0.05 0.001 222 nan nan
12 12 0.05 0.001 223 nan nan
12 12 0.05 0.001 224 nan nan
12 12 0.05 0.001 225 nan nan
12 12 0.05 0.001 226 nan nan
12 12 0.05 0.001 227 nan nan
12 12 0.05 0.001 228 nan nan
12 12 0.05 0.001 229 nan nan
12 12 0.05 0.001 230 nan nan
12 12 0.05 0.001 231 nan nan
12 12 0.05 0.001 232 nan nan
12 12 0.05 0.001 233 nan nan
12 12 0.05 0.001 234 nan nan
12 12 0.05 0.001 235 nan nan
12 12 0.05 0.001 236 nan nan
12 12 0.05 0.001 237 nan nan
12 12 0.05 0.001 238 nan nan
12 12 0.05 0.001 239 nan nan
12 12 0.05 0.001 240 nan nan
12 12 0.05 0.001 241 nan nan
12 12 0.05 0.001 242 nan nan
12 12 0.05 0.001 243 nan nan
12 12 0.05 0.001 244 nan nan
12 12 0.05 0.001 245 nan nan
12 12 0.05 0.001 246 nan nan
12 12 0.05 0.001 247 nan nan
12 12 0.05 0.001 248 nan nan
12 12 0.05 0.001 249 nan nan
12 12 0.05 0.001 250 nan nan
12 12 0.05 0.001 251 nan nan
12 12 0.05 0.001 252 nan nan
12 12 0.05 0.001 253 nan nan
12 12 0.05 0.001 254 nan nan
12 12 0.05 0.001 255 nan nan
12 12 0.05 0.001 256 nan nan
12 12 0.05 0.001 257 nan nan
12 12 0.05 0.001 258 nan nan
12 12 0.05 0.001 259 nan nan
12 12 0.05 0.001 260 nan nan
12 12 0.05 0.001 261 nan nan
12 12 0.05 0.001 262 nan nan
12 12 0.05 0.001 263 nan nan
12 12 0.05 0.001 264 nan nan
12 12 0.05 0.001 265 nan nan
12 12 0.05 0.001 266 nan nan
12 12 0.05 0.001 267 nan nan
12 12 0.05 0.001 268 nan nan
12 12 0.05 0.001 269 nan nan
12 12 0.05 0.001 270 nan nan
12 12 0.05 0.001 271 nan nan
12 12 0.05 0.001 272 nan nan
12 12 0.05 0.001 273 nan nan
12 12 0.05 0.001 274 nan nan
12 12 0.05 0.001 275 nan nan
12 12 0.05 0.001 276 nan nan
12 12 0.05 0.001 277 nan nan
12 12 0.05 0.001 278 nan nan
12 12 0.05 0.001 279 nan nan
12 12 0.05 0.001 280 nan nan
12 12 0.05 0.001 281 nan nan
12 12 0.05 0.001 282 nan nan
12 12 0.05 0.001 283 nan nan
12 12 0.05 0.001 284 nan nan
12 12 0.05 0.001 285 nan nan
12 12 0.05 0.001 286 nan nan
12 12 0.05 0.001 287 nan nan
12 12 0.05 0.001 288 nan nan
12 12 0.10 0.001 0 nan nan
12 12 0.10 0.001 1 0.000925647819021 0.002180458339997
12 12 0.10 0.001 2 -0.000275463061233 0.002066039335738
12 12 0.10 0.001 3 0.002424916047921 0.002395372400735
12 12 0.10 0.001 4 0.001063975076953 0.002204326783009
12 12 0.10 0.001 5 0.000422969011060 0.002252964941787
12 12 0.10 0.001 6 -0.001237441058072 0.001717088750748
12 12 0.10 0.001 7 0.000060268401742 0.001880901416515
12 12 0.10 0.001 8 -0.000330068670830 0.001962460385603
12 12 0.10 0.001 9 -0.000197386884310 0.001825720825836
12 12 0.10 0.001 10 -0.000091441508946 0.001846585181678
12 12 0.10 0.001 11 -0.000233002204624 0.001713914115185
12 12 0.10 0.001 12 0.000398604033363 0.001950616824644
12 12 0.10 0.001 13 -0.000031448101368 0.001679351765540
12 12 0.10 0.001 14 0.001022161271151 0.001465442479872
12 12 0.10 0.001 15 0.000550057401124 0.001547436760248
12 12 0.10 0.001 16 0.000838140834589 0.001507557447667
12 12 0.10 0.001 17 -0.002392110922881 0.001581289030761
12 12 0.10 0.001 18 0.001135512116338 0.001766476981914
12 12 0.10 0.001 19 -0.017527457435689 0.001343921062528
12 12 0.10 0.001 20 0.001358382361925 0.001517142031707
12 12 0.10 0.001 21 0.000598870935335 0.001434706746995
12 12 0.10 0.001 22 0.000781347122879 0.001336526960323
12 12 0.10 0.001 23 -0.000278533749770 0.001367968038002
12 12 0.10 0.001 24 -0.017722009879983 0.001926796396564
12 12 0.10 0.001 25 0.000601982236516 0.001194813405045
12 12 0.10 0.001 26 -0.000433169561340 0.000979271531762
12 12 0.10 0.001 27 nan nan
12 12 0.10 0.001 28 -0.000182919376685 0.000973887420763
12 12 0.10 0.001 29 -0.000160674586048 0.001068434434530
12 12 0.10 0.001 30 0.000287493025571 0.001145227129805
12 12 0.10 0.001 31 0.000740336941711 0.001118364773534
12 12 0.10 0.001 32 -0.000682395076128 0.001044198370462
12 12 0.10 0.001 33 0.000423383790709 0.001180339544030
12 12 0.10 0.001 34 -0.000394040537558 0.000991422277731
12 12 0.10 0.001 35 -0.000375793594179 0.001073071031359
12 12 0.10 0.001 36 -0.000632000767808 0.000971967610840
12 12 0.10 0.001 37 -0.000105547081919 0.001261936636811
12 12 0.10 0.001 38 0.000076498560417 0.001058853255157
12 12 0.10 0.001 39 0.000622900869914 0.000786858327666
12 12 0.10 0.001 40 -0.000133129194893 0.000988435842783
12 12 0.10 0.001 41 -0.000726680464283 0.001042651538749
12 12 0.10 0.001 42 -0.000372763176013 0.000999053980143
12 12 0.10 0.001 43 -0.000145827798753 0.001262546488471
12 12 0.10 0.001 44 -0.000006712048787 0.000851806014130
12 12 0.10 0.001 45 -0.000779734386012 0.000901882072958
12 12 0.10 0.001 46 0.001253287026637 0.001225525019819
12 12 0.10 0.001 47 -0.000961037728986 0.000944171960490
12 12 0.10 0.001 48 -0.000337753628297 0.001149990614938
12 12 0.10 0.001 49 0.015757037165370 0.001046872644753
12 12 0.10 0.001 50 0.054770367945798 0.001493260634152
12 12 0.10 0.001 51 0.002611548295540 0.001378321839789
12 12 0.10 0.001 52 0.003659479277292 0.001408501512996
12 12 0.10 0.001 53 0.019357489926020 0.001499053675063
12 12 0.10 0.001 54 0.001471902821881 0.001567030557442
12 12 0.10 0.001 55 0.002656528200397 0.001510897367316
12 12 0.10 0.001 56 0.001115520103048 0.001925858152524
12 12 0.10 0.001 57 -0.003237707858147 0.001568281157298
12 12 0.10 0.001 58 0.001103945869638 0.001770357154900
12 12 0.10 0.001 59 0.000564527257130 0.001552670181477
12 12 0.10 0.001 60 -0.004137209426964 0.001979370733354
12 12 0.10 0.001 61 -0.000409259889460 0.001623472889987
12 12 0.10 0.001 62 0.093921907299967 0.002050336864235
12 12 0.10 0.001 63 -0.000958219911257 0.001518610436723
12 12 0.10 0.001 64 -0.001802881050709 0.001797064169441
12 12 0.10 0.001 65 -0.001480728640145 0.002331175248495
12 12 0.10 0.001 66 0.000586649909941 0.001489141541344
12 12 0.10 0.001 67 -0.001075167368017 0.001974499359815
12 12 0.10 0.001 68 0.078928146719332 0.001627621329402
12 12 0.10 0.001 69 -0.000320509566808 0.001502860811987
12 12 0.10 0.001 70 0.000857214802000 0.001544747547496
12 12 0.10 0.001 71 0.002259409561353 0.001632288907385
12 12 0.10 0.001 72 -0.001846849118885 0.001877617180776
12 12 0.10 0.001 73 nan nan
12 12 0.10 0.001 74 nan nan
12 12 0.10 0.001 75 nan nan
12 12 0.10 0.001 76 nan nan
12 12 0.10 0.001 77 nan nan
12 12 0.10 0.001 78 nan nan
12 12 0.10 0.001 79 nan nan
12 12 0.10 0.001 80 nan nan
12 12 0.10 0.001 81 nan nan
12 12 0.10 0.001 82 nan nan
12 12 0.10 0.001 83 nan nan
12 12 0.10 0.001 84 nan nan
12 12 0.10 0.001 85 nan nan
12 12 0.10 0.001 86 nan nan
12 12 0.10 0.001 87 nan nan
12 12 0.10 0.001 88 nan nan
12 12 0.10 0.001 89 nan nan
12 12 0.10 0.001 90 nan nan
12 12 0.10 0.001 91 nan nan
12 12 0.10 0.001 92 nan nan
12 12 0.10 0.001 93 nan nan
12 12 0.10 0.001 94 nan nan
12 12 0.10 0.001 95 nan nan
12 12 0.10 0.001 96 nan nan
12 12 0.10 0.001 97 nan nan
12 12 0.10 0.001 98 nan nan
12 12 0.10 0.001 99 nan nan
12 12 0.10 0.001 100 nan nan
12 12 0.10 0.001 101 nan nan
12 12 0.10 0.001 102 nan nan
12 12 0.10 0.001 103 nan nan
12 12 0.10 0.001 104 nan nan
12 12 0.10 0.001 105 nan nan
12 12 0.10 0.001 106 nan nan
12 12 0.10 0.001 107 nan nan
12 12 0.10 0.001 108 nan nan
12 12 0.10 0.001 109 nan nan
12 12 0.10 0.001 110 nan nan
12 12 0.10 0.001 111 nan nan
12 12 0.10 0.001 112 nan nan
12 12 0.10 0.001 113 nan nan
12 12 0.10 0.001 114 nan nan
12 12 0.10 0.001 115 nan nan
12 12 0.10 0.001 116 nan nan
12 12 0.10 0.001 117 nan nan
12 12 0.10 0.001 118 nan nan
12 12 0.10 0.001 119 nan nan
12 12 0.10 0.001 120 nan nan
12 12 0.10 0.001 121 nan nan
12 12 0.10 0.001 122 nan nan
12 12 0.10 0.001 123 nan nan
12 12 0.10 0.001 124 nan nan
12 12 0.10 0.001 125 nan nan
12 12 0.10 0.001 126 nan nan
12 12 0.10 0.001 127 nan nan
12 12 0.10 0.001 128 nan nan
12 12 0.10 0.001 129 nan nan
12 12 0.10 0.001 130 nan nan
12 12 0.10 0.001 131 nan nan
12 12 0.10 0.001 132 nan nan
12 12 0.10 0.001 133 nan nan
12 12 0.10 0.001 134 nan nan
12 12 0.10 0.001 135 nan nan
12 12 0.10 0.001 136 nan nan
12 12 0.10 0.001 137 nan nan
12 12 0.10 0.001 138 nan nan
12 12 0.10 0.001 139 nan nan
12 12 0.10 0.001 140 nan nan
12 12 0.10 0.001 141 nan nan
12 12 0.10 0.001 142 nan nan
12 12 0.10 0.001 143 nan nan
12 12 0.10 0.001 144 nan nan
12 12 0.10 0.001 145 nan nan
12 12 0.10 0.001 146 nan nan
12 12 0.10 0.001 147 nan nan
12 12 0.10 0.001 148 nan nan
12 12 0.10 0.001 149 nan nan
12 12 0.10 0.001 150 nan nan
12 12 0.10 0.001 151 nan nan
12 12 0.10 0.001 152 nan nan
12 12 0.10 0.001 153 nan nan
12 12 0.10 0.001 154 nan nan
12 12 0.10 0.001 155 nan nan
12 12 0.10 0.001 156 nan nan
12 12 0.10 0.001 157 nan nan
12 12 0.10 0.001 158 nan nan
12 12 0.10 0.001 159 nan nan
12 12 0.10 0.001 160 nan nan
12 12 0.10 0.001 161 nan nan
12 12 0.10 0.001 162 nan nan
12 12 0.10 0.001 163 nan nan
12 12 0.10 0.001 164 nan nan
12 12 0.10 0.001 165 nan nan
12 12 0.10 0.001 166 nan nan
12 12 0.10 0.001 167 nan nan
12 12 0.10 0.001 168 nan nan
12 12 0.10 0.001 169 nan nan
12 12 0.10 0.001 170 nan nan
12 12 0.10 0.001 171 nan nan
12 12 0.10 0.001 172 nan nan
12 12 0.10 0.001 173 nan nan
12 12 0.10 0.001 174 nan nan
12 12 0.10 0.001 175 nan nan
12 12 0.10 0.001 176 nan nan
12 12 0.10 0.001 177 nan nan
12 12 0.10 0.001 178 nan nan
12 12 0.10 0.001 179 nan nan
12 12 0.10 0.001 180 nan nan
12 12 0.10 0.001 181 nan nan
12 12 0.10 0.001 182 nan nan
12 12 0.10 0.001 183 nan nan
12 12 0.10 0.001 184 nan nan
12 12 0.10 0.001 185 nan nan
12 12 0.10 0.001 186 nan nan
12 12 0.10 0.001 187 nan nan
12 12 0.10 0.001 188 nan nan
12 12 0.10 0.001 189 nan nan
12 12 0.10 0.001 190 nan nan
12 12 0.10 0.001 191 nan nan
12 12 0.10 0.001 192 nan nan
12 12 0.10 0.001 193 nan nan
12 12 0.10 0.001 194 nan nan
12 12 0.10 0.001 195 nan nan
12 12 0.10 0.001 196 nan nan
12 12 0.10 0.001 197 nan nan
12 12 0.10 0.001 198 nan nan
12 12 0.10 0.001 199 nan nan
12 12 0.10 0.001 200 nan nan
12 12 0.10 0.001 201 nan nan
12 12 0.10 0.001 202 nan nan
12 12 0.10 0.001 203 nan nan
12 12 0.10 0.001 204 nan nan
12 12 0.10 0.001 205 nan nan
12 12 0.10 0.001 206 nan nan
12 12 0.10 0.001 207 nan nan
12 12 0.10 0.001 208 nan nan
12 12 0.10 0.001 209 nan nan
12 12 0.10 0.001 210 nan nan
12 12 0.10 0.001 211 nan nan
12 12 0.10 0.001 212 nan nan
12 12 0.10 0.001 213 nan nan
12 12 0.10 0.001 214 nan nan
12 12 0.10 0.001 215 nan nan
12 12 0.10 0.001 216 nan nan
12 12 0.10 0.001 217 nan nan
12 12 0.10 0.001 218 nan nan
12 12 0.10 0.001 219 nan nan
12 12 0.10 0.001 220 nan nan
12 12 0.10 0.001 221 nan nan
12 12 0.10 0.001 222 nan nan
12 12 0.10 0.001 223 nan nan
12 12 0.10 0.001 224 nan nan
12 12 0.10 0.001 225 nan nan
12 12 0.10 0.001 226 nan nan
12 12 0.10 0.001 227 nan nan
12 12 0.10 0.001 228 nan nan
12 12 0.10 0.001 229 nan nan
12 12 0.10 0.001 230 nan nan
12 12 0.10 0.001 231 nan nan
12 12 0.10 0.001 232 nan nan
12 12 0.10 0.001 233 nan nan
12 12 0.10 0.001 234 nan nan
12 12 0.10 0.001 235 nan nan
12 12 0.10 0.001 236 nan nan
12 12 0.10 0.001 237 nan nan
12 12 0.10 0.001 238 nan nan
12 12 0.10 0.001 239 nan nan
12 12 0.10 0.001 240 nan nan
12 12 0.10 0.001 241 nan nan
12 12 0.10 0.001 242 nan nan
12 12 0.10 0.001 243 nan nan
12 12 0.10 0.001 244 nan nan
12 12 0.10 0.001 245 nan nan
12 12 0.10 0.001 246 nan nan
12 12 0.10 0.001 247 nan nan
12 12 0.10 0.001 248 nan nan
12 12 0.10 0.001 249 nan nan
12 12 0.10 0.001 250 nan nan
12 12 0.10 0.001 251 nan nan
12 12 0.10 0.001 252 nan nan
12 12 0.10 0.001 253 nan nan
12 12 0.10 0.001 254 nan nan
12 12 0.10 0.001 255 nan nan
12 12 0.10 0.001 256 nan nan
12 12 0.10 0.001 257 nan nan
12 12 0.10 0.001 258 nan nan
12 12 0.10 0.001 259 nan nan
12 12 0.10 0.001 260 nan nan
12 12 0.10 0.001 261 nan nan
12 12 0.10 0.001 262 nan nan
12 12 0.10 0.001 263 nan nan
12 12 0.10 0.001 264 nan nan
12 12 0.10 0.001 265 nan nan
12 12 0.10 0.001 266 nan nan
12 12 0.10 0.001 267 nan nan
12 12 0.10 0.001 268 nan nan
12 12 0.10 0.001 269 nan nan
12 12 0.10 0.001 270 nan nan
12 12 0.10 0.001 271 nan nan
12 12 0.10 0.001 272 nan nan
12 12 0.10 0.001 273 nan nan
12 12 0.10 0.001 274 nan nan
12 12 0.10 0.001 275 nan nan
12 12 0.10 0.001 276 nan nan
12 12 0.10 0.001 277 nan nan
12 12 0.10 0.001 278 nan nan
12 12 0.10 0.001 279 nan nan
12 12 0.10 0.001 280 nan nan
12 12 0.10 0.001 281 nan nan
12 12 0.10 0.001 282 nan nan
12 12 0.10 0.001 283 nan nan
12 12 0.10 0.001 284 nan nan
12 12 0.10 0.001 285 nan nan
12 12 0.10 0.001 286 nan nan
12 12 0.10 0.001 287 nan nan
12 12 0.10 0.001 288 nan nan
12 12 0.15 0.001 0 0.001498404492043 0.002565523938553
12 12 0.15 0.001 1 0.002044532128390 0.003059759913171
12 12 0.15 0.001 2 -0.003885675162594 0.003118626838729
12 12 0.15 0.001 3 0.002626946540396 0.002760923421591
12 12 0.15 0.001 4 0.000081888898209 0.002179433602338
12 12 0.15 0.001 5 0.000192616803491 0.002557693915508
12 12 0.15 0.001 6 0.001363165249974 0.002470295714233
12 12 0.15 0.001 7 -0.000060171391828 0.002129752570506
12 12 0.15 0.001 8 0.000060853600728 0.002033062390904
12 12 0.15 0.001 9 -0.000206587372373 0.002037154798890
12 12 0.15 0.001 10 -0.000092034367558 0.002051909318733
12 12 0.15 0.001 11 0.000057407801170 0.001885723538514
12 12 0.15 0.001 12 nan nan
12 12 0.15 0.001 13 -0.119809098614237 0.002291059466092
12 12 0.15 0.001 14 -0.000047885960377 0.001823745889825
12 12 0.15 0.001 15 -0.002431437346960 0.001905223944369
12 12 0.15 0.001 16 -0.004013510074655 0.001811496740182
12 12 0.15 0.001 17 0.002438556591533 0.001898308722642
12 12 0.15 0.001 18 -0.001985386592659 0.001857929863837
12 12 0.15 0.001 19 0.001080949474514 0.001666534215589
12 12 0.15 0.001 20 0.001496670287688 0.001534475783461
12 12 0.15 0.001 21 0.002086897521818 0.001575417691073
12 12 0.15 0.001 22 -0.000389337825187 0.001511951501885
12 12 0.15 0.001 23 0.002265326575691 0.001459991632068
12 12 0.15 0.001 24 -0.034244704638302 0.001861029619405
12 12 0.15 0.001 25 0.000990796361057 0.001341286558014
12 12 0.15 0.001 26 0.001304635071470 0.001148362835499
12 12 0.15 0.001 27 -0.000288380617014 0.001192749249054
12 12 0.15 0.001 28 -0.000379285906055 0.001041902323637
12 12 0.15 0.001 29 -0.000323323829369 0.001044751440709
12 12 0.15 0.001 30 -0.001312934628247 0.001029511222984
12 12 0.15 0.001 31 0.000755072839555 0.001140864892692
12 12 0.15 0.001 32 0.000184084785377 0.001002343755269
12 12 0.15 0.001 33 -0.000881529888809 0.000975354442043
12 12 0.15 0.001 34 -0.000072418079629 0.001041941075751
12 12 0.15 0.001 35 -0.000496609537337 0.001112470386261
12 12 0.15 0.001 36 -0.001325567514643 0.000873994065776
12 12 0.15 0.001 37 0.000000222805351 0.001010814090246
12 12 0.15 0.001 38 -0.000832317105710 0.000976676353125
12 12 0.15 0.001 39 -0.000009221319068 0.001036192730040
12 12 0.15 0.001 40 -0.000175553336953 0.001040283600738
12 12 0.15 0.001 41 -0.000160646026418 0.001230096363164
12 12 0.15 0.001 42 -0.000453321180420 0.001054782129935
12 12 0.15 0.001 43 -0.000633763044687 0.001354907718648
12 12 0.15 0.001 44 0.032276012167507 0.001547904848833
12 12 0.15 0.001 45 -0.000953512102070 0.000913389060339
12 12 0.15 0.001 46 0.000591945740505 0.001091279652784
12 12 0.15 0.001 47 -0.001196914533162 0.000937877388291
12 12 0.15 0.001 48 -0.000760868854449 0.001250861075543
12 12 0.15 0.001 49 0.000317278481806 0.001250133584272
12 12 0.15 0.001 50 0.000223232063027 0.001317914471373
12 12 0.15 0.001 51 0.000263178075910 0.001411065653386
12 12 0.15 0.001 52 0.000482830682218 0.001608431236008
12 12 0.15 0.001 53 0.042670190725525 0.001696484766640
12 12 0.15 0.001 54 0.001814771649182 0.001689399953013
12 12 0.15 0.001 55 0.002188335141997 0.001967063681001
12 12 0.15 0.001 56 0.000703109326356 0.002010143400228
12 12 0.15 0.001 57 0.001317927005068 0.001666049906997
12 12 0.15 0.001 58 -0.003125200780545 0.001952680059767
12 12 0.15 0.001 59 0.000917255779831 0.001755599441305
12 12 0.15 0.001 60 0.001321283445448 0.001895816684592
12 12 0.15 0.001 61 -0.000152716794552 0.001817265589284
12 12 0.15 0.001 62 -0.000545957168954 0.001813560167405
12 12 0.15 0.001 63 0.001198702495962 0.002195910239157
12 12 0.15 0.001 64 -0.001272016466021 0.001763165421994
12 12 0.15 0.001 65 -0.001382596928191 0.002647545476600
12 12 0.15 0.001 66 -0.002605825768798 0.002296021094532
12 12 0.15 0.001 67 -0.001748084369118 0.001662448766510
12 12 0.15 0.001 68 -0.000548863732792 0.002594531996097
12 12 0.15 0.001 69 -0.000117425305267 0.001702036054235
12 12 0.15 0.001 70 -0.001102280854054 0.002552443685734
12 12 0.15 0.001 71 -0.000852923561593 0.002540542029424
12 12 0.15 0.001 72 -0.001640420404283 0.002519805396629
12 12 0.15 0.001 73 nan nan
12 12 0.15 0.001 74 nan nan
12 12 0.15 0.001 75 nan nan
12 12 0.15 0.001 76 nan nan
12 12 0.15 0.001 77 nan nan
12 12 0.15 0.001 78 nan nan
12 12 0.15 0.001 79 nan nan
12 12 0.15 0.001 80 nan nan
12 12 0.15 0.001 81 nan nan
12 12 0.15 0.001 82 nan nan
12 12 0.15 0.001 83 nan nan
12 12 0.15 0.001 84 nan nan
12 12 0.15 0.001 85 nan nan
12 12 0.15 0.001 86 nan nan
12 12 0.15 0.001 87 nan nan
12 12 0.15 0.001 88 nan nan
12 12 0.15 0.001 89 nan nan
12 12 0.15 0.001 90 nan nan
12 12 0.15 0.001 91 nan nan
12 12 0.15 0.001 92 nan nan
12 12 0.15 0.001 93 nan nan
12 12 0.15 0.001 94 nan nan
12 12 0.15 0.001 95 nan nan
12 12 0.15 0.001 96 nan nan
12 12 0.15 0.001 97 nan nan
12 12 0.15 0.001 98 nan nan
12 12 0.15 0.001 99 nan nan
12 12 0.15 0.001 100 nan nan
12 12 0.15 0.001 101 nan nan
12 12 0.15 0.001 102 nan nan
12 12 0.15 0.001 103 nan nan
12 12 0.15 0.001 104 nan nan
12 12 0.15 0.001 105 nan nan
12 12 0.15 0.001 106 nan nan
12 12 0.15 0.001 107 nan nan
12 12 0.15 0.001 108 nan nan
12 12 0.15 0.001 109 nan nan
12 12 0.15 0.001 110 nan nan
12 12 0.15 0.001 111 nan nan
12 12 0.15 0.001 112 nan nan
12 12 0.15 0.001 113 nan nan
12 12 0.15 0.001 114 nan nan
12 12 0.15 0.001 115 nan nan
12 12 0.15 0.001 116 nan nan
12 12 0.15 0.001 117 nan nan
12 12 0.15 0.001 118 nan nan
12 12 0.15 0.001 119 nan nan
12 12 0.15 0.001 120 nan nan
12 12 0.15 0.001 121 nan nan
12 12 0.15 0.001 122 nan nan
12 12 0.15 0.001 123 nan nan
12 12 0.15 0.001 124 nan nan
12 12 0.15 0.001 125 nan nan
12 12 0.15 0.001 126 nan nan
12 12 0.15 0.001 127 nan nan
12 12 0.15 0.001 128 nan nan
12 12 0.15 0.001 129 nan nan
12 12 0.15 0.001 130 nan nan
12 12 0.15 0.001 131 nan nan
12 12 0.15 0.001 132 nan nan
12 12 0.15 0.001 133 nan nan
12 12 0.15 0.001 134 nan nan
12 12 0.15 0.001 135 nan nan
12 12 0.15 0.001 136 nan nan
12 12 0.15 0.001 137 nan nan
12 12 0.15 0.001 138 nan nan
12 12 0.15 0.001 139 nan nan
12 12 0.15 0.001 140 nan nan
12 12 0.15 0.001 141 nan nan
12 12 0.15 0.001 142 nan nan
12 12 0.15 0.001 143 nan nan
12 12 0.15 0.001 144 nan nan
12 12 0.15 0.001 145 nan nan
12 12 0.15 0.001 146 nan nan
12 12 0.15 0.001 147 nan nan
12 12 0.15 0.001 148 nan nan
12 12 0.15 0.001 149 nan nan
12 12 0.15 0.001 150 nan nan
12 12 0.15 0.001 151 nan nan
12 12 0.15 0.001 152 nan nan
12 12 0.15 0.001 153 nan nan
12 12 0.15 0.001 154 nan nan
12 12 0.15 0.001 155 nan nan
12 12 0.15 0.001 156 nan nan
12 12 0.15 0.001 157 nan nan
12 12 0.15 0.001 158 nan nan
12 12 0.15 0.001 159 nan nan
12 12 0.15 0.001 160 nan nan
12 12 0.15 0.001 161 nan nan
12 12 0.15 0.001 162 nan nan
12 12 0.15 0.001 163 nan nan
12 12 0.15 0.001 164 nan nan
12 12 0.15 0.001 165 nan nan
12 12 0.15 0.001 166 nan nan
12 12 0.15 0.001 167 nan nan
12 12 0.15 0.001 168 nan nan
12 12 0.15 0.001 169 nan nan
12 12 0.15 0.001 170 nan nan
12 12 0.15 0.001 171 nan nan
12 12 0.15 0.001 172 nan nan
12 12 0.15 0.001 173 nan nan
12 12 0.15 0.001 174 nan nan
12 12 0.15 0.001 175 nan nan
12 12 0.15 0.001 176 nan nan
12 12 0.15 0.001 177 nan nan
12 12 0.15 0.001 178 nan nan
12 12 0.15 0.001 179 nan nan
12 12 0.15 0.001 180 nan nan
12 12 0.15 0.001 181 nan nan
12 12 0.15 0.001 182 nan nan
12 12 0.15 0.001 183 nan nan
12 12 0.15 0.001 184 nan nan
12 12 0.15 0.001 185 nan nan
12 12 0.15 0.001 186 nan nan
12 12 0.15 0.001 187 nan nan
12 12 0.15 0.001 188 nan nan
12 12 0.15 0.001 189 nan nan
12 12 0.15 0.001 190 nan nan
12 12 0.15 0.001 191 nan nan
12 12 0.15 0.001 192 nan nan
12 12 0.15 0.001 193 nan nan
12 12 0.15 0.001 194 nan nan
12 12 0.15 0.001 195 nan nan
12 12 0.15 0.001 196 nan nan
12 12 0.15 0.001 197 nan nan
12 12 0.15 0.001 198 nan nan
12 12 0.15 0.001 199 nan nan
12 12 0.15 0.001 200 nan nan
12 12 0.15 0.001 201 nan nan
12 12 0.15 0.001 202 nan nan
12 12 0.15 0.001 203 nan nan
12 12 0.15 0.001 204 nan nan
12 12 0.15 0.001 205 nan nan
12 12 0.15 0.001 206 nan nan
12 12 0.15 0.001 207 nan nan
12 12 0.15 0.001 208 nan nan
12 12 0.15 0.001 209 nan nan
12 12 0.15 0.001 210 nan nan
12 12 0.15 0.001 211 nan nan
12 12 0.15 0.001 212 nan nan
12 12 0.15 0.001 213 nan nan
12 12 0.15 0.001 214 nan nan
12 12 0.15 0.001 215 nan nan
12 12 0.15 0.001 216 nan nan
12 12 0.15 0.001 217 nan nan
12 12 0.15 0.001 218 nan nan
12 12 0.15 0.001 219 nan nan
12 12 0.15 0.001 220 nan nan
12 12 0.15 0.001 221 nan nan
12 12 0.15 0.001 222 nan nan
12 12 0.15 0.001 223 nan nan
12 12 0.15 0.001 224 nan nan
12 12 0.15 0.001 225 nan nan
12 12 0.15 0.001 226 nan nan
12 12 0.15 0.001 227 nan nan
12 12 0.15 0.001 228 nan nan
12 12 0.15 0.001 229 nan nan
12 12 0.15 0.001 230 nan nan
12 12 0.15 0.001 231 nan nan
12 12 0.15 0.001 232 nan nan
12 12 0.15 0.001 233 nan nan
12 12 0.15 0.001 234 nan nan
12 12 0.15 0.001 235 nan nan
12 12 0.15 0.001 236 nan nan
12 12 0.15 0.001 237 nan nan
12 12 0.15 0.001 238 nan nan
12 12 0.15 0.001 239 nan nan
12 12 0.15 0.001 240 nan nan
12 12 0.15 0.001 241 nan nan
12 12 0.15 0.001 242 nan nan
12 12 0.15 0.001 243 nan nan
12 12 0.15 0.001 244 nan nan
12 12 0.15 0.001 245 nan nan
12 12 0.15 0.001 246 nan nan
12 12 0.15 0.001 247 nan nan
12 12 0.15 0.001 248 nan nan
12 12 0.15 0.001 249 nan nan
12 12 0.15 0.001 250 nan nan
12 12 0.15 0.001 251 nan nan
12 12 0.15 0.001 252 nan nan
12 12 0.15 0.001 253 nan nan
12 12 0.15 0.001 254 nan nan
12 12 0.15 0.001 255 nan nan
12 12 0.15 0.001 256 nan nan
12 12 0.15 0.001 257 nan nan
12 12 0.15 0.001 258 nan nan
12 12 0.15 0.001 259 nan nan
12 12 0.15 0.001 260 nan nan
12 12 0.15 0.001 261 nan nan
12 12 0.15 0.001 262 nan nan
12 12 0.15 0.001 263 nan nan
12 12 0.15 0.001 264 nan nan
12 12 0.15 0.001 265 nan nan
12 12 0.15 0.001 266 nan nan
12 12 0.15 0.001 267 nan nan
12 12 0.15 0.001 268 nan nan
12 12 0.15 0.001 269 nan nan
12 12 0.15 0.001 270 nan nan
12 12 0.15 0.001 271 nan nan
12 12 0.15 0.001 272 nan nan
12 12 0.15 0.001 273 nan nan
12 12 0.15 0.001 274 nan nan
12 12 0.15 0.001 275 nan nan
12 12 0.15 0.001 276 nan nan
12 12 0.15 0.001 277 nan nan
12 12 0.15 0.001 278 nan nan
12 12 0.15 0.001 279 nan nan
12 12 0.15 0.001 280 nan nan
12 12 0.15 0.001 281 nan nan
12 12 0.15 0.001 282 nan nan
12 12 0.15 0.001 283 nan nan
12 12 0.15 0.001 284 nan nan
12 12 0.15 0.001 285 nan nan
12 12 0.15 0.001 286 nan nan
12 12 0.15 0.001 287 nan nan
12 12 0.15 0.001 288 nan nan
12 12 0.20 0.001 0 0.002402809380674 0.004948045791171
12 12 0.20 0.001 1 0.002661513607095 0.004353752975334
12 12 0.20 0.001 2 0.001797277905301 0.003763849336072
12 12 0.20 0.001 3 -0.000745338284033 0.003128247175368
12 12 0.20 0.001 4 -0.000180460109240 0.003015998559094
12 12 0.20 0.001 5 0.000774126579146 0.003215455333210
12 12 0.20 0.001 6 -0.001502020023988 0.002952040656498
12 12 0.20 0.001 7 0.000146343104339 0.002949133937913
12 12 0.20 0.001 8 -0.002213904466361 0.003053001034385
12 12 0.20 0.001 9 -0.000324394735197 0.002813148157810
12 12 0.20 0.001 10 -0.000248948221899 0.002803448001024
12 12 0.20 0.001 11 -0.001263861579891 0.003099491269666
12 12 0.20 0.001 12 0.001033846687235 0.002770522220249
12 12 0.20 0.001 13 -0.000790810321644 0.002235887638152
12 12 0.20 0.001 14 -0.126029387605498 0.002573727534271
12 12 0.20 0.001 15 0.001595763984906 0.002300083141575
12 12 0.20 0.001 16 0.001485739262522 0.002473591695861
12 12 0.20 0.001 17 -0.002761655743801 0.002895645786442
12 12 0.20 0.001 18 0.001572531049299 0.002109807081340
12 12 0.20 0.001 19 0.001344667450104 0.002171928880739
12 12 0.20 0.001 20 0.002525904944638 0.002108610818257
12 12 0.20 0.001 21 0.002254468586458 0.002023548052227
12 12 0.20 0.001 22 0.001880731111697 0.001912126603566
12 12 0.20 0.001 23 0.002373632895350 0.001799047690254
12 12 0.20 0.001 24 0.000637595968347 0.001574730221078
12 12 0.20 0.001 25 0.000769758135838 0.001644639569037
12 12 0.20 0.001 26 0.001128922541810 0.001436671991276
12 12 0.20 0.001 27 0.000191376345178 0.001380029530699
12 12 0.20 0.001 28 0.000354501829847 0.001314006915900
12 12 0.20 0.001 29 -0.001025773408044 0.001239214868565
12 12 0.20 0.001 30 -0.001070788930841 0.001387840905648
12 12 0.20 0.001 31 -0.001428155951983 0.001161207854113
12 12 0.20 0.001 32 -0.000690599304678 0.001114236913944
12 12 0.20 0.001 33 0.000491717233826 0.001241999051880
12 12 0.20 0.001 34 0.000594805322229 0.001310548605989
12 12 0.20 0.001 35 0.000204455374932 0.001298194419214
12 12 0.20 0.001 36 -0.000824440308020 0.000990365707148
12 12 0.20 0.001 37 -0.000623273228352 0.001376832201048
12 12 0.20 0.001 38 -0.000048541230802 0.001255681226275
12 12 0.20 0.001 39 -0.000774558128111 0.001273558546085
12 12 0.20 0.001 40 -0.000825356857923 0.001310663009811
12 12 0.20 0.001 41 -0.001064456772907 0.001283793265494
12 12 0.20 0.001 42 -0.000735561544399 0.001294496569215
12 12 0.20 0.001 43 -0.000104003929926 0.001185770959512
12 12 0.20 0.001 44 0.000067963113885 0.001447651929677
12 12 0.20 0.001 45 0.000383787662012 0.001480213626741
12 12 0.20 0.001 46 0.000107997034716 0.001559696850136
12 12 0.20 0.001 47 -0.001079246452814 0.001516319278464
12 12 0.20 0.001 48 -0.001473892940555 0.001605716435876
12 12 0.20 0.001 49 -0.001384406572608 0.001368149819802
12 12 0.20 0.001 50 -0.000018603218440 0.001560083419597
12 12 0.20 0.001 51 0.002853464723623 0.001918577695600
12 12 0.20 0.001 52 0.004356796370381 0.001921283625316
12 12 0.20 0.001 53 0.001019779882015 0.001966679981842
12 12 0.20 0.001 54 0.024059931428892 0.002451957040735
12 12 0.20 0.001 55 0.003643315030563 0.002251264079166
12 12 0.20 0.001 56 0.000988603644355 0.002169803770072
12 12 0.20 0.001 57 0.002638691759307 0.002445361885997
12 12 0.20 0.001 58 0.002345394651321 0.002692987249513
12 12 0.20 0.001 59 0.001550750223296 0.002545168953462
12 12 0.20 0.001 60 0.002076080231254 0.002806028135081
12 12 0.20 0.001 61 0.000318453469869 0.002658084160351
12 12 0.20 0.001 62 -0.000280424150772 0.002709336578554
12 12 0.20 0.001 63 0.001578427166936 0.003037079316496
12 12 0.20 0.001 64 0.000054729424353 0.002955595541380
12 12 0.20 0.001 65 nan nan
12 12 0.20 0.001 66 0.002158355317023 0.002543246763326
12 12 0.20 0.001 67 0.000271535674946 0.003771129095353
12 12 0.20 0.001 68 0.000283515607782 0.003667464026916
12 12 0.20 0.001 69 0.000483643576855 0.002544455690071
12 12 0.20 0.001 70 0.002094821612020 0.002713217265967
12 12 0.20 0.001 71 0.003873378874230 0.002820581518749
12 12 0.20 0.001 72 0.002486877403544 0.003142476403621
12 12 0.20 0.001 73 nan nan
12 12 0.20 0.001 74 nan nan
12 12 0.20 0.001 75 nan nan
12 12 0.20 0.001 76 nan nan
12 12 0.20 0.001 77 nan nan
12 12 0.20 0.001 78 nan nan
12 12 0.20 0.001 79 nan nan
12 12 0.20 0.001 80 nan nan
12 12 0.20 0.001 81 nan nan
12 12 0.20 0.001 82 nan nan
12 12 0.20 0.001 83 nan nan
12 12 0.20 0.001 84 nan nan
12 12 0.20 0.001 85 nan nan
12 12 0.20 0.001 86 nan nan
12 12 0.20 0.001 87 nan nan
12 12 0.20 0.001 88 nan nan
12 12 0.20 0.001 89 nan nan
12 12 0.20 0.001 90 nan nan
12 12 0.20 0.001 91 nan nan
12 12 0.20 0.001 92 nan nan
12 12 0.20 0.001 93 nan nan
12 12 0.20 0.001 94 nan nan
12 12 0.20 0.001 95 nan nan
12 12 0.20 0.001 96 nan nan
12 12 0.20 0.001 97 nan nan
12 12 0.20 0.001 98 nan nan
12 12 0.20 0.001 99 nan nan
12 12 0.20 0.001 100 nan nan
12 12 0.20 0.001 101 nan nan
12 12 0.20 0.001 102 nan nan
12 12 0.20 0.001 103 nan nan
12 12 0.20 0.001 104 nan nan
12 12 0.20 0.001 105 nan nan
12 12 0.20 0.001 106 nan nan
12 12 0.20 0.001 107 nan nan
12 12 0.20 0.001 108 nan nan
12 12 0.20 0.001 109 nan nan
12 12 0.20 0.001 110 nan nan
12 12 0.20 0.001 111 nan nan
12 12 0.20 0.001 112 nan nan
12 12 0.20 0.001 113 nan nan
12 12 0.20 0.001 114 nan nan
12 12 0.20 0.001 115 nan nan
12 12 0.20 0.001 116 nan nan
12 12 0.20 0.001 117 nan nan
12 12 0.20 0.001 118 nan nan
12 12 0.20 0.001 119 nan nan
12 12 0.20 0.001 120 nan nan
12 12 0.20 0.001 121 nan nan
12 12 0.20 0.001 122 nan nan
12 12 0.20 0.001 123 nan nan
12 12 0.20 0.001 124 nan nan
12 12 0.20 0.001 125 nan nan
12 12 0.20 0.001 126 nan nan
12 12 0.20 0.001 127 nan nan
12 12 0.20 0.001 128 nan nan
12 12 0.20 0.001 129 nan nan
12 12 0.20 0.001 130 nan nan
12 12 0.20 0.001 131 nan nan
12 12 0.20 0.001 132 nan nan
12 12 0.20 0.001 133 nan nan
12 12 0.20 0.001 134 nan nan
12 12 0.20 0.001 135 nan nan
12 12 0.20 0.001 136 nan nan
12 12 0.20 0.001 137 nan nan
12 12 0.20 0.001 138 nan nan
12 12 0.20 0.001 139 nan nan
12 12 0.20 0.001 140 nan nan
12 12 0.20 0.001 141 nan nan
12 12 0.20 0.001 142 nan nan
12 12 0.20 0.001 143 nan nan
12 12 0.20 0.001 144 nan nan
12 12 0.20 0.001 145 nan nan
12 12 0.20 0.001 146 nan nan
12 12 0.20 0.001 147 nan nan
12 12 0.20 0.001 148 nan nan
12 12 0.20 0.001 149 nan nan
12 12 0.20 0.001 150 nan nan
12 12 0.20 0.001 151 nan nan
12 12 0.20 0.001 152 nan nan
12 12 0.20 0.001 153 nan nan
12 12 0.20 0.001 154 nan nan
12 12 0.20 0.001 155 nan nan
12 12 0.20 0.001 156 nan nan
12 12 0.20 0.001 157 nan nan
12 12 0.20 0.001 158 nan nan
12 12 0.20 0.001 159 nan nan
12 12 0.20 0.001 160 nan nan
12 12 0.20 0.001 161 nan nan
12 12 0.20 0.001 162 nan nan
12 12 0.20 0.001 163 nan nan
12 12 0.20 0.001 164 nan nan
12 12 0.20 0.001 165 nan nan
12 12 0.20 0.001 166 nan nan
12 12 0.20 0.001 167 nan nan
12 12 0.20 0.001 168 nan nan
12 12 0.20 0.001 169 nan nan
12 12 0.20 0.001 170 nan nan
12 12 0.20 0.001 171 nan nan
12 12 0.20 0.001 172 nan nan
12 12 0.20 0.001 173 nan nan
12 12 0.20 0.001 174 nan nan
12 12 0.20 0.001 175 nan nan
12 12 0.20 0.001 176 nan nan
12 12 0.20 0.001 177 nan nan
12 12 0.20 0.001 178 nan nan
12 12 0.20 0.001 179 nan nan
12 12 0.20 0.001 180 nan nan
12 12 0.20 0.001 181 nan nan
12 12 0.20 0.001 182 nan nan
12 12 0.20 0.001 183 nan nan
12 12 0.20 0.001 184 nan nan
12 12 0.20 0.001 185 nan nan
12 12 0.20 0.001 186 nan nan
12 12 0.20 0.001 187 nan nan
12 12 0.20 0.001 188 nan nan
12 12 0.20 0.001 189 nan nan
12 12 0.20 0.001 190 nan nan
12 12 0.20 0.001 191 nan nan
12 12 0.20 0.001 192 nan nan
12 12 0.20 0.001 193 nan nan
12 12 0.20 0.001 194 nan nan
12 12 0.20 0.001 195 nan nan
12 12 0.20 0.001 196 nan nan
12 12 0.20 0.001 197 nan nan
12 12 0.20 0.001 198 nan nan
12 12 0.20 0.001 199 nan nan
12 12 0.20 0.001 200 nan nan
12 12 0.20 0.001 201 nan nan
12 12 0.20 0.001 202 nan nan
12 12 0.20 0.001 203 nan nan
12 12 0.20 0.001 204 nan nan
12 12 0.20 0.001 205 nan nan
12 12 0.20 0.001 206 nan nan
12 12 0.20 0.001 207 nan nan
12 12 0.20 0.001 208 nan nan
12 12 0.20 0.001 209 nan nan
12 12 0.20 0.001 210 nan nan
12 12 0.20 0.001 211 nan nan
12 12 0.20 0.001 212 nan nan
12 12 0.20 0.001 213 nan nan
12 12 0.20 0.001 214 nan nan
12 12 0.20 0.001 215 nan nan
12 12 0.20 0.001 216 nan nan
12 12 0.20 0.001 217 nan nan
12 12 0.20 0.001 218 nan nan
12 12 0.20 0.001 219 nan nan
12 12 0.20 0.001 220 nan nan
12 12 0.20 0.001 221 nan nan
12 12 0.20 0.001 222 nan nan
12 12 0.20 0.001 223 nan nan
12 12 0.20 0.001 224 nan nan
12 12 0.20 0.001 225 nan nan
12 12 0.20 0.001 226 nan nan
12 12 0.20 0.001 227 nan nan
12 12 0.20 0.001 228 nan nan
12 12 0.20 0.001 229 nan nan
12 12 0.20 0.001 230 nan nan
12 12 0.20 0.001 231 nan nan
12 12 0.20 0.001 232 nan nan
12 12 0.20 0.001 233 nan nan
12 12 0.20 0.001 234 nan nan
12 12 0.20 0.001 235 nan nan
12 12 0.20 0.001 236 nan nan
12 12 0.20 0.001 237 nan nan
12 12 0.20 0.001 238 nan nan
12 12 0.20 0.001 239 nan nan
12 12 0.20 0.001 240 nan nan
12 12 0.20 0.001 241 nan nan
12 12 0.20 0.001 242 nan nan
12 12 0.20 0.001 243 nan nan
12 12 0.20 0.001 244 nan nan
12 12 0.20 0.001 245 nan nan
12 12 0.20 0.001 246 nan nan
12 12 0.20 0.001 247 nan nan
12 12 0.20 0.001 248 nan nan
12 12 0.20 0.001 249 nan nan
12 12 0.20 0.001 250 nan nan
12 12 0.20 0.001 251 nan nan
12 12 0.20 0.001 252 nan nan
12 12 0.20 0.001 253 nan nan
12 12 0.20 0.001 254 nan nan
12 12 0.20 0.001 255 nan nan
12 12 0.20 0.001 256 nan nan
12 12 0.20 0.001 257 nan nan
12 12 0.20 0.001 258 nan nan
12 12 0.20 0.001 259 nan nan
12 12 0.20 0.001 260 nan nan
12 12 0.20 0.001 261 nan nan
12 12 0.20 0.001 262 nan nan
12 12 0.20 0.001 263 nan nan
12 12 0.20 0.001 264 nan nan
12 12 0.20 0.001 265 nan nan
12 12 0.20 0.001 266 nan nan
12 12 0.20 0.001 267 nan nan
12 12 0.20 0.001 268 nan nan
12 12 0.20 0.001 269 nan nan
12 12 0.20 0.001 270 nan nan
12 12 0.20 0.001 271 nan nan
12 12 0.20 0.001 272 nan nan
12 12 0.20 0.001 273 nan nan
12 12 0.20 0.001 274 nan nan
12 12 0.20 0.001 275 nan nan
12 12 0.20 0.001 276 nan nan
12 12 0.20 0.001 277 nan nan
12 12 0.20 0.001 278 nan nan
12 12 0.20 0.001 279 nan nan
12 12 0.20 0.001 280 nan nan
12 12 0.20 0.001 281 nan nan
12 12 0.20 0.001 282 nan nan
12 12 0.20 0.001 283 nan nan
12 12 0.20 0.001 284 nan nan
12 12 0.20 0.001 285 nan nan
12 12 0.20 0.001 286 nan nan
12 12 0.20 0.001 287 nan nan
12 12 0.20 0.001 288 nan nan
#Ls   Lt  mu  ma  nfluxes AxialCurrent Err
