8 10 0.00 0.001 0 
8 10 0.00 0.001 1 
8 10 0.00 0.001 2 
8 10 0.00 0.001 3 
8 10 0.00 0.001 4 
8 10 0.00 0.001 5 
8 10 0.00 0.001 6 
8 10 0.00 0.001 7 
8 10 0.00 0.001 8 
8 10 0.00 0.001 9 
8 10 0.00 0.001 10 
8 10 0.00 0.001 11 
8 10 0.00 0.001 12 
8 10 0.00 0.001 13 
8 10 0.00 0.001 14 
8 10 0.00 0.001 15 
8 10 0.00 0.001 16 
8 10 0.00 0.001 17 
8 10 0.00 0.001 18 
8 10 0.00 0.001 19 
8 10 0.00 0.001 20 
8 10 0.00 0.001 21 
8 10 0.00 0.001 22 
8 10 0.00 0.001 23 
8 10 0.00 0.001 24 
8 10 0.00 0.001 25 
8 10 0.00 0.001 26 
8 10 0.00 0.001 27 
8 10 0.00 0.001 28 
8 10 0.00 0.001 29 
8 10 0.00 0.001 30 
8 10 0.00 0.001 31 
8 10 0.00 0.001 32 
8 10 0.00 0.01 0 
8 10 0.00 0.01 1 
8 10 0.00 0.01 2 
8 10 0.00 0.01 3 
8 10 0.00 0.01 4 
8 10 0.00 0.01 5 
8 10 0.00 0.01 6 
8 10 0.00 0.01 7 
8 10 0.00 0.01 8 
8 10 0.00 0.01 9 
8 10 0.00 0.01 10 
8 10 0.00 0.01 11 
8 10 0.00 0.01 12 
8 10 0.00 0.01 13 
8 10 0.00 0.01 14 
8 10 0.00 0.01 15 
8 10 0.00 0.01 16 
8 10 0.00 0.01 17 
8 10 0.00 0.01 18 
8 10 0.00 0.01 19 
8 10 0.00 0.01 20 
8 10 0.00 0.01 21 
8 10 0.00 0.01 22 
8 10 0.00 0.01 23 
8 10 0.00 0.01 24 
8 10 0.00 0.01 25 
8 10 0.00 0.01 26 
8 10 0.00 0.01 27 
8 10 0.00 0.01 28 
8 10 0.00 0.01 29 
8 10 0.00 0.01 30 
8 10 0.00 0.01 31 
8 10 0.00 0.01 32 
8 10 0.00 0.0001 0 
8 10 0.00 0.0001 1 
8 10 0.00 0.0001 2 
8 10 0.00 0.0001 3 
8 10 0.00 0.0001 4 
8 10 0.00 0.0001 5 
8 10 0.00 0.0001 6 
8 10 0.00 0.0001 7 
8 10 0.00 0.0001 8 
8 10 0.00 0.0001 9 
8 10 0.00 0.0001 10 
8 10 0.00 0.0001 11 
8 10 0.00 0.0001 12 
8 10 0.00 0.0001 13 
8 10 0.00 0.0001 14 
8 10 0.00 0.0001 15 
8 10 0.00 0.0001 16 
8 10 0.00 0.0001 17 
8 10 0.00 0.0001 18 
8 10 0.00 0.0001 19 
8 10 0.00 0.0001 20 
8 10 0.00 0.0001 21 
8 10 0.00 0.0001 22 
8 10 0.00 0.0001 23 
8 10 0.00 0.0001 24 
8 10 0.00 0.0001 25 
8 10 0.00 0.0001 26 
8 10 0.00 0.0001 27 
8 10 0.00 0.0001 28 
8 10 0.00 0.0001 29 
8 10 0.00 0.0001 30 
8 10 0.00 0.0001 31 
8 10 0.00 0.0001 32 
8 10 0.10 0.001 0 0.010095365773841 0.059120074147955
8 10 0.10 0.001 1 -0.311947508578670 0.067630715841744
8 10 0.10 0.001 2 -0.359634803675711 0.072821887683469
8 10 0.10 0.001 3 -0.244318115699188 0.092199338667880
8 10 0.10 0.001 4 -0.220221273617816 0.081627726846379
8 10 0.10 0.001 5 -0.221862871261245 0.097304197174846
8 10 0.10 0.001 6 -0.168873324985541 0.093481026005792
8 10 0.10 0.001 7 -0.066327651296510 0.073535157736668
8 10 0.10 0.001 8 -0.029228928799753 0.086343750127589
8 10 0.10 0.001 9 -0.102019517378079 0.068490878189166
8 10 0.10 0.001 10 -0.098799987780840 0.097070840380455
8 10 0.10 0.001 11 -0.058035620083889 0.071856914718180
8 10 0.10 0.001 12 -0.060959807230652 0.115334206467458
8 10 0.10 0.001 13 -0.018842100706310 0.086821197216868
8 10 0.10 0.001 14 -0.021465420539905 0.084885951840229
8 10 0.10 0.001 15 -0.028833263855089 0.106343111669186
8 10 0.10 0.001 16 -0.017985350759395 0.126866136804547
8 10 0.10 0.001 17 0.007912812453508 0.080442388198181
8 10 0.10 0.001 18 0.010836206262250 0.099311547213082
8 10 0.10 0.001 19 0.036298999904306 0.084027624432219
8 10 0.10 0.001 20 0.073885524047032 0.117530095023239
8 10 0.10 0.001 21 0.011986367006720 0.087398638562770
8 10 0.10 0.001 22 0.097088325402899 0.085221029489391
8 10 0.10 0.001 23 0.117759548526104 0.077015348458608
8 10 0.10 0.001 24 0.058259438642014 0.084593461929298
8 10 0.10 0.001 25 0.067368432722558 0.092505074023486
8 10 0.10 0.001 26 0.093468388071007 0.099677358483091
8 10 0.10 0.001 27 0.180198860227459 0.096686592153442
8 10 0.10 0.001 28 0.238804508793607 0.087332042051925
8 10 0.10 0.001 29 0.130488061290466 0.096056250933063
8 10 0.10 0.001 30 0.178745565682347 0.057124783495387
8 10 0.10 0.001 31 0.231311121907728 0.052141686828907
8 10 0.10 0.001 32 0.001674710982882 0.056733825252858
8 10 0.10 0.01 0 
8 10 0.10 0.01 1 
8 10 0.10 0.01 2 
8 10 0.10 0.01 3 
8 10 0.10 0.01 4 
8 10 0.10 0.01 5 
8 10 0.10 0.01 6 
8 10 0.10 0.01 7 
8 10 0.10 0.01 8 
8 10 0.10 0.01 9 
8 10 0.10 0.01 10 
8 10 0.10 0.01 11 
8 10 0.10 0.01 12 
8 10 0.10 0.01 13 
8 10 0.10 0.01 14 
8 10 0.10 0.01 15 
8 10 0.10 0.01 16 
8 10 0.10 0.01 17 
8 10 0.10 0.01 18 
8 10 0.10 0.01 19 
8 10 0.10 0.01 20 
8 10 0.10 0.01 21 
8 10 0.10 0.01 22 
8 10 0.10 0.01 23 
8 10 0.10 0.01 24 
8 10 0.10 0.01 25 
8 10 0.10 0.01 26 
8 10 0.10 0.01 27 
8 10 0.10 0.01 28 
8 10 0.10 0.01 29 
8 10 0.10 0.01 30 
8 10 0.10 0.01 31 
8 10 0.10 0.01 32 
8 10 0.10 0.0001 0 
8 10 0.10 0.0001 1 
8 10 0.10 0.0001 2 
8 10 0.10 0.0001 3 
8 10 0.10 0.0001 4 
8 10 0.10 0.0001 5 
8 10 0.10 0.0001 6 
8 10 0.10 0.0001 7 
8 10 0.10 0.0001 8 
8 10 0.10 0.0001 9 
8 10 0.10 0.0001 10 
8 10 0.10 0.0001 11 
8 10 0.10 0.0001 12 
8 10 0.10 0.0001 13 
8 10 0.10 0.0001 14 
8 10 0.10 0.0001 15 
8 10 0.10 0.0001 16 
8 10 0.10 0.0001 17 
8 10 0.10 0.0001 18 
8 10 0.10 0.0001 19 
8 10 0.10 0.0001 20 
8 10 0.10 0.0001 21 
8 10 0.10 0.0001 22 
8 10 0.10 0.0001 23 
8 10 0.10 0.0001 24 
8 10 0.10 0.0001 25 
8 10 0.10 0.0001 26 
8 10 0.10 0.0001 27 
8 10 0.10 0.0001 28 
8 10 0.10 0.0001 29 
8 10 0.10 0.0001 30 
8 10 0.10 0.0001 31 
8 10 0.10 0.0001 32 
8 10 0.20 0.001 0 0.012935279000455 0.123084569854828
8 10 0.20 0.001 1 -0.803510423410090 0.148727693345498
8 10 0.20 0.001 2 -0.921290989438542 0.191264737578720
8 10 0.20 0.001 3 -0.662590897871279 0.275002168661113
8 10 0.20 0.001 4 -0.694461948099823 0.244875475633911
8 10 0.20 0.001 5 -0.467697096297205 0.263445341908470
8 10 0.20 0.001 6 -0.339847005144512 0.185341979548421
8 10 0.20 0.001 7 -0.131224887106182 0.216931923629145
8 10 0.20 0.001 8 -0.067459452493040 0.262163718582619
8 10 0.20 0.001 9 -0.382361859869327 0.227954105359735
8 10 0.20 0.001 10 -0.283888994740530 0.210503627219117
8 10 0.20 0.001 11 -0.081330296096566 0.203235213929814
8 10 0.20 0.001 12 -0.110454445941221 0.447905171315000
8 10 0.20 0.001 13 -0.076677268889789 0.213371847651322
8 10 0.20 0.001 14 -0.050292898886026 0.254693979740658
8 10 0.20 0.001 15 -0.042818721487321 0.255810700856330
8 10 0.20 0.001 16 0.028776861795674 0.420534953895003
8 10 0.20 0.001 17 -0.037408346774073 0.239827413051432
8 10 0.20 0.001 18 0.002094057324874 0.238561700705502
8 10 0.20 0.001 19 0.091266349073011 0.221779626926027
8 10 0.20 0.001 20 0.127651414654078 0.364469835734203
8 10 0.20 0.001 21 0.071862501704616 0.197627093172842
8 10 0.20 0.001 22 0.244958097274167 0.261037202473608
8 10 0.20 0.001 23 0.287758016265342 0.228327864077194
8 10 0.20 0.001 24 0.102441551045689 0.238487972563394
8 10 0.20 0.001 25 0.136172198086670 0.239884250118572
8 10 0.20 0.001 26 0.245965315581298 0.288117523877080
8 10 0.20 0.001 27 0.415484746760388 0.237541850610025
8 10 0.20 0.001 28 0.668830561761321 0.296087207902440
8 10 0.20 0.001 29 0.438779223805423 0.276646406071676
8 10 0.20 0.001 30 0.729312961674079 0.225658994016103
8 10 0.20 0.001 31 0.720661530282229 0.139273158659077
8 10 0.20 0.001 32 -0.010714462846902 0.134974409203614
8 10 0.20 0.01 0 
8 10 0.20 0.01 1 
8 10 0.20 0.01 2 
8 10 0.20 0.01 3 
8 10 0.20 0.01 4 
8 10 0.20 0.01 5 
8 10 0.20 0.01 6 
8 10 0.20 0.01 7 
8 10 0.20 0.01 8 
8 10 0.20 0.01 9 
8 10 0.20 0.01 10 
8 10 0.20 0.01 11 
8 10 0.20 0.01 12 
8 10 0.20 0.01 13 
8 10 0.20 0.01 14 
8 10 0.20 0.01 15 
8 10 0.20 0.01 16 
8 10 0.20 0.01 17 
8 10 0.20 0.01 18 
8 10 0.20 0.01 19 
8 10 0.20 0.01 20 
8 10 0.20 0.01 21 
8 10 0.20 0.01 22 
8 10 0.20 0.01 23 
8 10 0.20 0.01 24 
8 10 0.20 0.01 25 
8 10 0.20 0.01 26 
8 10 0.20 0.01 27 
8 10 0.20 0.01 28 
8 10 0.20 0.01 29 
8 10 0.20 0.01 30 
8 10 0.20 0.01 31 
8 10 0.20 0.01 32 
8 10 0.20 0.0001 0 
8 10 0.20 0.0001 1 
8 10 0.20 0.0001 2 
8 10 0.20 0.0001 3 
8 10 0.20 0.0001 4 
8 10 0.20 0.0001 5 
8 10 0.20 0.0001 6 
8 10 0.20 0.0001 7 
8 10 0.20 0.0001 8 
8 10 0.20 0.0001 9 
8 10 0.20 0.0001 10 
8 10 0.20 0.0001 11 
8 10 0.20 0.0001 12 
8 10 0.20 0.0001 13 
8 10 0.20 0.0001 14 
8 10 0.20 0.0001 15 
8 10 0.20 0.0001 16 
8 10 0.20 0.0001 17 
8 10 0.20 0.0001 18 
8 10 0.20 0.0001 19 
8 10 0.20 0.0001 20 
8 10 0.20 0.0001 21 
8 10 0.20 0.0001 22 
8 10 0.20 0.0001 23 
8 10 0.20 0.0001 24 
8 10 0.20 0.0001 25 
8 10 0.20 0.0001 26 
8 10 0.20 0.0001 27 
8 10 0.20 0.0001 28 
8 10 0.20 0.0001 29 
8 10 0.20 0.0001 30 
8 10 0.20 0.0001 31 
8 10 0.20 0.0001 32 
8 10 0.30 0.001 0 0.907286426286235 7.531168815355836
8 10 0.30 0.001 1 -8.001074354671255 10.791469561113935
8 10 0.30 0.001 2 -6.090332725488327 14.043354797958065
8 10 0.30 0.001 3 -0.184672162833987 12.288497256626220
8 10 0.30 0.001 4 -3.927229599269872 14.757551895503688
8 10 0.30 0.001 5 -1.228884402134313 8.607078871149001
8 10 0.30 0.001 6 -3.661018126639963 18.292987954263950
8 10 0.30 0.001 7 -2.668088247445393 15.572014780769987
8 10 0.30 0.001 8 -1.903309839011780 14.744589808711449
8 10 0.30 0.001 9 -3.214476499718787 11.964037174050311
8 10 0.30 0.001 10 -3.094184948733227 15.833268471338569
8 10 0.30 0.001 11 -3.596344211035417 14.682417921146808
8 10 0.30 0.001 12 -4.919713829969473 22.445998645388954
8 10 0.30 0.001 13 1.439880512722900 10.362848215680120
8 10 0.30 0.001 14 2.032730852009546 18.091083382559574
8 10 0.30 0.001 15 -1.148406346293591 14.148520204418576
8 10 0.30 0.001 16 4.110621916694002 22.276652215434925
8 10 0.30 0.001 17 -0.252400683477912 10.076243492385215
8 10 0.30 0.001 18 0.174928279492031 16.450363071228164
8 10 0.30 0.001 19 2.449639929795492 14.168254898670694
8 10 0.30 0.001 20 -0.636947278027918 25.806922741806904
8 10 0.30 0.001 21 2.679615327528643 12.749684867256020
8 10 0.30 0.001 22 4.233554018802758 11.756402990834701
8 10 0.30 0.001 23 3.906616687414977 12.628793555643647
8 10 0.30 0.001 24 0.466289507011315 16.975310456064424
8 10 0.30 0.001 25 -0.891164783713200 12.997019057244730
8 10 0.30 0.001 26 1.951797029787105 20.492869061257192
8 10 0.30 0.001 27 1.743935113192683 8.139954977852373
8 10 0.30 0.001 28 10.187451260518889 15.365796681896933
8 10 0.30 0.001 29 4.656250928396300 12.048693440867520
8 10 0.30 0.001 30 4.858876225790416 12.787654771787921
8 10 0.30 0.001 31 6.110414346484198 10.683325241947774
8 10 0.30 0.001 32 0.372740273860635 7.787448615585136
8 10 0.30 0.01 0 
8 10 0.30 0.01 1 
8 10 0.30 0.01 2 
8 10 0.30 0.01 3 
8 10 0.30 0.01 4 
8 10 0.30 0.01 5 
8 10 0.30 0.01 6 
8 10 0.30 0.01 7 
8 10 0.30 0.01 8 
8 10 0.30 0.01 9 
8 10 0.30 0.01 10 
8 10 0.30 0.01 11 
8 10 0.30 0.01 12 
8 10 0.30 0.01 13 
8 10 0.30 0.01 14 
8 10 0.30 0.01 15 
8 10 0.30 0.01 16 
8 10 0.30 0.01 17 
8 10 0.30 0.01 18 
8 10 0.30 0.01 19 
8 10 0.30 0.01 20 
8 10 0.30 0.01 21 
8 10 0.30 0.01 22 
8 10 0.30 0.01 23 
8 10 0.30 0.01 24 
8 10 0.30 0.01 25 
8 10 0.30 0.01 26 
8 10 0.30 0.01 27 
8 10 0.30 0.01 28 
8 10 0.30 0.01 29 
8 10 0.30 0.01 30 
8 10 0.30 0.01 31 
8 10 0.30 0.01 32 
8 10 0.30 0.0001 0 
8 10 0.30 0.0001 1 
8 10 0.30 0.0001 2 
8 10 0.30 0.0001 3 
8 10 0.30 0.0001 4 
8 10 0.30 0.0001 5 
8 10 0.30 0.0001 6 
8 10 0.30 0.0001 7 
8 10 0.30 0.0001 8 
8 10 0.30 0.0001 9 
8 10 0.30 0.0001 10 
8 10 0.30 0.0001 11 
8 10 0.30 0.0001 12 
8 10 0.30 0.0001 13 
8 10 0.30 0.0001 14 
8 10 0.30 0.0001 15 
8 10 0.30 0.0001 16 
8 10 0.30 0.0001 17 
8 10 0.30 0.0001 18 
8 10 0.30 0.0001 19 
8 10 0.30 0.0001 20 
8 10 0.30 0.0001 21 
8 10 0.30 0.0001 22 
8 10 0.30 0.0001 23 
8 10 0.30 0.0001 24 
8 10 0.30 0.0001 25 
8 10 0.30 0.0001 26 
8 10 0.30 0.0001 27 
8 10 0.30 0.0001 28 
8 10 0.30 0.0001 29 
8 10 0.30 0.0001 30 
8 10 0.30 0.0001 31 
8 10 0.30 0.0001 32 
