8 8 0.00 0.001 0 -0.001193681283584 0.050990981580387
8 8 0.00 0.001 1 -0.036184440676956 0.052829934374133
8 8 0.00 0.001 2 -0.085879959370156 0.047529736171621
8 8 0.00 0.001 3 -0.050250889992301 0.053817545850729
8 8 0.00 0.001 4 -0.016107410556870 0.038075702738170
8 8 0.00 0.001 5 -0.005296245166736 0.059702067552117
8 8 0.00 0.001 6 -0.044156517229186 0.064160107912957
8 8 0.00 0.001 7 -0.007712875241546 0.054660386105687
8 8 0.00 0.001 8 -0.005314262761585 0.055092608751819
8 8 0.00 0.001 9 0.003649003363114 0.043993742652246
8 8 0.00 0.001 10 -0.007404174265537 0.056691096007698
8 8 0.00 0.001 11 -0.019039089868204 0.046163490393294
8 8 0.00 0.001 12 -0.009357965175599 0.072480864644281
8 8 0.00 0.001 13 0.009221749717914 0.056451492043779
8 8 0.00 0.001 14 0.001982407270611 0.065452580191268
8 8 0.00 0.001 15 0.006275065641555 0.070207874840228
8 8 0.00 0.001 16 0.006355663833144 0.068115052812886
8 8 0.00 0.001 17 -0.000667401351044 0.049597059630149
8 8 0.00 0.001 18 0.006483234453884 0.047030828577678
8 8 0.00 0.001 19 0.002615905755562 0.059289975849709
8 8 0.00 0.001 20 -0.005418916682719 0.065657581628350
8 8 0.00 0.001 21 -0.021917930895575 0.044666655997889
8 8 0.00 0.001 22 -0.005073309828766 0.057061480231924
8 8 0.00 0.001 23 0.004941892160904 0.049605779123986
8 8 0.00 0.001 24 0.006259248314012 0.044319807099574
8 8 0.00 0.001 25 -0.010866228985187 0.065757031650413
8 8 0.00 0.001 26 -0.051641936190123 0.056270760865751
8 8 0.00 0.001 27 -0.011017906561796 0.061002657013040
8 8 0.00 0.001 28 -0.006349969802500 0.046214956973086
8 8 0.00 0.001 29 -0.040006481202118 0.051257939538019
8 8 0.00 0.001 30 -0.079517493742988 0.050849280078496
8 8 0.00 0.001 31 -0.034223317316792 0.041925468165490
8 8 0.00 0.001 32 0.003644216389788 0.041862583038034
#Ls   Lt  mu  ma  nfluxes AxialCurrent Err
