#Ls   Lt  mu  ma  nfluxes AxialCurrent Err
16 12 0.15 0.001 0 -0.000164643899785 0.001390985335104
16 12 0.15 0.001 1 nan nan
16 12 0.15 0.001 2 nan nan
16 12 0.15 0.001 3 -0.235765946700923 0.001538052406118
16 12 0.15 0.001 4 -0.220518217484903 0.001201658674492
16 12 0.15 0.001 5 -0.180501044353225 0.001121173506030
16 12 0.15 0.001 6 nan nan
16 12 0.15 0.001 7 -0.157094235250305 0.001096057063985
16 12 0.15 0.001 8 -0.197919539194393 0.001531862929532
16 12 0.15 0.001 9 nan nan
16 12 0.15 0.001 10 nan nan
16 12 0.15 0.001 11 -0.323819978292591 0.001655763488620
16 12 0.15 0.001 12 nan nan
16 12 0.15 0.001 13 -0.260726597030454 0.001590854759002
16 12 0.15 0.001 14 nan nan
16 12 0.15 0.001 15 nan nan
16 12 0.15 0.001 16 nan nan
16 12 0.15 0.001 17 nan nan
16 12 0.15 0.001 18 nan nan
16 12 0.15 0.001 19 -0.166454141241709 0.001241502054859
16 12 0.15 0.001 20 -0.154323055357129 0.001210237627894
16 12 0.15 0.001 21 -0.131385696434409 0.000941911663508
16 12 0.15 0.001 22 -0.105535071527026 0.001283782950582
16 12 0.15 0.001 23 -0.074871642777984 0.001261943827168
16 12 0.15 0.001 24 -0.067936824971064 0.001548915581005
16 12 0.15 0.001 25 -0.037753734157457 0.001465563445342
16 12 0.15 0.001 26 -0.032680520186948 0.001439758148026
16 12 0.15 0.001 27 -0.032463559729532 0.001238985987566
16 12 0.15 0.001 28 -0.017336516676191 0.001107496490960
16 12 0.15 0.001 29 0.002105350994820 0.001381222214784
16 12 0.15 0.001 30 0.028618781976656 0.001361067603919
16 12 0.15 0.001 31 0.031025149162590 0.001157337945596
16 12 0.15 0.001 32 0.021796039537476 0.001119729697564
16 12 0.15 0.001 33 0.010436576482255 0.000977762327990
16 12 0.15 0.001 34 -0.022236430890340 0.001140041703549
16 12 0.15 0.001 35 nan nan
16 12 0.15 0.001 36 -0.074568957734390 0.001055300119721
16 12 0.15 0.001 37 nan nan
16 12 0.15 0.001 38 nan nan
16 12 0.15 0.001 39 -0.050592929252271 0.001085328624840
16 12 0.15 0.001 40 -0.042495027158496 0.001232731610134
16 12 0.15 0.001 41 -0.016021508698853 0.001214727411153
16 12 0.15 0.001 42 0.002088351530287 0.000978934229708
16 12 0.15 0.001 43 0.002367998138673 0.001074719064681
16 12 0.15 0.001 44 -0.022884718764060 0.001089468959550
16 12 0.15 0.001 45 -0.040191056415046 0.001309915796426
16 12 0.15 0.001 46 -0.039479757500673 0.000961309341020
16 12 0.15 0.001 47 -0.022666079471607 0.000995592603154
16 12 0.15 0.001 48 -0.015560457454701 0.001127242640875
16 12 0.15 0.001 49 -0.015542618444590 0.001090666373692
16 12 0.15 0.001 50 -0.022470898722802 0.001138352053058
16 12 0.15 0.001 51 -0.015284164357174 0.001083624191910
16 12 0.15 0.001 52 -0.018266977642694 0.000916379651837
16 12 0.15 0.001 53 -0.020510690487960 0.000961334094999
16 12 0.15 0.001 54 -0.017327858781319 0.001024301569128
16 12 0.15 0.001 55 -0.015416119240296 0.001008615302236
16 12 0.15 0.001 56 -0.018849116988015 0.001026592493325
16 12 0.15 0.001 57 -0.009064430011339 0.000963306947539
16 12 0.15 0.001 58 -0.009625156822782 0.001137440000068
16 12 0.15 0.001 59 -0.009882190687993 0.001066874392478
16 12 0.15 0.001 60 -0.007725624204814 0.000959400153839
16 12 0.15 0.001 61 -0.008868473035018 0.000968118211944
16 12 0.15 0.001 62 -0.005214088682670 0.001021358696998
16 12 0.15 0.001 63 -0.003556878202909 0.000981362281134
16 12 0.15 0.001 64 0.002069386919290 0.001144009888433
16 12 0.15 0.001 65 0.001508326589409 0.001150856691562
16 12 0.15 0.001 66 0.003648423189544 0.000971308555434
16 12 0.15 0.001 67 0.004613676643064 0.001103062929460
16 12 0.15 0.001 68 0.007247289352953 0.001262538201682
16 12 0.15 0.001 69 0.012929315950173 0.000916218662318
16 12 0.15 0.001 70 0.010412890693597 0.000884189052139
16 12 0.15 0.001 71 0.012025846133452 0.000863690260028
16 12 0.15 0.001 72 0.018743599217405 0.000969450802340
16 12 0.15 0.001 73 0.010730126055082 0.000920755233600
16 12 0.15 0.001 74 nan nan
16 12 0.15 0.001 75 0.012171748027412 0.000916225816318
16 12 0.15 0.001 76 0.017072696249938 0.001063943822898
16 12 0.15 0.001 77 0.017852730687116 0.000941249214927
16 12 0.15 0.001 78 0.026251680752848 0.000967551944583
16 12 0.15 0.001 79 0.018681704859739 0.000906325648506
16 12 0.15 0.001 80 0.015055010478867 0.001009393226315
16 12 0.15 0.001 81 0.014245669058811 0.001113626843128
16 12 0.15 0.001 82 nan nan
16 12 0.15 0.001 83 0.038773206118093 0.000955990816908
16 12 0.15 0.001 84 0.017123985632731 0.001043991582448
16 12 0.15 0.001 85 -0.002843937330625 0.001000938434682
16 12 0.15 0.001 86 0.001183004948391 0.001156836807859
16 12 0.15 0.001 87 0.018311109101281 0.001118520838008
16 12 0.15 0.001 88 0.045404004293221 0.001327880636674
16 12 0.15 0.001 89 0.042948163713907 0.001429617435856
16 12 0.15 0.001 90 0.047457781222939 0.001319614443482
16 12 0.15 0.001 91 0.060280951637253 0.001282449781694
16 12 0.15 0.001 92 0.061090255064879 0.000922780499604
16 12 0.15 0.001 93 0.046798821025987 0.001035871026365
16 12 0.15 0.001 94 nan nan
16 12 0.15 0.001 95 -0.004462462001840 0.001242032136337
16 12 0.15 0.001 96 -0.021298724000017 0.000795452913332
16 12 0.15 0.001 97 -0.039008907533168 0.001332337163560
16 12 0.15 0.001 98 -0.034094355037167 0.001121492483401
16 12 0.15 0.001 99 -0.027903546008690 0.001134422140857
16 12 0.15 0.001 100 nan nan
16 12 0.15 0.001 101 0.018521370119408 0.001416113364090
16 12 0.15 0.001 102 0.028494775845404 0.001255000039668
16 12 0.15 0.001 103 0.044600192853324 0.001195681578304
16 12 0.15 0.001 104 0.068213015385051 0.001424010262067
16 12 0.15 0.001 105 nan nan
16 12 0.15 0.001 106 0.071198281819519 0.001445106086948
16 12 0.15 0.001 107 0.083528977763883 0.001399245246244
16 12 0.15 0.001 108 0.108605978228211 0.001433546274922
16 12 0.15 0.001 109 nan nan
16 12 0.15 0.001 110 0.155144940393641 0.001107204878784
16 12 0.15 0.001 111 0.162672707185967 0.001741210631844
16 12 0.15 0.001 112 0.162134607215358 0.001284708888833
16 12 0.15 0.001 113 0.206290599920688 0.001545548021983
16 12 0.15 0.001 114 0.172568154108051 0.001554983725326
16 12 0.15 0.001 115 0.190366004450628 0.001570254803716
16 12 0.15 0.001 116 nan nan
16 12 0.15 0.001 117 0.266039220202472 0.001481202553629
16 12 0.15 0.001 118 0.277298355002637 0.001555138679045
16 12 0.15 0.001 119 0.254698515006310 0.001293115630904
16 12 0.15 0.001 120 0.196617397150314 0.001243455514805
16 12 0.15 0.001 121 0.142270661385402 0.001447404188088
16 12 0.15 0.001 122 nan nan
16 12 0.15 0.001 123 nan nan
16 12 0.15 0.001 124 0.123501462096002 0.001328300588714
16 12 0.15 0.001 125 0.157479724899205 0.001275470781839
16 12 0.15 0.001 126 0.157114756491427 0.001537889879759
16 12 0.15 0.001 127 0.103641686583695 0.001452663288820
16 12 0.15 0.001 128 0.000435191647989 0.001573353436868
16 12 0.15 0.001 129 nan nan
16 12 0.15 0.001 130 nan nan
16 12 0.15 0.001 131 nan nan
16 12 0.15 0.001 132 nan nan
16 12 0.15 0.001 133 nan nan
16 12 0.15 0.001 134 nan nan
16 12 0.15 0.001 135 nan nan
16 12 0.15 0.001 136 nan nan
16 12 0.15 0.001 137 nan nan
16 12 0.15 0.001 138 nan nan
16 12 0.15 0.001 139 nan nan
16 12 0.15 0.001 140 nan nan
16 12 0.15 0.001 141 nan nan
16 12 0.15 0.001 142 nan nan
16 12 0.15 0.001 143 nan nan
16 12 0.15 0.001 144 nan nan
16 12 0.15 0.001 145 nan nan
16 12 0.15 0.001 146 nan nan
16 12 0.15 0.001 147 nan nan
16 12 0.15 0.001 148 nan nan
16 12 0.15 0.001 149 nan nan
16 12 0.15 0.001 150 nan nan
16 12 0.15 0.001 151 nan nan
16 12 0.15 0.001 152 nan nan
16 12 0.15 0.001 153 nan nan
16 12 0.15 0.001 154 nan nan
16 12 0.15 0.001 155 nan nan
16 12 0.15 0.001 156 nan nan
16 12 0.15 0.001 157 nan nan
16 12 0.15 0.001 158 nan nan
16 12 0.15 0.001 159 nan nan
16 12 0.15 0.001 160 nan nan
16 12 0.15 0.001 161 nan nan
16 12 0.15 0.001 162 nan nan
16 12 0.15 0.001 163 nan nan
16 12 0.15 0.001 164 nan nan
16 12 0.15 0.001 165 nan nan
16 12 0.15 0.001 166 nan nan
16 12 0.15 0.001 167 nan nan
16 12 0.15 0.001 168 nan nan
16 12 0.15 0.001 169 nan nan
16 12 0.15 0.001 170 nan nan
16 12 0.15 0.001 171 nan nan
16 12 0.15 0.001 172 nan nan
16 12 0.15 0.001 173 nan nan
16 12 0.15 0.001 174 nan nan
16 12 0.15 0.001 175 nan nan
16 12 0.15 0.001 176 nan nan
16 12 0.15 0.001 177 nan nan
16 12 0.15 0.001 178 nan nan
16 12 0.15 0.001 179 nan nan
16 12 0.15 0.001 180 nan nan
16 12 0.15 0.001 181 nan nan
16 12 0.15 0.001 182 nan nan
16 12 0.15 0.001 183 nan nan
16 12 0.15 0.001 184 nan nan
16 12 0.15 0.001 185 nan nan
16 12 0.15 0.001 186 nan nan
16 12 0.15 0.001 187 nan nan
16 12 0.15 0.001 188 nan nan
16 12 0.15 0.001 189 nan nan
16 12 0.15 0.001 190 nan nan
16 12 0.15 0.001 191 nan nan
16 12 0.15 0.001 192 nan nan
16 12 0.15 0.001 193 nan nan
16 12 0.15 0.001 194 nan nan
16 12 0.15 0.001 195 nan nan
16 12 0.15 0.001 196 nan nan
16 12 0.15 0.001 197 nan nan
16 12 0.15 0.001 198 nan nan
16 12 0.15 0.001 199 nan nan
16 12 0.15 0.001 200 nan nan
16 12 0.15 0.001 201 nan nan
16 12 0.15 0.001 202 nan nan
16 12 0.15 0.001 203 nan nan
16 12 0.15 0.001 204 nan nan
16 12 0.15 0.001 205 nan nan
16 12 0.15 0.001 206 nan nan
16 12 0.15 0.001 207 nan nan
16 12 0.15 0.001 208 nan nan
16 12 0.15 0.001 209 nan nan
16 12 0.15 0.001 210 nan nan
16 12 0.15 0.001 211 nan nan
16 12 0.15 0.001 212 nan nan
16 12 0.15 0.001 213 nan nan
16 12 0.15 0.001 214 nan nan
16 12 0.15 0.001 215 nan nan
16 12 0.15 0.001 216 nan nan
16 12 0.15 0.001 217 nan nan
16 12 0.15 0.001 218 nan nan
16 12 0.15 0.001 219 nan nan
16 12 0.15 0.001 220 nan nan
16 12 0.15 0.001 221 nan nan
16 12 0.15 0.001 222 nan nan
16 12 0.15 0.001 223 nan nan
16 12 0.15 0.001 224 nan nan
16 12 0.15 0.001 225 nan nan
16 12 0.15 0.001 226 nan nan
16 12 0.15 0.001 227 nan nan
16 12 0.15 0.001 228 nan nan
16 12 0.15 0.001 229 nan nan
16 12 0.15 0.001 230 nan nan
16 12 0.15 0.001 231 nan nan
16 12 0.15 0.001 232 nan nan
16 12 0.15 0.001 233 nan nan
16 12 0.15 0.001 234 nan nan
16 12 0.15 0.001 235 nan nan
16 12 0.15 0.001 236 nan nan
16 12 0.15 0.001 237 nan nan
16 12 0.15 0.001 238 nan nan
16 12 0.15 0.001 239 nan nan
16 12 0.15 0.001 240 nan nan
16 12 0.15 0.001 241 nan nan
16 12 0.15 0.001 242 nan nan
16 12 0.15 0.001 243 nan nan
16 12 0.15 0.001 244 nan nan
16 12 0.15 0.001 245 nan nan
16 12 0.15 0.001 246 nan nan
16 12 0.15 0.001 247 nan nan
16 12 0.15 0.001 248 nan nan
16 12 0.15 0.001 249 nan nan
16 12 0.15 0.001 250 nan nan
16 12 0.15 0.001 251 nan nan
16 12 0.15 0.001 252 nan nan
16 12 0.15 0.001 253 nan nan
16 12 0.15 0.001 254 nan nan
16 12 0.15 0.001 255 nan nan
16 12 0.15 0.001 256 nan nan
16 12 0.15 0.001 257 nan nan
16 12 0.15 0.001 258 nan nan
16 12 0.15 0.001 259 nan nan
16 12 0.15 0.001 260 nan nan
16 12 0.15 0.001 261 nan nan
16 12 0.15 0.001 262 nan nan
16 12 0.15 0.001 263 nan nan
16 12 0.15 0.001 264 nan nan
16 12 0.15 0.001 265 nan nan
16 12 0.15 0.001 266 nan nan
16 12 0.15 0.001 267 nan nan
16 12 0.15 0.001 268 nan nan
16 12 0.15 0.001 269 nan nan
16 12 0.15 0.001 270 nan nan
16 12 0.15 0.001 271 nan nan
16 12 0.15 0.001 272 nan nan
16 12 0.15 0.001 273 nan nan
16 12 0.15 0.001 274 nan nan
16 12 0.15 0.001 275 nan nan
16 12 0.15 0.001 276 nan nan
16 12 0.15 0.001 277 nan nan
16 12 0.15 0.001 278 nan nan
16 12 0.15 0.001 279 nan nan
16 12 0.15 0.001 280 nan nan
16 12 0.15 0.001 281 nan nan
16 12 0.15 0.001 282 nan nan
16 12 0.15 0.001 283 nan nan
16 12 0.15 0.001 284 nan nan
16 12 0.15 0.001 285 nan nan
16 12 0.15 0.001 286 nan nan
16 12 0.15 0.001 287 nan nan
16 12 0.15 0.001 288 nan nan
