#Ls   Lt  mu  ma  nfluxes AxialCurrent Err
16 16 0.05 0.001 0 0.001011922964633 0.001402233347965
16 16 0.05 0.001 1 0.000846105512115 0.001301942182131
16 16 0.05 0.001 2 -0.082531703698479 0.001506230146170
16 16 0.05 0.001 3 0.001885280441474 0.001166602765539
16 16 0.05 0.001 4 0.001380695060877 0.001140654085916
16 16 0.05 0.001 5 -0.090387047324842 0.001035880870284
16 16 0.05 0.001 6 -0.069118992475942 0.000799942287062
16 16 0.05 0.001 7 -0.062688894781388 0.000989511297853
16 16 0.05 0.001 8 0.000541224362708 0.000925369932161
16 16 0.05 0.001 9 -0.000483016048184 0.001002978763690
16 16 0.05 0.001 10 -0.000542211506081 0.000794949265292
16 16 0.05 0.001 11 -0.000514362244535 0.001133819236783
16 16 0.05 0.001 12 -0.000120016722281 0.000912435752727
16 16 0.05 0.001 13 0.000081070539986 0.001025891945510
16 16 0.05 0.001 14 -0.089456987151689 0.001131792020704
16 16 0.05 0.001 15 -0.000036438279152 0.000905137694343
16 16 0.05 0.001 16 -0.000159742745276 0.000976814819095
16 16 0.05 0.001 17 -0.057142536146456 0.001147386209710
16 16 0.05 0.001 18 -0.000205045919732 0.001083276532625
16 16 0.05 0.001 19 -0.002482259153034 0.000982103623714
16 16 0.05 0.001 20 -0.069528978774248 0.000928066331063
16 16 0.05 0.001 21 0.000135908940798 0.001007822272489
16 16 0.05 0.001 22 0.000088080933361 0.001105260217042
16 16 0.05 0.001 23 -0.000754635616324 0.001019112364071
16 16 0.05 0.001 24 -0.022673109177181 0.001132590671988
16 16 0.05 0.001 25 nan nan
16 16 0.05 0.001 26 0.000093768347119 0.001145259334279
16 16 0.05 0.001 27 -0.000206466015879 0.001047769639051
16 16 0.05 0.001 28 0.000270518529966 0.001117070107331
16 16 0.05 0.001 29 -0.000767445131265 0.000823308771072
16 16 0.05 0.001 30 nan nan
16 16 0.05 0.001 31 0.009161505394940 0.000928475659409
16 16 0.05 0.001 32 0.011620288921152 0.000960294497985
16 16 0.05 0.001 33 0.007945000544457 0.000885992659559
16 16 0.05 0.001 34 0.001280719434520 0.000978599379603
16 16 0.05 0.001 35 0.000527748435449 0.000806876470089
16 16 0.05 0.001 36 -0.031207701175814 0.000883298217604
16 16 0.05 0.001 37 0.000493930724216 0.000704308266477
16 16 0.05 0.001 38 -0.030468443346957 0.000953974733319
16 16 0.05 0.001 39 -0.001308855528279 0.000728857643379
16 16 0.05 0.001 40 -0.000843447123848 0.000682468432291
16 16 0.05 0.001 41 -0.000708419917066 0.000875828956786
16 16 0.05 0.001 42 0.003491672768396 0.000687908884469
16 16 0.05 0.001 43 0.001160635430874 0.000885828848700
16 16 0.05 0.001 44 -0.001289077273867 0.000685696443631
16 16 0.05 0.001 45 -0.012038289847807 0.000850664223240
16 16 0.05 0.001 46 nan nan
16 16 0.05 0.001 47 -0.009215803202276 0.000983247505049
16 16 0.05 0.001 48 -0.000737393382953 0.000661273750544
16 16 0.05 0.001 49 -0.000133603735422 0.000602748199086
16 16 0.05 0.001 50 -0.003922086449632 0.001119355804931
16 16 0.05 0.001 51 -0.000190111579205 0.000566959142872
16 16 0.05 0.001 52 0.000327387653197 0.000586000954589
16 16 0.05 0.001 53 -0.011039392088927 0.000800000033706
16 16 0.05 0.001 54 0.000927324888348 0.000598915641886
16 16 0.05 0.001 55 -0.006638353523743 0.000832819937853
16 16 0.05 0.001 56 -0.007697771948058 0.000706050725026
16 16 0.05 0.001 57 -0.001164426281853 0.000631930857255
16 16 0.05 0.001 58 -0.004221954639414 0.000730652379833
16 16 0.05 0.001 59 -0.003550910818244 0.000989743522916
16 16 0.05 0.001 60 -0.001473593383603 0.000751843592337
16 16 0.05 0.001 61 -0.003110165974924 0.000916364894085
16 16 0.05 0.001 62 nan nan
16 16 0.05 0.001 63 -0.000217859551435 0.000507268124057
16 16 0.05 0.001 64 0.000331435352922 0.000504768223104
16 16 0.05 0.001 65 -0.000727170799014 0.000774128461230
16 16 0.05 0.001 66 0.001283945191514 0.000856175127537
16 16 0.05 0.001 67 0.001208778835973 0.000897888852286
16 16 0.05 0.001 68 -0.000202405892258 0.000479731607461
16 16 0.05 0.001 69 0.000399565566118 0.000492610360215
16 16 0.05 0.001 70 0.005194532078103 0.000933713082506
16 16 0.05 0.001 71 0.005881442598420 0.001076601923325
16 16 0.05 0.001 72 0.006162577898882 0.000964971852238
16 16 0.05 0.001 73 0.003319414583467 0.000805093189990
16 16 0.05 0.001 74 0.000473848134434 0.000579305771567
16 16 0.05 0.001 75 0.001188496287375 0.000880537192790
16 16 0.05 0.001 76 0.000354568407464 0.000666320438879
16 16 0.05 0.001 77 0.000667495690799 0.000610955093069
16 16 0.05 0.001 78 0.010263308519507 0.000774818122280
16 16 0.05 0.001 79 0.000040290863043 0.000758734731618
16 16 0.05 0.001 80 0.004602107801046 0.000748678987794
16 16 0.05 0.001 81 0.000490385181592 0.000597202525733
16 16 0.05 0.001 82 0.000805265610699 0.000573452078503
16 16 0.05 0.001 83 0.013617247226565 0.000986221914900
16 16 0.05 0.001 84 -0.000244505455591 0.000653192236600
16 16 0.05 0.001 85 -0.002146635596092 0.000828790963335
16 16 0.05 0.001 86 0.002189037546584 0.000984761812181
16 16 0.05 0.001 87 -0.001328044110883 0.000732639307620
16 16 0.05 0.001 88 0.000164895133029 0.000742883130313
16 16 0.05 0.001 89 0.011967161520428 0.001018765276324
16 16 0.05 0.001 90 0.009359718443455 0.000991154676954
16 16 0.05 0.001 91 0.016120131268003 0.000995918791559
16 16 0.05 0.001 92 -0.001084252547284 0.000775863879427
16 16 0.05 0.001 93 0.016111307478718 0.000859713838577
16 16 0.05 0.001 94 -0.000262487492607 0.000856500999992
16 16 0.05 0.001 95 -0.001654139542167 0.000849856885167
16 16 0.05 0.001 96 -0.011699584271256 0.001009680172622
16 16 0.05 0.001 97 nan nan
16 16 0.05 0.001 98 -0.016588093252152 0.000888940380072
16 16 0.05 0.001 99 -0.022252326346133 0.000979856800430
16 16 0.05 0.001 100 0.000749588451386 0.000906585369844
16 16 0.05 0.001 101 0.000408700923037 0.001012155718585
16 16 0.05 0.001 102 -0.000113978092366 0.001078611275303
16 16 0.05 0.001 103 0.000340686102240 0.000999076319707
16 16 0.05 0.001 104 0.022198851881634 0.001022124427415
16 16 0.05 0.001 105 0.001108517374644 0.000990626258211
16 16 0.05 0.001 106 0.014192482799125 0.001130671557027
16 16 0.05 0.001 107 0.001550298614120 0.001000300562615
16 16 0.05 0.001 108 -0.001122804547313 0.000960440372272
16 16 0.05 0.001 109 0.036481582918158 0.001210572417777
16 16 0.05 0.001 110 0.047843448224779 0.000938158622179
16 16 0.05 0.001 111 0.000691589171613 0.001113976962145
16 16 0.05 0.001 112 -0.001200943303687 0.000955811300207
16 16 0.05 0.001 113 0.071280174384609 0.000971953331773
16 16 0.05 0.001 114 -0.000671734693735 0.000913797468540
16 16 0.05 0.001 115 0.048362371575535 0.001039104625995
16 16 0.05 0.001 116 0.055553532435409 0.001025207048952
16 16 0.05 0.001 117 nan nan
16 16 0.05 0.001 118 0.087706242249026 0.001195458559814
16 16 0.05 0.001 119 0.087704037967230 0.000994277149023
16 16 0.05 0.001 120 0.069919945459950 0.001091662257807
16 16 0.05 0.001 121 0.042905662990937 0.001046723961713
16 16 0.05 0.001 122 -0.000554902929539 0.001142514079969
16 16 0.05 0.001 123 0.006040435653254 0.000844221914818
16 16 0.05 0.001 124 0.014289855465048 0.001009034113717
16 16 0.05 0.001 125 0.029908906593194 0.001118964531493
16 16 0.05 0.001 126 0.040173219271335 0.001158256192729
16 16 0.05 0.001 127 0.032929784208331 0.001089424725000
16 16 0.05 0.001 128 0.000953024060925 0.001191062432230
16 16 0.05 0.001 129 nan nan
16 16 0.05 0.001 130 nan nan
16 16 0.05 0.001 131 nan nan
16 16 0.05 0.001 132 nan nan
16 16 0.05 0.001 133 nan nan
16 16 0.05 0.001 134 nan nan
16 16 0.05 0.001 135 nan nan
16 16 0.05 0.001 136 nan nan
16 16 0.05 0.001 137 nan nan
16 16 0.05 0.001 138 nan nan
16 16 0.05 0.001 139 nan nan
16 16 0.05 0.001 140 nan nan
16 16 0.05 0.001 141 nan nan
16 16 0.05 0.001 142 nan nan
16 16 0.05 0.001 143 nan nan
16 16 0.05 0.001 144 nan nan
16 16 0.05 0.001 145 nan nan
16 16 0.05 0.001 146 nan nan
16 16 0.05 0.001 147 nan nan
16 16 0.05 0.001 148 nan nan
16 16 0.05 0.001 149 nan nan
16 16 0.05 0.001 150 nan nan
16 16 0.05 0.001 151 nan nan
16 16 0.05 0.001 152 nan nan
16 16 0.05 0.001 153 nan nan
16 16 0.05 0.001 154 nan nan
16 16 0.05 0.001 155 nan nan
16 16 0.05 0.001 156 nan nan
16 16 0.05 0.001 157 nan nan
16 16 0.05 0.001 158 nan nan
16 16 0.05 0.001 159 nan nan
16 16 0.05 0.001 160 nan nan
16 16 0.05 0.001 161 nan nan
16 16 0.05 0.001 162 nan nan
16 16 0.05 0.001 163 nan nan
16 16 0.05 0.001 164 nan nan
16 16 0.05 0.001 165 nan nan
16 16 0.05 0.001 166 nan nan
16 16 0.05 0.001 167 nan nan
16 16 0.05 0.001 168 nan nan
16 16 0.05 0.001 169 nan nan
16 16 0.05 0.001 170 nan nan
16 16 0.05 0.001 171 nan nan
16 16 0.05 0.001 172 nan nan
16 16 0.05 0.001 173 nan nan
16 16 0.05 0.001 174 nan nan
16 16 0.05 0.001 175 nan nan
16 16 0.05 0.001 176 nan nan
16 16 0.05 0.001 177 nan nan
16 16 0.05 0.001 178 nan nan
16 16 0.05 0.001 179 nan nan
16 16 0.05 0.001 180 nan nan
16 16 0.05 0.001 181 nan nan
16 16 0.05 0.001 182 nan nan
16 16 0.05 0.001 183 nan nan
16 16 0.05 0.001 184 nan nan
16 16 0.05 0.001 185 nan nan
16 16 0.05 0.001 186 nan nan
16 16 0.05 0.001 187 nan nan
16 16 0.05 0.001 188 nan nan
16 16 0.05 0.001 189 nan nan
16 16 0.05 0.001 190 nan nan
16 16 0.05 0.001 191 nan nan
16 16 0.05 0.001 192 nan nan
16 16 0.05 0.001 193 nan nan
16 16 0.05 0.001 194 nan nan
16 16 0.05 0.001 195 nan nan
16 16 0.05 0.001 196 nan nan
16 16 0.05 0.001 197 nan nan
16 16 0.05 0.001 198 nan nan
16 16 0.05 0.001 199 nan nan
16 16 0.05 0.001 200 nan nan
16 16 0.05 0.001 201 nan nan
16 16 0.05 0.001 202 nan nan
16 16 0.05 0.001 203 nan nan
16 16 0.05 0.001 204 nan nan
16 16 0.05 0.001 205 nan nan
16 16 0.05 0.001 206 nan nan
16 16 0.05 0.001 207 nan nan
16 16 0.05 0.001 208 nan nan
16 16 0.05 0.001 209 nan nan
16 16 0.05 0.001 210 nan nan
16 16 0.05 0.001 211 nan nan
16 16 0.05 0.001 212 nan nan
16 16 0.05 0.001 213 nan nan
16 16 0.05 0.001 214 nan nan
16 16 0.05 0.001 215 nan nan
16 16 0.05 0.001 216 nan nan
16 16 0.05 0.001 217 nan nan
16 16 0.05 0.001 218 nan nan
16 16 0.05 0.001 219 nan nan
16 16 0.05 0.001 220 nan nan
16 16 0.05 0.001 221 nan nan
16 16 0.05 0.001 222 nan nan
16 16 0.05 0.001 223 nan nan
16 16 0.05 0.001 224 nan nan
16 16 0.05 0.001 225 nan nan
16 16 0.05 0.001 226 nan nan
16 16 0.05 0.001 227 nan nan
16 16 0.05 0.001 228 nan nan
16 16 0.05 0.001 229 nan nan
16 16 0.05 0.001 230 nan nan
16 16 0.05 0.001 231 nan nan
16 16 0.05 0.001 232 nan nan
16 16 0.05 0.001 233 nan nan
16 16 0.05 0.001 234 nan nan
16 16 0.05 0.001 235 nan nan
16 16 0.05 0.001 236 nan nan
16 16 0.05 0.001 237 nan nan
16 16 0.05 0.001 238 nan nan
16 16 0.05 0.001 239 nan nan
16 16 0.05 0.001 240 nan nan
16 16 0.05 0.001 241 nan nan
16 16 0.05 0.001 242 nan nan
16 16 0.05 0.001 243 nan nan
16 16 0.05 0.001 244 nan nan
16 16 0.05 0.001 245 nan nan
16 16 0.05 0.001 246 nan nan
16 16 0.05 0.001 247 nan nan
16 16 0.05 0.001 248 nan nan
16 16 0.05 0.001 249 nan nan
16 16 0.05 0.001 250 nan nan
16 16 0.05 0.001 251 nan nan
16 16 0.05 0.001 252 nan nan
16 16 0.05 0.001 253 nan nan
16 16 0.05 0.001 254 nan nan
16 16 0.05 0.001 255 nan nan
16 16 0.05 0.001 256 nan nan
16 16 0.05 0.001 257 nan nan
16 16 0.05 0.001 258 nan nan
16 16 0.05 0.001 259 nan nan
16 16 0.05 0.001 260 nan nan
16 16 0.05 0.001 261 nan nan
16 16 0.05 0.001 262 nan nan
16 16 0.05 0.001 263 nan nan
16 16 0.05 0.001 264 nan nan
16 16 0.05 0.001 265 nan nan
16 16 0.05 0.001 266 nan nan
16 16 0.05 0.001 267 nan nan
16 16 0.05 0.001 268 nan nan
16 16 0.05 0.001 269 nan nan
16 16 0.05 0.001 270 nan nan
16 16 0.05 0.001 271 nan nan
16 16 0.05 0.001 272 nan nan
16 16 0.05 0.001 273 nan nan
16 16 0.05 0.001 274 nan nan
16 16 0.05 0.001 275 nan nan
16 16 0.05 0.001 276 nan nan
16 16 0.05 0.001 277 nan nan
16 16 0.05 0.001 278 nan nan
16 16 0.05 0.001 279 nan nan
16 16 0.05 0.001 280 nan nan
16 16 0.05 0.001 281 nan nan
16 16 0.05 0.001 282 nan nan
16 16 0.05 0.001 283 nan nan
16 16 0.05 0.001 284 nan nan
16 16 0.05 0.001 285 nan nan
16 16 0.05 0.001 286 nan nan
16 16 0.05 0.001 287 nan nan
16 16 0.05 0.001 288 nan nan
