8 8 0.00 0.001 0 -0.001193681283584 0.050990981580387
8 8 0.00 0.001 1 -0.036184440676956 0.052829934374133
8 8 0.00 0.001 2 -0.085879959370156 0.047529736171621
8 8 0.00 0.001 3 -0.050250889992301 0.053817545850729
8 8 0.00 0.001 4 -0.016107410556870 0.038075702738170
8 8 0.00 0.001 5 -0.005296245166736 0.059702067552117
8 8 0.00 0.001 6 -0.044156517229186 0.064160107912957
8 8 0.00 0.001 7 -0.007712875241546 0.054660386105687
8 8 0.00 0.001 8 -0.005314262761585 0.055092608751819
8 8 0.00 0.001 9 0.003649003363114 0.043993742652246
8 8 0.00 0.001 10 -0.007404174265537 0.056691096007698
8 8 0.00 0.001 11 -0.019039089868204 0.046163490393294
8 8 0.00 0.001 12 -0.009357965175599 0.072480864644281
8 8 0.00 0.001 13 0.009221749717914 0.056451492043779
8 8 0.00 0.001 14 0.001982407270611 0.065452580191268
8 8 0.00 0.001 15 0.006275065641555 0.070207874840228
8 8 0.00 0.001 16 0.006355663833144 0.068115052812886
8 8 0.00 0.001 17 -0.000667401351044 0.049597059630149
8 8 0.00 0.001 18 0.006483234453884 0.047030828577678
8 8 0.00 0.001 19 0.002615905755562 0.059289975849709
8 8 0.00 0.001 20 -0.005418916682719 0.065657581628350
8 8 0.00 0.001 21 -0.021917930895575 0.044666655997889
8 8 0.00 0.001 22 -0.005073309828766 0.057061480231924
8 8 0.00 0.001 23 0.004941892160904 0.049605779123986
8 8 0.00 0.001 24 0.006259248314012 0.044319807099574
8 8 0.00 0.001 25 -0.010866228985187 0.065757031650413
8 8 0.00 0.001 26 -0.051641936190123 0.056270760865751
8 8 0.00 0.001 27 -0.011017906561796 0.061002657013040
8 8 0.00 0.001 28 -0.006349969802500 0.046214956973086
8 8 0.00 0.001 29 -0.040006481202118 0.051257939538019
8 8 0.00 0.001 30 -0.079517493742988 0.050849280078496
8 8 0.00 0.001 31 -0.034223317316792 0.041925468165490
8 8 0.00 0.001 32 0.003644216389788 0.041862583038034
8 8 0.00 0.01 0 0.002325900814086 0.051374797350560
8 8 0.00 0.01 1 -0.039002420345624 0.038106192048114
8 8 0.00 0.01 2 -0.083802915707396 0.041366097683166
8 8 0.00 0.01 3 -0.034661770635359 0.047550902924370
8 8 0.00 0.01 4 -0.000215354151587 0.049063710184016
8 8 0.00 0.01 5 -0.003950083239293 0.060131619032084
8 8 0.00 0.01 6 -0.033475485133383 0.049541813023215
8 8 0.00 0.01 7 -0.011966825691913 0.062274396934613
8 8 0.00 0.01 8 -0.003909649012268 0.059078302766283
8 8 0.00 0.01 9 -0.012827209919531 0.058540162427399
8 8 0.00 0.01 10 -0.019906704749463 0.048770192851500
8 8 0.00 0.01 11 -0.006180225120611 0.054615569953536
8 8 0.00 0.01 12 -0.013256605841703 0.057639726921306
8 8 0.00 0.01 13 0.005729645129356 0.056038519688747
8 8 0.00 0.01 14 -0.017335294094119 0.054277697222553
8 8 0.00 0.01 15 0.005233121291728 0.051492014050246
8 8 0.00 0.01 16 -0.005001788752966 0.071802119431649
8 8 0.00 0.01 17 0.009103331771807 0.058276061140807
8 8 0.00 0.01 18 -0.004253204183604 0.061808050185994
8 8 0.00 0.01 19 0.009020242072558 0.053208725749314
8 8 0.00 0.01 20 -0.001677577306435 0.064759154070859
8 8 0.00 0.01 21 -0.017815121829908 0.042110515146488
8 8 0.00 0.01 22 -0.009157638323748 0.046708127968987
8 8 0.00 0.01 23 0.003014407093745 0.060859486776091
8 8 0.00 0.01 24 0.000397000111611 0.057001447258660
8 8 0.00 0.01 25 -0.004538192901917 0.060679249172612
8 8 0.00 0.01 26 -0.042238818799063 0.058514391682722
8 8 0.00 0.01 27 -0.009270831656903 0.059395660299832
8 8 0.00 0.01 28 -0.001446962524996 0.051259656214041
8 8 0.00 0.01 29 -0.040237150686057 0.046611034280639
8 8 0.00 0.01 30 -0.077346072040085 0.043865438908314
8 8 0.00 0.01 31 -0.047467528320462 0.042849611817978
8 8 0.00 0.01 32 0.004787828160530 0.038508533984436
8 8 0.00 0.0001 0 0.004085463825083 0.040031517102676
8 8 0.00 0.0001 1 -0.034865944643049 0.040906960472288
8 8 0.00 0.0001 2 -0.071437373740558 0.042001894582895
8 8 0.00 0.0001 3 -0.052958528083355 0.051354494944938
8 8 0.00 0.0001 4 -0.019985677746106 0.049571814133632
8 8 0.00 0.0001 5 -0.014773534981533 0.060285557446614
8 8 0.00 0.0001 6 -0.037870750466076 0.062291729585612
8 8 0.00 0.0001 7 -0.003215191634818 0.055625870495850
8 8 0.00 0.0001 8 0.005456766592091 0.057220625150987
8 8 0.00 0.0001 9 0.000449649838195 0.049305346337491
8 8 0.00 0.0001 10 -0.007898247651525 0.048479564608974
8 8 0.00 0.0001 11 -0.022720942305304 0.043576510440093
8 8 0.00 0.0001 12 -0.011132968949667 0.055284207498915
8 8 0.00 0.0001 13 0.007456914979146 0.049671534159782
8 8 0.00 0.0001 14 -0.001484920709332 0.058383310957000
8 8 0.00 0.0001 15 -0.008269825616568 0.065307156511989
8 8 0.00 0.0001 16 0.004513429643388 0.064963578880268
8 8 0.00 0.0001 17 0.004592725187876 0.059881125297062
8 8 0.00 0.0001 18 -0.006424797637562 0.052494565423751
8 8 0.00 0.0001 19 -0.008850307303207 0.055788263798672
8 8 0.00 0.0001 20 -0.006196468746521 0.059997000621547
8 8 0.00 0.0001 21 -0.014244184388973 0.056075531876891
8 8 0.00 0.0001 22 -0.004999112955873 0.044275107866468
8 8 0.00 0.0001 23 0.004563135481414 0.044325699482516
8 8 0.00 0.0001 24 -0.001110397580516 0.058479386060573
8 8 0.00 0.0001 25 -0.008208246561268 0.061843188951518
8 8 0.00 0.0001 26 -0.036218577467877 0.052273094803237
8 8 0.00 0.0001 27 0.001431932000745 0.044344288538899
8 8 0.00 0.0001 28 -0.009412272627491 0.043302296971602
8 8 0.00 0.0001 29 -0.034644019670549 0.048534474088813
8 8 0.00 0.0001 30 -0.075252491439295 0.042355755955525
8 8 0.00 0.0001 31 -0.035258559893907 0.044036159265166
8 8 0.00 0.0001 32 0.012821458504500 0.050026578350021
8 8 0.10 0.001 0 -0.001083825875180 0.047871645327566
8 8 0.10 0.001 1 -0.227699371211730 0.054620817376617
8 8 0.10 0.001 2 -0.266242845825244 0.055296948127737
8 8 0.10 0.001 3 -0.185902377193953 0.063981456278332
8 8 0.10 0.001 4 -0.172208794314562 0.063896389450860
8 8 0.10 0.001 5 -0.165628324811219 0.069046445737942
8 8 0.10 0.001 6 -0.147490406358318 0.081121032034458
8 8 0.10 0.001 7 -0.058577726251450 0.059355343909346
8 8 0.10 0.001 8 -0.030721694089943 0.061546829456132
8 8 0.10 0.001 9 -0.066044794453102 0.055367145335801
8 8 0.10 0.001 10 -0.060912707683095 0.073074974934362
8 8 0.10 0.001 11 -0.054166116584749 0.056357618832768
8 8 0.10 0.001 12 -0.050480707311642 0.057001784707489
8 8 0.10 0.001 13 -0.023827481903771 0.078340632133378
8 8 0.10 0.001 14 -0.026308941385478 0.069698274805752
8 8 0.10 0.001 15 -0.001070545420375 0.079699608191438
8 8 0.10 0.001 16 -0.007564238752321 0.084051518654461
8 8 0.10 0.001 17 -0.004660488906245 0.055162786526850
8 8 0.10 0.001 18 0.015540379155241 0.068892962153146
8 8 0.10 0.001 19 0.024773728706866 0.071787476998948
8 8 0.10 0.001 20 0.054185647498931 0.081992676727601
8 8 0.10 0.001 21 0.013188391949673 0.059131115987503
8 8 0.10 0.001 22 0.059774486091210 0.060709132336571
8 8 0.10 0.001 23 0.074509685729526 0.064367305326651
8 8 0.10 0.001 24 0.032045898331850 0.076781681854713
8 8 0.10 0.001 25 0.051071293689587 0.073946142243155
8 8 0.10 0.001 26 0.078181627402895 0.069666914969802
8 8 0.10 0.001 27 0.148162689151667 0.074563851134361
8 8 0.10 0.001 28 0.173092674450501 0.064462295069038
8 8 0.10 0.001 29 0.077911486866435 0.052516268038619
8 8 0.10 0.001 30 0.111356052812624 0.050414618603547
8 8 0.10 0.001 31 0.148612812948052 0.048944093932375
8 8 0.10 0.001 32 0.000828726666251 0.050995880139638
8 8 0.10 0.01 0 0.003042975133865 0.052038210036133
8 8 0.10 0.01 1 -0.233836611402231 0.057469953488589
8 8 0.10 0.01 2 -0.271596776094040 0.055870819515092
8 8 0.10 0.01 3 -0.186870252182340 0.066583140688501
8 8 0.10 0.01 4 -0.152718774585025 0.057914790546403
8 8 0.10 0.01 5 -0.137489582213583 0.070911247423523
8 8 0.10 0.01 6 -0.141592301502608 0.057839862031656
8 8 0.10 0.01 7 -0.065217818062439 0.070756228210044
8 8 0.10 0.01 8 -0.026151154833164 0.060278486914986
8 8 0.10 0.01 9 -0.076219943343790 0.072703833820102
8 8 0.10 0.01 10 -0.081692307781555 0.053203736094478
8 8 0.10 0.01 11 -0.060840288166758 0.070452768569322
8 8 0.10 0.01 12 -0.036802477176722 0.090370620334331
8 8 0.10 0.01 13 -0.033069373943688 0.078299981689372
8 8 0.10 0.01 14 -0.003003639378083 0.055796750338014
8 8 0.10 0.01 15 -0.011297689934963 0.083216993353568
8 8 0.10 0.01 16 0.011649816196805 0.088909776526934
8 8 0.10 0.01 17 0.014011381494954 0.071321368316447
8 8 0.10 0.01 18 0.026426586596736 0.058632046757678
8 8 0.10 0.01 19 0.051817425099187 0.069771147764241
8 8 0.10 0.01 20 0.032765278770451 0.078615287478869
8 8 0.10 0.01 21 -0.003589703012789 0.063419032212890
8 8 0.10 0.01 22 0.062892716498003 0.060375998718227
8 8 0.10 0.01 23 0.084665223370606 0.054726708223694
8 8 0.10 0.01 24 0.028477709976613 0.051980393756254
8 8 0.10 0.01 25 0.056237962507452 0.074121353243310
8 8 0.10 0.01 26 0.050619892883966 0.066566916608477
8 8 0.10 0.01 27 0.147467890054452 0.075675293969499
8 8 0.10 0.01 28 0.158900320182757 0.073867227014281
8 8 0.10 0.01 29 0.083832342829069 0.070181829029854
8 8 0.10 0.01 30 0.103172059889326 0.054850105469951
8 8 0.10 0.01 31 0.148484081646803 0.043173003708477
8 8 0.10 0.01 32 0.001572774189217 0.049657692760999
8 8 0.10 0.0001 0 -0.001716397138231 0.043470732924840
8 8 0.10 0.0001 1 -0.219983346535529 0.043144704356830
8 8 0.10 0.0001 2 -0.272655780798745 0.056320165200677
8 8 0.10 0.0001 3 -0.184349589588894 0.084207992989887
8 8 0.10 0.0001 4 -0.168671707903811 0.075118477663148
8 8 0.10 0.0001 5 -0.167024440734106 0.062777971764524
8 8 0.10 0.0001 6 -0.135808206408068 0.079718896280106
8 8 0.10 0.0001 7 -0.065531311201015 0.073047353752786
8 8 0.10 0.0001 8 -0.029616999965205 0.069417809257231
8 8 0.10 0.0001 9 -0.077818697639092 0.063129234881022
8 8 0.10 0.0001 10 -0.076248167812792 0.055873131691962
8 8 0.10 0.0001 11 -0.065264822110625 0.060510325696754
8 8 0.10 0.0001 12 -0.057051169142453 0.079985690967472
8 8 0.10 0.0001 13 -0.041016368852864 0.078356712711885
8 8 0.10 0.0001 14 -0.010010103181241 0.070259041104937
8 8 0.10 0.0001 15 -0.015383188168030 0.067296097698644
8 8 0.10 0.0001 16 -0.001137614916278 0.078905468124926
8 8 0.10 0.0001 17 0.016172861384181 0.068357986187531
8 8 0.10 0.0001 18 0.019343927056273 0.061518156199236
8 8 0.10 0.0001 19 0.038680056831797 0.081215486341257
8 8 0.10 0.0001 20 0.047850145906390 0.073298678072462
8 8 0.10 0.0001 21 0.017898151369933 0.066040018603483
8 8 0.10 0.0001 22 0.050707480235714 0.074137000107520
8 8 0.10 0.0001 23 0.073654422148765 0.067114495717122
8 8 0.10 0.0001 24 0.027507321939452 0.083735940662707
8 8 0.10 0.0001 25 0.041901014720761 0.073730936750581
8 8 0.10 0.0001 26 0.073512483984371 0.062376770259630
8 8 0.10 0.0001 27 0.126518681844816 0.072974132471835
8 8 0.10 0.0001 28 0.163060499636697 0.045713800370389
8 8 0.10 0.0001 29 0.092448153564752 0.052446693037341
8 8 0.10 0.0001 30 0.111136162096200 0.051618093525172
8 8 0.10 0.0001 31 0.139455346470000 0.038195608238268
8 8 0.10 0.0001 32 0.007860983591233 0.055693942408719
8 8 0.20 0.001 0 -0.016700220920538 0.084853512331687
8 8 0.20 0.001 1 -0.524299749941528 0.080200276899152
8 8 0.20 0.001 2 -0.576460496701284 0.098620208570923
8 8 0.20 0.001 3 -0.386657357194972 0.102885434082242
8 8 0.20 0.001 4 -0.413811291369993 0.106299874303232
8 8 0.20 0.001 5 -0.332266348647352 0.105466645452276
8 8 0.20 0.001 6 -0.260823013028084 0.122559141594463
8 8 0.20 0.001 7 -0.118408414748226 0.142641837055953
8 8 0.20 0.001 8 -0.055230810745789 0.138598484830221
8 8 0.20 0.001 9 -0.213916864096772 0.115056809365908
8 8 0.20 0.001 10 -0.188092781900524 0.124025803961620
8 8 0.20 0.001 11 -0.081839289763966 0.095355464379554
8 8 0.20 0.001 12 -0.102706510996941 0.167627718092847
8 8 0.20 0.001 13 -0.058934130886117 0.132381082344453
8 8 0.20 0.001 14 -0.036389026313496 0.096189626265684
8 8 0.20 0.001 15 -0.028813091668122 0.118636942827044
8 8 0.20 0.001 16 0.011175905774467 0.180030206829407
8 8 0.20 0.001 17 0.007029173603374 0.115658673919479
8 8 0.20 0.001 18 0.034695954444663 0.122439156548515
8 8 0.20 0.001 19 0.069358886501664 0.136789611586923
8 8 0.20 0.001 20 0.093107965087759 0.194416876218500
8 8 0.20 0.001 21 0.031299730959730 0.084042717407490
8 8 0.20 0.001 22 0.156169703281799 0.107077434939251
8 8 0.20 0.001 23 0.196743152281602 0.147862446305833
8 8 0.20 0.001 24 0.077369980199602 0.129198835135066
8 8 0.20 0.001 25 0.111004107857783 0.135996532790832
8 8 0.20 0.001 26 0.157504622364736 0.141610928128515
8 8 0.20 0.001 27 0.326385616943484 0.122001683241629
8 8 0.20 0.001 28 0.393124700879413 0.116006474009616
8 8 0.20 0.001 29 0.300256909138563 0.130500791360903
8 8 0.20 0.001 30 0.386995135758296 0.075853224119594
8 8 0.20 0.001 31 0.406246033621126 0.083881136918956
8 8 0.20 0.001 32 0.010093686193858 0.076968824394910
8 8 0.20 0.01 0 0.011155712504698 0.072626200463682
8 8 0.20 0.01 1 -0.529584714269598 0.089493135031972
8 8 0.20 0.01 2 -0.551570569709044 0.092853928503595
8 8 0.20 0.01 3 -0.410067066267444 0.123751542398467
8 8 0.20 0.01 4 -0.378682546353873 0.117025462502317
8 8 0.20 0.01 5 -0.344021178220275 0.132797706895687
8 8 0.20 0.01 6 -0.270214700483552 0.137313660142911
8 8 0.20 0.01 7 -0.106096199637778 0.129932088468879
8 8 0.20 0.01 8 -0.067102231718537 0.092946919704664
8 8 0.20 0.01 9 -0.201497027843284 0.115953365484394
8 8 0.20 0.01 10 -0.185426597456184 0.097869190194149
8 8 0.20 0.01 11 -0.077498196947227 0.112063611216435
8 8 0.20 0.01 12 -0.117666985780375 0.182459942165559
8 8 0.20 0.01 13 -0.054500199499693 0.112116995696580
8 8 0.20 0.01 14 -0.052403813229806 0.124428569962967
8 8 0.20 0.01 15 -0.040902193985717 0.119305222227495
8 8 0.20 0.01 16 0.012382694492972 0.156039894631375
8 8 0.20 0.01 17 0.017101476793626 0.145770790884765
8 8 0.20 0.01 18 0.022535056305488 0.129782564010155
8 8 0.20 0.01 19 0.061756465618252 0.114092591216884
8 8 0.20 0.01 20 0.107243937278655 0.184430719934200
8 8 0.20 0.01 21 0.035186904436199 0.118048822557355
8 8 0.20 0.01 22 0.174400560768718 0.118078552975839
8 8 0.20 0.01 23 0.182776991569191 0.103620427485800
8 8 0.20 0.01 24 0.077158499194351 0.105028160986275
8 8 0.20 0.01 25 0.135854797825744 0.114506580301868
8 8 0.20 0.01 26 0.204653126125745 0.156204761397839
8 8 0.20 0.01 27 0.312399515940081 0.108012644435288
8 8 0.20 0.01 28 0.383685547808663 0.115015618062443
8 8 0.20 0.01 29 0.312230089616369 0.141086787655799
8 8 0.20 0.01 30 0.397908514556375 0.087019429698837
8 8 0.20 0.01 31 0.444699426761198 0.087589814660212
8 8 0.20 0.01 32 -0.012118608214075 0.088816135917290
8 8 0.20 0.0001 0 0.010168123376320 0.072626139035522
8 8 0.20 0.0001 1 -0.506165989087108 0.081750811737027
8 8 0.20 0.0001 2 -0.586621740317921 0.108495826288515
8 8 0.20 0.0001 3 -0.401366188166874 0.116789339367017
8 8 0.20 0.0001 4 -0.404189982064788 0.089966761575705
8 8 0.20 0.0001 5 -0.363454655466020 0.148769547456688
8 8 0.20 0.0001 6 -0.296452668993526 0.157040870897396
8 8 0.20 0.0001 7 -0.139207389140139 0.132361710700848
8 8 0.20 0.0001 8 -0.058662043618152 0.111024201138663
8 8 0.20 0.0001 9 -0.189585458757508 0.117345600416610
8 8 0.20 0.0001 10 -0.174585122459360 0.121863861290526
8 8 0.20 0.0001 11 -0.084418324226719 0.104967494785045
8 8 0.20 0.0001 12 -0.138934944669228 0.174906193913623
8 8 0.20 0.0001 13 -0.112474215938800 0.118166385462843
8 8 0.20 0.0001 14 -0.067786883533368 0.110160199735134
8 8 0.20 0.0001 15 -0.028128010634718 0.105417792266283
8 8 0.20 0.0001 16 0.022281616988623 0.144013204950178
8 8 0.20 0.0001 17 0.036244404505606 0.143803474074998
8 8 0.20 0.0001 18 0.033520774607970 0.129531844573263
8 8 0.20 0.0001 19 0.082107687488661 0.122593230694615
8 8 0.20 0.0001 20 0.074321500998003 0.130879262722986
8 8 0.20 0.0001 21 0.042163359721343 0.107651160179914
8 8 0.20 0.0001 22 0.123810699328068 0.121882635869455
8 8 0.20 0.0001 23 0.188584297784164 0.131754162832202
8 8 0.20 0.0001 24 0.058068290981006 0.118631458052430
8 8 0.20 0.0001 25 0.108108044021827 0.116800468307099
8 8 0.20 0.0001 26 0.154809092130625 0.126533809319725
8 8 0.20 0.0001 27 0.323219550042196 0.120233521088488
8 8 0.20 0.0001 28 0.406557086112005 0.110690113855518
8 8 0.20 0.0001 29 0.255464229063928 0.110757850576151
8 8 0.20 0.0001 30 0.356840994731110 0.119888632287849
8 8 0.20 0.0001 31 0.417248287323022 0.077638657121414
8 8 0.20 0.0001 32 0.000267830719441 0.067159445075247
8 8 0.30 0.001 0 0.007975604304172 0.247183574872243
8 8 0.30 0.001 1 -1.404204831824286 0.362998607843933
8 8 0.30 0.001 2 -1.379624613257415 0.382687097492518
8 8 0.30 0.001 3 -0.893714405298915 0.536022864311513
8 8 0.30 0.001 4 -1.091547905824627 0.547431643784963
8 8 0.30 0.001 5 -0.681385317263270 0.427331485454209
8 8 0.30 0.001 6 -0.544641363021033 0.590699683469605
8 8 0.30 0.001 7 -0.326229388107351 0.524557001098959
8 8 0.30 0.001 8 -0.146431688286046 0.436339922725855
8 8 0.30 0.001 9 -0.488466548435812 0.380813074957788
8 8 0.30 0.001 10 -0.349641562047877 0.374083994933635
8 8 0.30 0.001 11 -0.172208448949176 0.400844911731824
8 8 0.30 0.001 12 -0.170115440333030 0.568276339597542
8 8 0.30 0.001 13 -0.095331312022683 0.479904300489367
8 8 0.30 0.001 14 -0.111999402195323 0.481081498614255
8 8 0.30 0.001 15 -0.120072817001723 0.382089354485876
8 8 0.30 0.001 16 0.095602655959657 0.744357434282668
8 8 0.30 0.001 17 0.043201321029355 0.406381866111705
8 8 0.30 0.001 18 0.117677668180491 0.459195913377358
8 8 0.30 0.001 19 0.145870312104334 0.342907529101970
8 8 0.30 0.001 20 0.478727058270752 0.691286202267876
8 8 0.30 0.001 21 0.096141638481511 0.356665897152142
8 8 0.30 0.001 22 0.316542948397494 0.450871932876111
8 8 0.30 0.001 23 0.520985852506450 0.423743026816620
8 8 0.30 0.001 24 0.193890141706957 0.478164318201894
8 8 0.30 0.001 25 0.277442334477987 0.503430767389903
8 8 0.30 0.001 26 0.323265466177319 0.493902226249638
8 8 0.30 0.001 27 0.704059966448750 0.403887953541503
8 8 0.30 0.001 28 0.949618230870319 0.578290318969859
8 8 0.30 0.001 29 0.883788374275851 0.495769723774309
8 8 0.30 0.001 30 1.092990360019923 0.344317455121420
8 8 0.30 0.001 31 1.106404550167147 0.284789784495788
8 8 0.30 0.001 32 0.023717433159617 0.210214190264408
8 8 0.30 0.01 0 -0.061232465615718 0.231212243875711
8 8 0.30 0.01 1 -1.326735426460056 0.344416418226650
8 8 0.30 0.01 2 -1.345643327247066 0.522318075994517
8 8 0.30 0.01 3 -0.771700822194624 0.370369505601404
8 8 0.30 0.01 4 -0.989987764249390 0.595524212930244
8 8 0.30 0.01 5 -0.711764202225577 0.317030977639277
8 8 0.30 0.01 6 -0.479368518805828 0.532083650820256
8 8 0.30 0.01 7 -0.183114340944779 0.488151089150539
8 8 0.30 0.01 8 -0.094621179370611 0.504870679361437
8 8 0.30 0.01 9 -0.430697105685934 0.441975225665947
8 8 0.30 0.01 10 -0.334705563949939 0.391326583819989
8 8 0.30 0.01 11 -0.155880640501150 0.365387734447553
8 8 0.30 0.01 12 -0.287691842623743 0.717681608714231
8 8 0.30 0.01 13 -0.148706210814011 0.416139532015053
8 8 0.30 0.01 14 -0.026804619993553 0.491635203082511
8 8 0.30 0.01 15 -0.118201207454861 0.320478758967357
8 8 0.30 0.01 16 0.165230077034168 0.566225859779618
8 8 0.30 0.01 17 0.028907411789185 0.512271543481543
8 8 0.30 0.01 18 0.064846650721910 0.563774401873330
8 8 0.30 0.01 19 0.067321601835487 0.332491736496557
8 8 0.30 0.01 20 0.283695915942752 0.544607575218310
8 8 0.30 0.01 21 0.100356795347065 0.307456446262068
8 8 0.30 0.01 22 0.331721776207095 0.492211541184332
8 8 0.30 0.01 23 0.486749368534029 0.421609016641568
8 8 0.30 0.01 24 0.060838535919288 0.550184952634045
8 8 0.30 0.01 25 0.226937545944855 0.441242653888927
8 8 0.30 0.01 26 0.327874073565894 0.558329773012912
8 8 0.30 0.01 27 0.612563941544764 0.412884839099589
8 8 0.30 0.01 28 0.982922983800077 0.478968793943692
8 8 0.30 0.01 29 0.721403835324198 0.483032612544510
8 8 0.30 0.01 30 1.088616661760498 0.369128206609151
8 8 0.30 0.01 31 1.096664716886955 0.371152022172316
8 8 0.30 0.01 32 -0.026073963948944 0.267704658224757
8 8 0.30 0.0001 0 -0.032086705204225 0.294110185110086
8 8 0.30 0.0001 1 -1.388657238726303 0.256266923438180
8 8 0.30 0.0001 2 -1.422834614957937 0.404978968071847
8 8 0.30 0.0001 3 -0.954014258595745 0.547270812938561
8 8 0.30 0.0001 4 -1.022737585245149 0.536505191406216
8 8 0.30 0.0001 5 -0.750295021306339 0.415801797165164
8 8 0.30 0.0001 6 -0.504775141928182 0.478213474842143
8 8 0.30 0.0001 7 -0.146162711678024 0.466462441695935
8 8 0.30 0.0001 8 -0.214096629034864 0.515959870589228
8 8 0.30 0.0001 9 -0.490867430090534 0.427713609356938
8 8 0.30 0.0001 10 -0.338628555173970 0.323882752193545
8 8 0.30 0.0001 11 -0.164161285698780 0.367216516511571
8 8 0.30 0.0001 12 -0.358669508259707 0.681567088006380
8 8 0.30 0.0001 13 -0.128142741341806 0.388606751706968
8 8 0.30 0.0001 14 -0.110000631040399 0.572926216169836
8 8 0.30 0.0001 15 0.026257928052157 0.363691934327772
8 8 0.30 0.0001 16 0.028572190441076 0.697359326458417
8 8 0.30 0.0001 17 0.105678285095052 0.458856894358102
8 8 0.30 0.0001 18 0.023852885680187 0.618572710507910
8 8 0.30 0.0001 19 0.090224746374512 0.361507780791659
8 8 0.30 0.0001 20 0.394117886801445 0.745783841630080
8 8 0.30 0.0001 21 0.064677892073255 0.349269196302554
8 8 0.30 0.0001 22 0.413240638292419 0.389816788090508
8 8 0.30 0.0001 23 0.496882999554554 0.451934330978316
8 8 0.30 0.0001 24 0.225013706377208 0.538801183570654
8 8 0.30 0.0001 25 0.091885260822619 0.377013598068297
8 8 0.30 0.0001 26 0.423097131557718 0.527996311562458
8 8 0.30 0.0001 27 0.655421634546714 0.337360222991156
8 8 0.30 0.0001 28 1.087089694984565 0.481449133705371
8 8 0.30 0.0001 29 0.694694466598176 0.481916342229153
8 8 0.30 0.0001 30 1.135538184147339 0.347749019283319
8 8 0.30 0.0001 31 1.183794560490560 0.327247112396551
8 8 0.30 0.0001 32 0.009071869121576 0.254769029556830
8 8 0.40 0.001 0 4.649928101295644 40.882878639780515
8 8 0.40 0.001 1 24.183310933954637 41.107147447226644
8 8 0.40 0.001 2 23.414848136638494 70.309797321886265
8 8 0.40 0.001 3 3.903500290604235 43.962379980862700
8 8 0.40 0.001 4 -4.025882175674709 71.201997231907825
8 8 0.40 0.001 5 15.228791447918638 52.915099327326253
8 8 0.40 0.001 6 1.225462781012473 69.161826791185774
8 8 0.40 0.001 7 16.792286608216454 74.666421896315427
8 8 0.40 0.001 8 10.158065518469011 61.132341370280407
8 8 0.40 0.001 9 3.918085816693731 52.408852104955756
8 8 0.40 0.001 10 -9.879008643391137 57.965792453745131
8 8 0.40 0.001 11 -2.386845262186766 47.624309249815255
8 8 0.40 0.001 12 -9.747969745016562 81.090089608796518
8 8 0.40 0.001 13 1.497309936260615 41.125000568119141
8 8 0.40 0.001 14 5.304125040194070 75.417224467208982
8 8 0.40 0.001 15 11.608989844415300 49.384945318239460
8 8 0.40 0.001 16 -7.618462881465873 122.531762530230608
8 8 0.40 0.001 17 6.678747808394473 45.947004122431331
8 8 0.40 0.001 18 -12.939908694825347 84.763659563040903
8 8 0.40 0.001 19 -17.234502591520378 59.655293971746843
8 8 0.40 0.001 20 -36.515217107987127 126.569778206234432
8 8 0.40 0.001 21 0.158038757091894 50.292059001062853
8 8 0.40 0.001 22 -6.494746084423062 66.474579544093444
8 8 0.40 0.001 23 0.059972951022438 45.706894583366115
8 8 0.40 0.001 24 -9.584856230997818 83.438305441583935
8 8 0.40 0.001 25 -0.059613117760020 69.133170960830796
8 8 0.40 0.001 26 -17.440957990777466 63.873297144566514
8 8 0.40 0.001 27 -3.669310241119644 42.002651170658297
8 8 0.40 0.001 28 -10.740245056839660 78.837843875494784
8 8 0.40 0.001 29 5.344545043056063 60.169950513097156
8 8 0.40 0.001 30 -22.388024355463735 56.653741810141121
8 8 0.40 0.001 31 -13.675441589793619 35.778888225614743
8 8 0.40 0.001 32 -2.516122614891498 39.701892420202959
8 8 0.40 0.01 0 1.518102374642898 12.997648563004503
8 8 0.40 0.01 1 6.716350791250624 17.760353674842705
8 8 0.40 0.01 2 8.338295270484888 20.303955297919224
8 8 0.40 0.01 3 2.417113083842130 16.593459371462700
8 8 0.40 0.01 4 1.005308229979108 22.883368407928643
8 8 0.40 0.01 5 5.487317957609830 18.060987248272557
8 8 0.40 0.01 6 5.757955110789762 26.975908169586326
8 8 0.40 0.01 7 1.550831197459196 18.468833201529598
8 8 0.40 0.01 8 -1.373973352373530 27.974939437650988
8 8 0.40 0.01 9 1.191232155215673 22.669516634066323
8 8 0.40 0.01 10 1.166863055663754 23.022929045262750
8 8 0.40 0.01 11 0.766191004818868 22.053844024751175
8 8 0.40 0.01 12 -1.213205025155523 44.659852565469123
8 8 0.40 0.01 13 3.765517085122434 18.877991684127618
8 8 0.40 0.01 14 3.407731271622300 26.512998739069314
8 8 0.40 0.01 15 0.799303396340867 17.599169470160891
8 8 0.40 0.01 16 -2.409861851154350 43.335502443319939
8 8 0.40 0.01 17 0.203591368689431 17.244841492853485
8 8 0.40 0.01 18 0.972641243684945 30.949397067744833
8 8 0.40 0.01 19 -3.773073899007442 21.795211231438440
8 8 0.40 0.01 20 -1.623056880936832 34.975712206567877
8 8 0.40 0.01 21 -0.354272677265801 16.242536418233541
8 8 0.40 0.01 22 -3.725960115716072 26.619976863206791
8 8 0.40 0.01 23 -4.113429891831903 16.329160517961714
8 8 0.40 0.01 24 3.983463301406065 21.589507975104535
8 8 0.40 0.01 25 -2.417911683586840 18.515196292721988
8 8 0.40 0.01 26 -7.642161222918428 27.765465004572313
8 8 0.40 0.01 27 -1.851970495307576 19.458446915912798
8 8 0.40 0.01 28 -5.322472063946639 33.165942799028528
8 8 0.40 0.01 29 -3.747117367309839 20.906831992468764
8 8 0.40 0.01 30 -8.282902052671275 19.969804677130529
8 8 0.40 0.01 31 -8.953261417041299 16.378299635242904
8 8 0.40 0.01 32 3.248655182331300 16.438347950915091
8 8 0.40 0.0001 0 -4.821181990150554 41.809664166382291
8 8 0.40 0.0001 1 16.185887090389084 42.760808525739080
8 8 0.40 0.0001 2 16.847932378065813 59.690409402263533
8 8 0.40 0.0001 3 3.599026648460073 46.236928713300308
8 8 0.40 0.0001 4 20.621605704120590 65.957546376136861
8 8 0.40 0.0001 5 0.296475427071449 45.976821314622924
8 8 0.40 0.0001 6 -0.916106908515829 85.426742158731258
8 8 0.40 0.0001 7 -8.552325557349372 70.320116308940726
8 8 0.40 0.0001 8 4.690052404801442 81.579935830933877
8 8 0.40 0.0001 9 11.859404496248976 53.945791779331003
8 8 0.40 0.0001 10 1.056187231522978 68.524051560508369
8 8 0.40 0.0001 11 7.548417797981930 45.476266272922153
8 8 0.40 0.0001 12 -4.392032359348429 97.092991723187566
8 8 0.40 0.0001 13 -4.325393309694746 52.969562702855349
8 8 0.40 0.0001 14 12.637104994172992 89.798980619497698
8 8 0.40 0.0001 15 10.966741987921973 54.330259585029737
8 8 0.40 0.0001 16 -12.234935899724780 108.908727715357017
8 8 0.40 0.0001 17 -1.178110645809433 55.672670875036943
8 8 0.40 0.0001 18 -13.050481619540289 74.463000312942910
8 8 0.40 0.0001 19 -0.841478691323130 56.338160854707610
8 8 0.40 0.0001 20 -3.666370447414146 106.077610559085201
8 8 0.40 0.0001 21 3.561215750026419 71.292208676708327
8 8 0.40 0.0001 22 -3.178430250048548 72.345371916999724
8 8 0.40 0.0001 23 -6.702683509241454 61.336162172180828
8 8 0.40 0.0001 24 -2.004541654255881 78.000088658286487
8 8 0.40 0.0001 25 -1.586105525107569 54.957169560812247
8 8 0.40 0.0001 26 7.490638904002493 80.689159528284847
8 8 0.40 0.0001 27 11.910525524880818 54.364883443291070
8 8 0.40 0.0001 28 -20.059622381471318 92.196857853447668
8 8 0.40 0.0001 29 1.489109574306334 46.290009078796643
8 8 0.40 0.0001 30 -14.871512663381369 62.478927424297808
8 8 0.40 0.0001 31 -13.979332302537820 57.749265075986230
8 8 0.40 0.0001 32 -0.275767805882701 37.240620228981129
8 8 0.50 0.001 0 0.002905431426894 0.226528250266620
8 8 0.50 0.001 1 1.288087047563727 0.224832975432338
8 8 0.50 0.001 2 1.357065275159988 0.275494373055935
8 8 0.50 0.001 3 0.957455028396459 0.358564097074449
8 8 0.50 0.001 4 1.207146107726585 0.313652243963385
8 8 0.50 0.001 5 0.996388597709667 0.328867513245858
8 8 0.50 0.001 6 0.726504185870050 0.339001027995177
8 8 0.50 0.001 7 0.637884956466130 0.376295377723032
8 8 0.50 0.001 8 0.343938985983655 0.391648996081504
8 8 0.50 0.001 9 0.693046995569568 0.293125213137950
8 8 0.50 0.001 10 0.559099410398229 0.322562656271206
8 8 0.50 0.001 11 0.246638084501674 0.267796859449199
8 8 0.50 0.001 12 0.356386939047627 0.518466266857441
8 8 0.50 0.001 13 0.222143535129851 0.258061612089859
8 8 0.50 0.001 14 0.114979986348649 0.336675804641888
8 8 0.50 0.001 15 0.027308161114452 0.414329934714955
8 8 0.50 0.001 16 0.075608759165897 0.478270537530945
8 8 0.50 0.001 17 -0.094247491936846 0.305196524139274
8 8 0.50 0.001 18 -0.219235906380684 0.212237299438303
8 8 0.50 0.001 19 -0.244837628457106 0.273765738966370
8 8 0.50 0.001 20 -0.501443919039713 0.459817047829305
8 8 0.50 0.001 21 -0.256477248742721 0.272167036120650
8 8 0.50 0.001 22 -0.578948537309419 0.302514462484340
8 8 0.50 0.001 23 -0.720195705973741 0.310370038526030
8 8 0.50 0.001 24 -0.342616688351209 0.362051616608577
8 8 0.50 0.001 25 -0.591919424277313 0.352826987087631
8 8 0.50 0.001 26 -0.705460878171690 0.290651535046698
8 8 0.50 0.001 27 -0.939316294466043 0.390691263114933
8 8 0.50 0.001 28 -1.160128902864439 0.335845637266167
8 8 0.50 0.001 29 -0.912327887248413 0.336619110519090
8 8 0.50 0.001 30 -1.260471053887826 0.283490134217517
8 8 0.50 0.001 31 -1.286856179613368 0.226195899777993
8 8 0.50 0.001 32 -0.031244669726329 0.183660946468056
8 8 0.50 0.01 0 -0.011375922568827 0.173623884662710
8 8 0.50 0.01 1 1.296842900534672 0.239719120962651
8 8 0.50 0.01 2 1.282709059196121 0.272373918249427
8 8 0.50 0.01 3 0.908922025114125 0.267067416661506
8 8 0.50 0.01 4 1.133417315800695 0.393682274834488
8 8 0.50 0.01 5 0.895440935864464 0.344592119157335
8 8 0.50 0.01 6 0.674258616886745 0.362667335888703
8 8 0.50 0.01 7 0.476513124335371 0.347055209368540
8 8 0.50 0.01 8 0.355445676934392 0.377928926204723
8 8 0.50 0.01 9 0.793569655336632 0.308225101903500
8 8 0.50 0.01 10 0.563081999630842 0.319961975050081
8 8 0.50 0.01 11 0.300704338626901 0.212838143182193
8 8 0.50 0.01 12 0.379754202510381 0.476242808993414
8 8 0.50 0.01 13 0.225366496311200 0.250996648685499
8 8 0.50 0.01 14 0.182141995514778 0.337708548830446
8 8 0.50 0.01 15 0.032117311176945 0.337254003772561
8 8 0.50 0.01 16 -0.001417915631252 0.403111724669235
8 8 0.50 0.01 17 -0.138982490644169 0.299411037081063
8 8 0.50 0.01 18 -0.120579806510855 0.347546455577437
8 8 0.50 0.01 19 -0.145530265539006 0.220087534983146
8 8 0.50 0.01 20 -0.435917480245635 0.444235108806793
8 8 0.50 0.01 21 -0.247092332762358 0.236275833757453
8 8 0.50 0.01 22 -0.519678686205010 0.322713478299488
8 8 0.50 0.01 23 -0.697050372783604 0.305475507114412
8 8 0.50 0.01 24 -0.340066823557972 0.311428510551067
8 8 0.50 0.01 25 -0.564409831019373 0.329385852153342
8 8 0.50 0.01 26 -0.757465729662283 0.291065150118663
8 8 0.50 0.01 27 -0.922098200898815 0.303277882752754
8 8 0.50 0.01 28 -1.147645539196654 0.448382144299070
8 8 0.50 0.01 29 -0.942872367206740 0.379933615535168
8 8 0.50 0.01 30 -1.285798843472362 0.345189803639973
8 8 0.50 0.01 31 -1.289954666814447 0.245483625336784
8 8 0.50 0.01 32 0.001246022832691 0.217273032581314
8 8 0.50 0.0001 0 0.020272178457372 0.210141523855739
8 8 0.50 0.0001 1 1.262199874373404 0.247668671076896
8 8 0.50 0.0001 2 1.324661458248114 0.334094642560882
8 8 0.50 0.0001 3 0.901254336966840 0.358309246455540
8 8 0.50 0.0001 4 1.230105937078607 0.379248846394617
8 8 0.50 0.0001 5 0.924755177701841 0.246348842385481
8 8 0.50 0.0001 6 0.659758157701751 0.337488162018220
8 8 0.50 0.0001 7 0.507957981811039 0.283812646814226
8 8 0.50 0.0001 8 0.480424820001235 0.305104250875743
8 8 0.50 0.0001 9 0.680377469275960 0.307143617095056
8 8 0.50 0.0001 10 0.512036613788302 0.315432335020529
8 8 0.50 0.0001 11 0.258931874271449 0.293547696504543
8 8 0.50 0.0001 12 0.331483774659624 0.481369967307467
8 8 0.50 0.0001 13 0.153428049648962 0.302002323324593
8 8 0.50 0.0001 14 0.194377134815598 0.363955772025379
8 8 0.50 0.0001 15 0.121205335551196 0.296173772127442
8 8 0.50 0.0001 16 0.048208599447121 0.459545671683721
8 8 0.50 0.0001 17 -0.052535911533011 0.351019789078509
8 8 0.50 0.0001 18 -0.074420181198208 0.350786444058338
8 8 0.50 0.0001 19 -0.217591151651644 0.237659203493701
8 8 0.50 0.0001 20 -0.430236252007992 0.475370258329101
8 8 0.50 0.0001 21 -0.273606584310968 0.252546587125158
8 8 0.50 0.0001 22 -0.574983542877537 0.301199352598592
8 8 0.50 0.0001 23 -0.731017333921597 0.332199816254624
8 8 0.50 0.0001 24 -0.417161160231625 0.318485696348213
8 8 0.50 0.0001 25 -0.600831934762180 0.265331144490975
8 8 0.50 0.0001 26 -0.794471655736567 0.342409641351109
8 8 0.50 0.0001 27 -0.994027833091231 0.317361179061834
8 8 0.50 0.0001 28 -1.139190980758942 0.451289437809395
8 8 0.50 0.0001 29 -1.000391639291066 0.409580253565850
8 8 0.50 0.0001 30 -1.281171149241267 0.301599231817428
8 8 0.50 0.0001 31 -1.304698325205632 0.271169113891161
8 8 0.50 0.0001 32 -0.013620051984608 0.229502723280478
8 8 0.60 0.001 0 0.001828375629652 0.073750023101229
8 8 0.60 0.001 1 0.664033884679666 0.075311833658228
8 8 0.60 0.001 2 0.702344375652881 0.098938306513043
8 8 0.60 0.001 3 0.543015357633120 0.097260849622222
8 8 0.60 0.001 4 0.632570213854904 0.136324580212730
8 8 0.60 0.001 5 0.683469571945881 0.145006580341624
8 8 0.60 0.001 6 0.577077944936597 0.115338314915112
8 8 0.60 0.001 7 0.469952643923107 0.107078073693501
8 8 0.60 0.001 8 0.308171648826181 0.092176800026750
8 8 0.60 0.001 9 0.438043016976755 0.125369845288958
8 8 0.60 0.001 10 0.407975119003424 0.101608807746738
8 8 0.60 0.001 11 0.223758922441323 0.113180671241622
8 8 0.60 0.001 12 0.223114910783965 0.154542203974898
8 8 0.60 0.001 13 0.191700702480928 0.095871638131207
8 8 0.60 0.001 14 0.138370184398033 0.093031708001765
8 8 0.60 0.001 15 0.048330023624727 0.127508536244631
8 8 0.60 0.001 16 -0.008126216547981 0.128512080107467
8 8 0.60 0.001 17 -0.083550231395846 0.100194488978975
8 8 0.60 0.001 18 -0.143660293743023 0.099685862930424
8 8 0.60 0.001 19 -0.173284782208951 0.096453263083680
8 8 0.60 0.001 20 -0.246028084293833 0.146450706713914
8 8 0.60 0.001 21 -0.234623312319864 0.077566426082367
8 8 0.60 0.001 22 -0.408073098695945 0.099878998316028
8 8 0.60 0.001 23 -0.446924826107820 0.101255151968952
8 8 0.60 0.001 24 -0.311564409149036 0.090906215162185
8 8 0.60 0.001 25 -0.470458895265066 0.083456479339071
8 8 0.60 0.001 26 -0.578356386903783 0.122174044282429
8 8 0.60 0.001 27 -0.719532909716926 0.106445468213857
8 8 0.60 0.001 28 -0.650743841259381 0.114244747972339
8 8 0.60 0.001 29 -0.546079802028193 0.125232022968920
8 8 0.60 0.001 30 -0.719281258156099 0.077275580761061
8 8 0.60 0.001 31 -0.690615801577455 0.078102422823041
8 8 0.60 0.001 32 0.010858668832116 0.071469126417748
8 8 0.60 0.01 0 -0.008151179280315 0.064366521002950
8 8 0.60 0.01 1 0.684740197188678 0.084543163096629
8 8 0.60 0.01 2 0.689575762539186 0.085852559296666
8 8 0.60 0.01 3 0.510594457886458 0.090533946391064
8 8 0.60 0.01 4 0.630825582813750 0.106913989026330
8 8 0.60 0.01 5 0.687411414761763 0.124431100893081
8 8 0.60 0.01 6 0.578401355151943 0.113787040108234
8 8 0.60 0.01 7 0.437546815575260 0.124208335031906
8 8 0.60 0.01 8 0.320812818081865 0.103580151168396
8 8 0.60 0.01 9 0.459286517035614 0.124525922683960
8 8 0.60 0.01 10 0.376489389112116 0.107285737581134
8 8 0.60 0.01 11 0.208927182284397 0.087141201596085
8 8 0.60 0.01 12 0.258484507104187 0.151631566902709
8 8 0.60 0.01 13 0.169380387839875 0.090723997998621
8 8 0.60 0.01 14 0.130881747877277 0.107498294129858
8 8 0.60 0.01 15 0.040776649179413 0.095856609373647
8 8 0.60 0.01 16 -0.013612801658264 0.141978521898028
8 8 0.60 0.01 17 -0.053871468144546 0.119513488844054
8 8 0.60 0.01 18 -0.115498114727211 0.108649777944662
8 8 0.60 0.01 19 -0.174077671718730 0.113499382426568
8 8 0.60 0.01 20 -0.271834318946389 0.139348059750932
8 8 0.60 0.01 21 -0.264019120052416 0.098264983584339
8 8 0.60 0.01 22 -0.386048883216292 0.111860221809304
8 8 0.60 0.01 23 -0.435652245757950 0.102691069166201
8 8 0.60 0.01 24 -0.317720279833772 0.121113751956327
8 8 0.60 0.01 25 -0.470899592885569 0.128245998780502
8 8 0.60 0.01 26 -0.564364032453876 0.099672768773091
8 8 0.60 0.01 27 -0.712190125956393 0.113995383205814
8 8 0.60 0.01 28 -0.653312654992404 0.113381011962249
8 8 0.60 0.01 29 -0.506902022719702 0.106034430544324
8 8 0.60 0.01 30 -0.729300493798293 0.078060412601322
8 8 0.60 0.01 31 -0.691980329166076 0.068506449497014
8 8 0.60 0.01 32 0.012480188814114 0.063072096785690
8 8 0.60 0.0001 0 -0.001306521608777 0.075532598272880
8 8 0.60 0.0001 1 0.680047695253531 0.080876060359678
8 8 0.60 0.0001 2 0.688688279778363 0.090725936694116
8 8 0.60 0.0001 3 0.509998825075877 0.106589919888184
8 8 0.60 0.0001 4 0.638008243479964 0.105843531482736
8 8 0.60 0.0001 5 0.698396537421621 0.082366524294715
8 8 0.60 0.0001 6 0.558866936402978 0.113255730903761
8 8 0.60 0.0001 7 0.445129343618897 0.095812902544656
8 8 0.60 0.0001 8 0.306332736016277 0.092121790482616
8 8 0.60 0.0001 9 0.453300894765652 0.084173772672532
8 8 0.60 0.0001 10 0.388366118714696 0.111887699768142
8 8 0.60 0.0001 11 0.227927591052539 0.090464748886577
8 8 0.60 0.0001 12 0.265072669996735 0.136990831633181
8 8 0.60 0.0001 13 0.197562309570635 0.116993081804703
8 8 0.60 0.0001 14 0.162811346361361 0.103771319312459
8 8 0.60 0.0001 15 0.052098886015435 0.126389545706976
8 8 0.60 0.0001 16 -0.006252878385320 0.161678527147252
8 8 0.60 0.0001 17 -0.058353087208781 0.118851737710495
8 8 0.60 0.0001 18 -0.132257728105543 0.092225164211694
8 8 0.60 0.0001 19 -0.184715524186045 0.120169205843949
8 8 0.60 0.0001 20 -0.267580210542191 0.165131864974255
8 8 0.60 0.0001 21 -0.220742769513218 0.096979953963816
8 8 0.60 0.0001 22 -0.408442173568816 0.090643269082399
8 8 0.60 0.0001 23 -0.459793361357516 0.102985402143049
8 8 0.60 0.0001 24 -0.314039488000550 0.079583171161564
8 8 0.60 0.0001 25 -0.482224385199058 0.119364745997822
8 8 0.60 0.0001 26 -0.594464321255880 0.127882239356389
8 8 0.60 0.0001 27 -0.703914171963785 0.129398539053472
8 8 0.60 0.0001 28 -0.636014439077521 0.122251343169547
8 8 0.60 0.0001 29 -0.548123109632083 0.105298685400033
8 8 0.60 0.0001 30 -0.738348703885510 0.088237935390814
8 8 0.60 0.0001 31 -0.707331622539228 0.088997018963006
8 8 0.60 0.0001 32 0.007756331431718 0.081721944529630
8 8 0.70 0.001 0 0.005559766586836 0.046291215353770
8 8 0.70 0.001 1 0.433469739760347 0.056492736247752
8 8 0.70 0.001 2 0.429871465783447 0.055915904186396
8 8 0.70 0.001 3 0.345579066108038 0.065123120565724
8 8 0.70 0.001 4 0.432099630067322 0.059812698999171
8 8 0.70 0.001 5 0.547340263698832 0.067316469579760
8 8 0.70 0.001 6 0.463300606887321 0.060773701647781
8 8 0.70 0.001 7 0.405634100697625 0.059116517330167
8 8 0.70 0.001 8 0.267737261946302 0.053494261848822
8 8 0.70 0.001 9 0.357508260269791 0.049310316965842
8 8 0.70 0.001 10 0.320180349711838 0.058605349152214
8 8 0.70 0.001 11 0.204409760430454 0.053231077352919
8 8 0.70 0.001 12 0.214147861226916 0.060840189301144
8 8 0.70 0.001 13 0.173451444292189 0.051716219400454
8 8 0.70 0.001 14 0.124877332069198 0.056111228899113
8 8 0.70 0.001 15 0.054840247263483 0.062339092461050
8 8 0.70 0.001 16 0.003475817172727 0.075411003460019
8 8 0.70 0.001 17 -0.050934257715851 0.063890828009520
8 8 0.70 0.001 18 -0.102633987113101 0.073068494302436
8 8 0.70 0.001 19 -0.142620041949365 0.051906410471929
8 8 0.70 0.001 20 -0.198363323115715 0.083481241418942
8 8 0.70 0.001 21 -0.222646682488685 0.052110653595179
8 8 0.70 0.001 22 -0.344080349859780 0.047391491245404
8 8 0.70 0.001 23 -0.349962153924568 0.051255289702041
8 8 0.70 0.001 24 -0.276464933930656 0.058896080559663
8 8 0.70 0.001 25 -0.422828723392329 0.069717244658558
8 8 0.70 0.001 26 -0.521333576995049 0.043697251307308
8 8 0.70 0.001 27 -0.552451482333237 0.069449659924324
8 8 0.70 0.001 28 -0.432440514257566 0.050716585851508
8 8 0.70 0.001 29 -0.388917197688273 0.075275866712437
8 8 0.70 0.001 30 -0.504790931422382 0.043778595948077
8 8 0.70 0.001 31 -0.480200638762207 0.033225839926181
8 8 0.70 0.001 32 0.004630867090185 0.048629946123877
8 8 0.70 0.01 0 -0.001276007972580 0.049420994184382
8 8 0.70 0.01 1 0.438270810811399 0.038985238093035
8 8 0.70 0.01 2 0.420765133092811 0.052014601062154
8 8 0.70 0.01 3 0.337993273878701 0.064673756796136
8 8 0.70 0.01 4 0.418758616548594 0.058450484298606
8 8 0.70 0.01 5 0.538962267577227 0.068605800919347
8 8 0.70 0.01 6 0.454068965120448 0.053731127068108
8 8 0.70 0.01 7 0.407287544369467 0.063359523071686
8 8 0.70 0.01 8 0.282111248701367 0.054724358484382
8 8 0.70 0.01 9 0.350000063480536 0.049018683953434
8 8 0.70 0.01 10 0.312502537362188 0.056172580312436
8 8 0.70 0.01 11 0.187926756916952 0.058519752903027
8 8 0.70 0.01 12 0.197909106088162 0.078185324810340
8 8 0.70 0.01 13 0.172231324205990 0.060480515340514
8 8 0.70 0.01 14 0.113005831331087 0.050236342559782
8 8 0.70 0.01 15 0.062147892789497 0.054317746017018
8 8 0.70 0.01 16 0.006096006423011 0.067546635343224
8 8 0.70 0.01 17 -0.062630903653726 0.059803796389792
8 8 0.70 0.01 18 -0.114591972191758 0.071247711097262
8 8 0.70 0.01 19 -0.157720889206620 0.055186062717562
8 8 0.70 0.01 20 -0.180196919472069 0.096048551980941
8 8 0.70 0.01 21 -0.222469035759362 0.060165414965875
8 8 0.70 0.01 22 -0.322394431659532 0.062054115643269
8 8 0.70 0.01 23 -0.343524121125546 0.054378371901072
8 8 0.70 0.01 24 -0.287927462636619 0.049518313052265
8 8 0.70 0.01 25 -0.424334540154594 0.069217514724201
8 8 0.70 0.01 26 -0.511544802265845 0.066891056204971
8 8 0.70 0.01 27 -0.553470147033698 0.061834528946850
8 8 0.70 0.01 28 -0.439754460462504 0.061881257000743
8 8 0.70 0.01 29 -0.381379384595912 0.067568556758433
8 8 0.70 0.01 30 -0.518512420707042 0.045763387219604
8 8 0.70 0.01 31 -0.480129682507328 0.052526609523394
8 8 0.70 0.01 32 -0.009364758909623 0.035236301633848
8 8 0.70 0.0001 0 -0.001303104002145 0.043299120734604
8 8 0.70 0.0001 1 0.434845057119373 0.045437602231189
8 8 0.70 0.0001 2 0.430279241537164 0.052355745551607
8 8 0.70 0.0001 3 0.345758781803694 0.064254322042845
8 8 0.70 0.0001 4 0.451349712448945 0.060010157608999
8 8 0.70 0.0001 5 0.554484943742528 0.068300244660416
8 8 0.70 0.0001 6 0.461155575205256 0.065214508455729
8 8 0.70 0.0001 7 0.409895202785701 0.059987385066119
8 8 0.70 0.0001 8 0.284797303612879 0.057926625007571
8 8 0.70 0.0001 9 0.342583214080800 0.061416051698779
8 8 0.70 0.0001 10 0.326322073332896 0.064028853175267
8 8 0.70 0.0001 11 0.197415732297758 0.052736559206779
8 8 0.70 0.0001 12 0.188771441159967 0.072173831816603
8 8 0.70 0.0001 13 0.161083617522810 0.059855600424448
8 8 0.70 0.0001 14 0.122070610613992 0.042176967314591
8 8 0.70 0.0001 15 0.045114433782695 0.052195005102208
8 8 0.70 0.0001 16 -0.014363315384097 0.069880085426640
8 8 0.70 0.0001 17 -0.063735521071633 0.065735227310698
8 8 0.70 0.0001 18 -0.108907187755756 0.070297786149800
8 8 0.70 0.0001 19 -0.172487011291884 0.056214064842800
8 8 0.70 0.0001 20 -0.187849701709369 0.056146859782208
8 8 0.70 0.0001 21 -0.226371582950886 0.057582280821280
8 8 0.70 0.0001 22 -0.334352455735116 0.056869976555393
8 8 0.70 0.0001 23 -0.361303793667882 0.052716308831978
8 8 0.70 0.0001 24 -0.266465677146091 0.059385638692854
8 8 0.70 0.0001 25 -0.411733390911667 0.064469362621141
8 8 0.70 0.0001 26 -0.492454813261495 0.074883864684649
8 8 0.70 0.0001 27 -0.545362112906290 0.067994423155285
8 8 0.70 0.0001 28 -0.437408009087841 0.049368095608318
8 8 0.70 0.0001 29 -0.397715772041895 0.055706559319445
8 8 0.70 0.0001 30 -0.518427096141334 0.051459101184139
8 8 0.70 0.0001 31 -0.474543843622042 0.050831523735359
8 8 0.70 0.0001 32 -0.005026763823149 0.041592922383301
#Ls   Lt  mu  ma  nfluxes AxialCurrent Err
