#Ls   Lt  mu  ma  nfluxes AxialCurrent Err
24 16 0.05 0.001 0 -0.001234317162945 0.000808117716912
24 16 0.05 0.001 1 nan nan
24 16 0.05 0.001 2 -0.029989372191499 0.000657423792818
24 16 0.05 0.001 3 -0.044220623148592 0.000728010035429
24 16 0.05 0.001 4 -0.054863111715474 0.000754566400351
24 16 0.05 0.001 5 -0.060435326810876 0.000624010759701
24 16 0.05 0.001 6 nan nan
24 16 0.05 0.001 7 nan nan
24 16 0.05 0.001 8 -0.044570070456907 0.000505276900898
24 16 0.05 0.001 9 nan nan
24 16 0.05 0.001 10 -0.031600130622019 0.000478632013197
24 16 0.05 0.001 11 nan nan
24 16 0.05 0.001 12 nan nan
24 16 0.05 0.001 13 nan nan
24 16 0.05 0.001 14 -0.054405850065965 0.000530067788701
24 16 0.05 0.001 15 nan nan
24 16 0.05 0.001 16 -0.074388235770202 0.000657690277096
24 16 0.05 0.001 17 nan nan
24 16 0.05 0.001 18 nan nan
24 16 0.05 0.001 19 -0.077132718504006 0.000555892228875
24 16 0.05 0.001 20 nan nan
24 16 0.05 0.001 21 -0.062818275145916 0.000610066689944
24 16 0.05 0.001 22 -0.055984078139079 0.000598579647901
24 16 0.05 0.001 23 nan nan
24 16 0.05 0.001 24 nan nan
24 16 0.05 0.001 25 -0.057359423854498 0.000556947640185
24 16 0.05 0.001 26 -0.064649963201511 0.000672722875135
24 16 0.05 0.001 27 -0.072882802355632 0.000621776779280
24 16 0.05 0.001 28 nan nan
24 16 0.05 0.001 29 nan nan
24 16 0.05 0.001 30 -0.079905621289155 0.000550025923732
24 16 0.05 0.001 31 nan nan
24 16 0.05 0.001 32 -0.067547699391510 0.000550028586759
24 16 0.05 0.001 33 -0.058177910133216 0.000668408194410
24 16 0.05 0.001 34 -0.048422150803102 0.000749029560854
24 16 0.05 0.001 35 nan nan
24 16 0.05 0.001 36 nan nan
24 16 0.05 0.001 37 -0.034660676963523 0.000726183439091
24 16 0.05 0.001 38 nan nan
24 16 0.05 0.001 39 nan nan
24 16 0.05 0.001 40 -0.044373459754314 0.000673002828724
24 16 0.05 0.001 41 -0.047006965706864 0.000726158241994
24 16 0.05 0.001 42 nan nan
24 16 0.05 0.001 43 nan nan
24 16 0.05 0.001 44 -0.042059307768575 0.000686748815045
24 16 0.05 0.001 45 -0.035232876658836 0.000675118999719
24 16 0.05 0.001 46 nan nan
24 16 0.05 0.001 47 nan nan
24 16 0.05 0.001 48 -0.019591341603063 0.000641243689090
24 16 0.05 0.001 49 -0.017615196350611 0.000698464551512
24 16 0.05 0.001 50 -0.016776701089948 0.000760756573424
24 16 0.05 0.001 51 -0.017786732787107 0.000515572736013
24 16 0.05 0.001 52 nan nan
24 16 0.05 0.001 53 -0.021969042705202 0.000768956469980
24 16 0.05 0.001 54 nan nan
24 16 0.05 0.001 55 nan nan
24 16 0.05 0.001 56 -0.016977074866695 0.000719450998213
24 16 0.05 0.001 57 nan nan
24 16 0.05 0.001 58 -0.008960933484290 0.000691888756406
24 16 0.05 0.001 59 -0.004488890250773 0.000579600813371
24 16 0.05 0.001 60 -0.001214586377279 0.000577664035638
24 16 0.05 0.001 61 nan nan
24 16 0.05 0.001 62 nan nan
24 16 0.05 0.001 63 0.004561079169136 0.000476608531419
24 16 0.05 0.001 64 nan nan
24 16 0.05 0.001 65 0.003483254912817 0.000432550961635
24 16 0.05 0.001 66 nan nan
24 16 0.05 0.001 67 0.003207875285626 0.000521647646711
24 16 0.05 0.001 68 0.005475216344051 0.000534942627662
24 16 0.05 0.001 69 0.013587914900405 0.000586438159572
24 16 0.05 0.001 70 nan nan
24 16 0.05 0.001 71 nan nan
24 16 0.05 0.001 72 0.013269006463361 0.000582026240518
24 16 0.05 0.001 73 nan nan
24 16 0.05 0.001 74 nan nan
24 16 0.05 0.001 75 nan nan
24 16 0.05 0.001 76 0.001369431420441 0.000396999016088
24 16 0.05 0.001 77 -0.004811330970245 0.000575163737314
24 16 0.05 0.001 78 -0.009999767108887 0.000563024761865
24 16 0.05 0.001 79 -0.012970545443758 0.000438709359134
24 16 0.05 0.001 80 -0.014741770391745 0.000474827666718
24 16 0.05 0.001 81 nan nan
24 16 0.05 0.001 82 nan nan
24 16 0.05 0.001 83 nan nan
24 16 0.05 0.001 84 nan nan
24 16 0.05 0.001 85 nan nan
24 16 0.05 0.001 86 -0.009559850067404 0.000438885203539
24 16 0.05 0.001 87 nan nan
24 16 0.05 0.001 88 -0.008227760960905 0.000486535761397
24 16 0.05 0.001 89 -0.009356950167780 0.000460582583749
24 16 0.05 0.001 90 -0.007710465280362 0.000516174121430
24 16 0.05 0.001 91 nan nan
24 16 0.05 0.001 92 nan nan
24 16 0.05 0.001 93 -0.002979340116161 0.000526935771616
24 16 0.05 0.001 94 nan nan
24 16 0.05 0.001 95 nan nan
24 16 0.05 0.001 96 0.004460389366733 0.000540725336161
24 16 0.05 0.001 97 nan nan
24 16 0.05 0.001 98 0.003839338982671 0.000450299803279
24 16 0.05 0.001 99 0.001079420854371 0.000416919880879
24 16 0.05 0.001 100 -0.002442788136602 0.000439958886704
24 16 0.05 0.001 101 nan nan
24 16 0.05 0.001 102 -0.006794004585281 0.000463393905938
24 16 0.05 0.001 103 nan nan
24 16 0.05 0.001 104 -0.009629374426195 0.000440675186132
24 16 0.05 0.001 105 nan nan
24 16 0.05 0.001 106 -0.004741816874742 0.000450520344344
24 16 0.05 0.001 107 nan nan
24 16 0.05 0.001 108 nan nan
24 16 0.05 0.001 109 0.002009772972439 0.000467383900225
24 16 0.05 0.001 110 0.000320262829807 0.000555351657894
24 16 0.05 0.001 111 nan nan
24 16 0.05 0.001 112 nan nan
24 16 0.05 0.001 113 nan nan
24 16 0.05 0.001 114 -0.002378201949253 0.000372832684255
24 16 0.05 0.001 115 nan nan
24 16 0.05 0.001 116 nan nan
24 16 0.05 0.001 117 nan nan
24 16 0.05 0.001 118 -0.003484678980828 0.000455644617780
24 16 0.05 0.001 119 -0.003043433306064 0.000580631921221
24 16 0.05 0.001 120 -0.001597039309880 0.000493349865009
24 16 0.05 0.001 121 -0.001045680939068 0.000536507668292
24 16 0.05 0.001 122 -0.000848213392590 0.000521541387094
24 16 0.05 0.001 123 nan nan
24 16 0.05 0.001 124 -0.000565906465502 0.000569264290854
24 16 0.05 0.001 125 nan nan
24 16 0.05 0.001 126 -0.002265459449310 0.000523688749149
24 16 0.05 0.001 127 nan nan
24 16 0.05 0.001 128 nan nan
24 16 0.05 0.001 129 -0.002731818006942 0.000434771081729
24 16 0.05 0.001 130 -0.001846559572306 0.000465295351135
24 16 0.05 0.001 131 -0.001613853310424 0.000469212669989
24 16 0.05 0.001 132 -0.002115070838814 0.000458405557032
24 16 0.05 0.001 133 nan nan
24 16 0.05 0.001 134 nan nan
24 16 0.05 0.001 135 0.000135608354176 0.000520109628048
24 16 0.05 0.001 136 -0.000900166312220 0.000402870690438
24 16 0.05 0.001 137 nan nan
24 16 0.05 0.001 138 0.000186017570989 0.000440887905395
24 16 0.05 0.001 139 nan nan
24 16 0.05 0.001 140 nan nan
24 16 0.05 0.001 141 -0.000638381386289 0.000410448100256
24 16 0.05 0.001 142 -0.000324152156229 0.000542307884420
24 16 0.05 0.001 143 nan nan
24 16 0.05 0.001 144 0.000046835895387 0.000526864186264
24 16 0.05 0.001 145 nan nan
24 16 0.05 0.001 146 nan nan
24 16 0.05 0.001 147 nan nan
24 16 0.05 0.001 148 nan nan
24 16 0.05 0.001 149 nan nan
24 16 0.05 0.001 150 0.002155746759186 0.000411870468258
24 16 0.05 0.001 151 nan nan
24 16 0.05 0.001 152 0.001530267011679 0.000465946856494
24 16 0.05 0.001 153 nan nan
24 16 0.05 0.001 154 0.001345352576341 0.000440771974774
24 16 0.05 0.001 155 nan nan
24 16 0.05 0.001 156 nan nan
24 16 0.05 0.001 157 0.001033046404115 0.000436028684427
24 16 0.05 0.001 158 0.000059696835774 0.000505887700973
24 16 0.05 0.001 159 nan nan
24 16 0.05 0.001 160 nan nan
24 16 0.05 0.001 161 -0.000014766529954 0.000508330216414
24 16 0.05 0.001 162 0.001381288988077 0.000430226099045
24 16 0.05 0.001 163 0.001531584502157 0.000510534202453
24 16 0.05 0.001 164 0.003080189647366 0.000495134768639
24 16 0.05 0.001 165 nan nan
24 16 0.05 0.001 166 0.003539310855987 0.000459669425921
24 16 0.05 0.001 167 nan nan
24 16 0.05 0.001 168 0.002065186226433 0.000386246382412
24 16 0.05 0.001 169 nan nan
24 16 0.05 0.001 170 nan nan
24 16 0.05 0.001 171 -0.001484648515635 0.000587631540342
24 16 0.05 0.001 172 -0.001704247254330 0.000465309198757
24 16 0.05 0.001 173 nan nan
24 16 0.05 0.001 174 nan nan
24 16 0.05 0.001 175 nan nan
24 16 0.05 0.001 176 nan nan
24 16 0.05 0.001 177 0.003447756837940 0.000534448694377
24 16 0.05 0.001 178 nan nan
24 16 0.05 0.001 179 0.001179815954735 0.000511233993354
24 16 0.05 0.001 180 -0.000151028343279 0.000522861129388
24 16 0.05 0.001 181 nan nan
24 16 0.05 0.001 182 -0.001569627362054 0.000475685259722
24 16 0.05 0.001 183 nan nan
24 16 0.05 0.001 184 nan nan
24 16 0.05 0.001 185 nan nan
24 16 0.05 0.001 186 0.002473749651388 0.000526567187226
24 16 0.05 0.001 187 nan nan
24 16 0.05 0.001 188 0.002644239569624 0.000456684002927
24 16 0.05 0.001 189 0.000693543757086 0.000481921858387
24 16 0.05 0.001 190 nan nan
24 16 0.05 0.001 191 -0.002176699674005 0.000528239126687
24 16 0.05 0.001 192 -0.005420943152594 0.000472944445371
24 16 0.05 0.001 193 nan nan
24 16 0.05 0.001 194 -0.008443714735269 0.000401189029675
24 16 0.05 0.001 195 -0.007602702575211 0.000515254947055
24 16 0.05 0.001 196 -0.001229774527056 0.000565601875524
24 16 0.05 0.001 197 nan nan
24 16 0.05 0.001 198 nan nan
24 16 0.05 0.001 199 nan nan
24 16 0.05 0.001 200 nan nan
24 16 0.05 0.001 201 0.010631947410579 0.000533804807626
24 16 0.05 0.001 202 nan nan
24 16 0.05 0.001 203 0.012417636627823 0.000528723080974
24 16 0.05 0.001 204 nan nan
24 16 0.05 0.001 205 nan nan
24 16 0.05 0.001 206 nan nan
24 16 0.05 0.001 207 0.002321670203160 0.000607809630659
24 16 0.05 0.001 208 nan nan
24 16 0.05 0.001 209 nan nan
24 16 0.05 0.001 210 -0.001504545318849 0.000542558749710
24 16 0.05 0.001 211 -0.002540612932118 0.000501449397609
24 16 0.05 0.001 212 -0.002836922721271 0.000555966621783
24 16 0.05 0.001 213 -0.004770539357348 0.000532281385993
24 16 0.05 0.001 214 -0.007152734412536 0.000590438314092
24 16 0.05 0.001 215 -0.010339970206518 0.000533043961141
24 16 0.05 0.001 216 nan nan
24 16 0.05 0.001 217 -0.016928722418745 0.000522613774022
24 16 0.05 0.001 218 nan nan
24 16 0.05 0.001 219 -0.019848321343618 0.000632201722245
24 16 0.05 0.001 220 -0.023091159765365 0.000480510935124
24 16 0.05 0.001 221 -0.022664142985728 0.000614433277088
24 16 0.05 0.001 222 nan nan
24 16 0.05 0.001 223 -0.016229621013756 0.000555177729817
24 16 0.05 0.001 224 -0.011850257925468 0.000712011005746
24 16 0.05 0.001 225 -0.006969717075400 0.000566971606065
24 16 0.05 0.001 226 nan nan
24 16 0.05 0.001 227 nan nan
24 16 0.05 0.001 228 0.001312286427371 0.000546477832733
24 16 0.05 0.001 229 nan nan
24 16 0.05 0.001 230 nan nan
24 16 0.05 0.001 231 -0.005148179248973 0.000535978427351
24 16 0.05 0.001 232 -0.007167351677518 0.000569859845952
24 16 0.05 0.001 233 nan nan
24 16 0.05 0.001 234 nan nan
24 16 0.05 0.001 235 0.001131619598118 0.000593840556061
24 16 0.05 0.001 236 nan nan
24 16 0.05 0.001 237 nan nan
24 16 0.05 0.001 238 nan nan
24 16 0.05 0.001 239 nan nan
24 16 0.05 0.001 240 nan nan
24 16 0.05 0.001 241 nan nan
24 16 0.05 0.001 242 nan nan
24 16 0.05 0.001 243 nan nan
24 16 0.05 0.001 244 nan nan
24 16 0.05 0.001 245 nan nan
24 16 0.05 0.001 246 nan nan
24 16 0.05 0.001 247 nan nan
24 16 0.05 0.001 248 nan nan
24 16 0.05 0.001 249 nan nan
24 16 0.05 0.001 250 nan nan
24 16 0.05 0.001 251 nan nan
24 16 0.05 0.001 252 nan nan
24 16 0.05 0.001 253 nan nan
24 16 0.05 0.001 254 nan nan
24 16 0.05 0.001 255 nan nan
24 16 0.05 0.001 256 nan nan
24 16 0.05 0.001 257 nan nan
24 16 0.05 0.001 258 nan nan
24 16 0.05 0.001 259 nan nan
24 16 0.05 0.001 260 nan nan
24 16 0.05 0.001 261 nan nan
24 16 0.05 0.001 262 nan nan
24 16 0.05 0.001 263 nan nan
24 16 0.05 0.001 264 nan nan
24 16 0.05 0.001 265 nan nan
24 16 0.05 0.001 266 nan nan
24 16 0.05 0.001 267 nan nan
24 16 0.05 0.001 268 nan nan
24 16 0.05 0.001 269 nan nan
24 16 0.05 0.001 270 nan nan
24 16 0.05 0.001 271 nan nan
24 16 0.05 0.001 272 nan nan
24 16 0.05 0.001 273 nan nan
24 16 0.05 0.001 274 nan nan
24 16 0.05 0.001 275 nan nan
24 16 0.05 0.001 276 nan nan
24 16 0.05 0.001 277 nan nan
24 16 0.05 0.001 278 nan nan
24 16 0.05 0.001 279 nan nan
24 16 0.05 0.001 280 nan nan
24 16 0.05 0.001 281 nan nan
24 16 0.05 0.001 282 nan nan
24 16 0.05 0.001 283 nan nan
24 16 0.05 0.001 284 nan nan
24 16 0.05 0.001 285 nan nan
24 16 0.05 0.001 286 nan nan
24 16 0.05 0.001 287 nan nan
24 16 0.05 0.001 288 nan nan
