8 12 0.00 0.001 0 
8 12 0.00 0.001 1 
8 12 0.00 0.001 2 
8 12 0.00 0.001 3 
8 12 0.00 0.001 4 
8 12 0.00 0.001 5 
8 12 0.00 0.001 6 
8 12 0.00 0.001 7 
8 12 0.00 0.001 8 
8 12 0.00 0.001 9 
8 12 0.00 0.001 10 
8 12 0.00 0.001 11 
8 12 0.00 0.001 12 
8 12 0.00 0.001 13 
8 12 0.00 0.001 14 
8 12 0.00 0.001 15 
8 12 0.00 0.001 16 
8 12 0.00 0.001 17 
8 12 0.00 0.001 18 
8 12 0.00 0.001 19 
8 12 0.00 0.001 20 
8 12 0.00 0.001 21 
8 12 0.00 0.001 22 
8 12 0.00 0.001 23 
8 12 0.00 0.001 24 
8 12 0.00 0.001 25 
8 12 0.00 0.001 26 
8 12 0.00 0.001 27 
8 12 0.00 0.001 28 
8 12 0.00 0.001 29 
8 12 0.00 0.001 30 
8 12 0.00 0.001 31 
8 12 0.00 0.001 32 
8 12 0.10 0.001 0 
8 12 0.10 0.001 1 
8 12 0.10 0.001 2 
8 12 0.10 0.001 3 
8 12 0.10 0.001 4 
8 12 0.10 0.001 5 
8 12 0.10 0.001 6 
8 12 0.10 0.001 7 
8 12 0.10 0.001 8 
8 12 0.10 0.001 9 
8 12 0.10 0.001 10 
8 12 0.10 0.001 11 
8 12 0.10 0.001 12 
8 12 0.10 0.001 13 
8 12 0.10 0.001 14 
8 12 0.10 0.001 15 
8 12 0.10 0.001 16 
8 12 0.10 0.001 17 
8 12 0.10 0.001 18 
8 12 0.10 0.001 19 
8 12 0.10 0.001 20 
8 12 0.10 0.001 21 
8 12 0.10 0.001 22 
8 12 0.10 0.001 23 
8 12 0.10 0.001 24 
8 12 0.10 0.001 25 
8 12 0.10 0.001 26 
8 12 0.10 0.001 27 
8 12 0.10 0.001 28 
8 12 0.10 0.001 29 
8 12 0.10 0.001 30 
8 12 0.10 0.001 31 
8 12 0.10 0.001 32 
8 12 0.20 0.001 0 
8 12 0.20 0.001 1 
8 12 0.20 0.001 2 
8 12 0.20 0.001 3 
8 12 0.20 0.001 4 
8 12 0.20 0.001 5 
8 12 0.20 0.001 6 
8 12 0.20 0.001 7 
8 12 0.20 0.001 8 
8 12 0.20 0.001 9 
8 12 0.20 0.001 10 
8 12 0.20 0.001 11 
8 12 0.20 0.001 12 
8 12 0.20 0.001 13 
8 12 0.20 0.001 14 
8 12 0.20 0.001 15 
8 12 0.20 0.001 16 
8 12 0.20 0.001 17 
8 12 0.20 0.001 18 
8 12 0.20 0.001 19 
8 12 0.20 0.001 20 
8 12 0.20 0.001 21 
8 12 0.20 0.001 22 
8 12 0.20 0.001 23 
8 12 0.20 0.001 24 
8 12 0.20 0.001 25 
8 12 0.20 0.001 26 
8 12 0.20 0.001 27 
8 12 0.20 0.001 28 
8 12 0.20 0.001 29 
8 12 0.20 0.001 30 
8 12 0.20 0.001 31 
8 12 0.20 0.001 32 
8 12 0.30 0.001 0 
8 12 0.30 0.001 1 
8 12 0.30 0.001 2 
8 12 0.30 0.001 3 
8 12 0.30 0.001 4 
8 12 0.30 0.001 5 
8 12 0.30 0.001 6 
8 12 0.30 0.001 7 
8 12 0.30 0.001 8 
8 12 0.30 0.001 9 
8 12 0.30 0.001 10 
8 12 0.30 0.001 11 
8 12 0.30 0.001 12 
8 12 0.30 0.001 13 
8 12 0.30 0.001 14 
8 12 0.30 0.001 15 
8 12 0.30 0.001 16 
8 12 0.30 0.001 17 
8 12 0.30 0.001 18 
8 12 0.30 0.001 19 
8 12 0.30 0.001 20 
8 12 0.30 0.001 21 
8 12 0.30 0.001 22 
8 12 0.30 0.001 23 
8 12 0.30 0.001 24 
8 12 0.30 0.001 25 
8 12 0.30 0.001 26 
8 12 0.30 0.001 27 
8 12 0.30 0.001 28 
8 12 0.30 0.001 29 
8 12 0.30 0.001 30 
8 12 0.30 0.001 31 
8 12 0.30 0.001 32 
8 12 0.40 0.001 0 
8 12 0.40 0.001 1 
8 12 0.40 0.001 2 
8 12 0.40 0.001 3 
8 12 0.40 0.001 4 
8 12 0.40 0.001 5 
8 12 0.40 0.001 6 
8 12 0.40 0.001 7 
8 12 0.40 0.001 8 
8 12 0.40 0.001 9 
8 12 0.40 0.001 10 
8 12 0.40 0.001 11 
8 12 0.40 0.001 12 
8 12 0.40 0.001 13 
8 12 0.40 0.001 14 
8 12 0.40 0.001 15 
8 12 0.40 0.001 16 
8 12 0.40 0.001 17 
8 12 0.40 0.001 18 
8 12 0.40 0.001 19 
8 12 0.40 0.001 20 
8 12 0.40 0.001 21 
8 12 0.40 0.001 22 
8 12 0.40 0.001 23 
8 12 0.40 0.001 24 
8 12 0.40 0.001 25 
8 12 0.40 0.001 26 
8 12 0.40 0.001 27 
8 12 0.40 0.001 28 
8 12 0.40 0.001 29 
8 12 0.40 0.001 30 
8 12 0.40 0.001 31 
8 12 0.40 0.001 32 
8 12 0.50 0.001 0 
8 12 0.50 0.001 1 
8 12 0.50 0.001 2 
8 12 0.50 0.001 3 
8 12 0.50 0.001 4 
8 12 0.50 0.001 5 
8 12 0.50 0.001 6 
8 12 0.50 0.001 7 
8 12 0.50 0.001 8 
8 12 0.50 0.001 9 
8 12 0.50 0.001 10 
8 12 0.50 0.001 11 
8 12 0.50 0.001 12 
8 12 0.50 0.001 13 
8 12 0.50 0.001 14 
8 12 0.50 0.001 15 
8 12 0.50 0.001 16 
8 12 0.50 0.001 17 
8 12 0.50 0.001 18 
8 12 0.50 0.001 19 
8 12 0.50 0.001 20 
8 12 0.50 0.001 21 
8 12 0.50 0.001 22 
8 12 0.50 0.001 23 
8 12 0.50 0.001 24 
8 12 0.50 0.001 25 
8 12 0.50 0.001 26 
8 12 0.50 0.001 27 
8 12 0.50 0.001 28 
8 12 0.50 0.001 29 
8 12 0.50 0.001 30 
8 12 0.50 0.001 31 
8 12 0.50 0.001 32 
8 12 0.60 0.001 0 
8 12 0.60 0.001 1 
8 12 0.60 0.001 2 
8 12 0.60 0.001 3 
8 12 0.60 0.001 4 
8 12 0.60 0.001 5 
8 12 0.60 0.001 6 
8 12 0.60 0.001 7 
8 12 0.60 0.001 8 
8 12 0.60 0.001 9 
8 12 0.60 0.001 10 
8 12 0.60 0.001 11 
8 12 0.60 0.001 12 
8 12 0.60 0.001 13 
8 12 0.60 0.001 14 
8 12 0.60 0.001 15 
8 12 0.60 0.001 16 
8 12 0.60 0.001 17 
8 12 0.60 0.001 18 
8 12 0.60 0.001 19 
8 12 0.60 0.001 20 
8 12 0.60 0.001 21 
8 12 0.60 0.001 22 
8 12 0.60 0.001 23 
8 12 0.60 0.001 24 
8 12 0.60 0.001 25 
8 12 0.60 0.001 26 
8 12 0.60 0.001 27 
8 12 0.60 0.001 28 
8 12 0.60 0.001 29 
8 12 0.60 0.001 30 
8 12 0.60 0.001 31 
8 12 0.60 0.001 32 
8 12 0.70 0.001 0 
8 12 0.70 0.001 1 
8 12 0.70 0.001 2 
8 12 0.70 0.001 3 
8 12 0.70 0.001 4 
8 12 0.70 0.001 5 
8 12 0.70 0.001 6 
8 12 0.70 0.001 7 
8 12 0.70 0.001 8 
8 12 0.70 0.001 9 
8 12 0.70 0.001 10 
8 12 0.70 0.001 11 
8 12 0.70 0.001 12 
8 12 0.70 0.001 13 
8 12 0.70 0.001 14 
8 12 0.70 0.001 15 
8 12 0.70 0.001 16 
8 12 0.70 0.001 17 
8 12 0.70 0.001 18 
8 12 0.70 0.001 19 
8 12 0.70 0.001 20 
8 12 0.70 0.001 21 
8 12 0.70 0.001 22 
8 12 0.70 0.001 23 
8 12 0.70 0.001 24 
8 12 0.70 0.001 25 
8 12 0.70 0.001 26 
8 12 0.70 0.001 27 
8 12 0.70 0.001 28 
8 12 0.70 0.001 29 
8 12 0.70 0.001 30 
8 12 0.70 0.001 31 
8 12 0.70 0.001 32 
