16 12 0.00 0.001 0 0.000992484303339 0.006873137374888
16 12 0.00 0.001 1 -0.006107941352335 0.006725091874850
16 12 0.00 0.001 2 -0.022967839990081 0.007483118928067
16 12 0.00 0.001 3 -0.037984886974760 0.005155189102558
16 12 0.00 0.001 4 -0.042163726329625 0.010292571385625
16 12 0.00 0.001 5 -0.040263928543249 0.009679664871953
16 12 0.00 0.001 6 -0.025367589191222 0.007002644831506
16 12 0.00 0.001 7 -0.009583810342868 0.012110314691941
16 12 0.00 0.001 8 0.003138592648963 0.009015055112112
16 12 0.00 0.001 9 -0.001406466739826 0.011392104306623
16 12 0.00 0.001 10 -0.014794616752592 0.007777301385567
16 12 0.00 0.001 11 -0.031202271133536 0.013335225767153
16 12 0.00 0.001 12 -0.032845661837604 0.012623044930378
16 12 0.00 0.001 13 -0.038118375420179 0.016694777448561
16 12 0.00 0.001 14 -0.021135632802754 0.014582543258837
16 12 0.00 0.001 15 
16 12 0.00 0.001 16 0.002266957964017 0.015869496919470
16 12 0.00 0.001 17 0.000226390598611 0.013157454868280
16 12 0.00 0.001 18 
16 12 0.00 0.001 19 -0.018491215142986 0.016332432810166
16 12 0.00 0.001 20 -0.025434813448418 0.018918945552088
16 12 0.00 0.001 21 -0.023250992374066 0.012877036769073
16 12 0.00 0.001 22 -0.016915987513439 0.017684271197377
16 12 0.00 0.001 23 -0.008246095293381 0.018435884295004
16 12 0.00 0.001 24 0.002067506576576 0.015387760192004
16 12 0.00 0.001 25 0.001138184160839 0.019624085230479
16 12 0.00 0.001 26 -0.003682340966782 0.016503715308379
16 12 0.00 0.001 27 -0.011039869722099 0.021691962311558
16 12 0.00 0.001 28 -0.014188193520888 0.019485188126565
16 12 0.00 0.001 29 -0.017516460854824 0.017697259802927
16 12 0.00 0.001 30 -0.002503361047089 0.015287716826669
16 12 0.00 0.001 31 -0.007804509840063 0.016660182889467
16 12 0.00 0.001 32 -0.000589490957825 0.014791722189500
16 12 0.00 0.001 33 0.001225560619978 0.013666232437697
16 12 0.00 0.001 34 -0.001729641578602 0.011521190189504
16 12 0.00 0.001 35 -0.004513367642268 0.016811823731990
16 12 0.00 0.001 36 -0.006883940384689 0.012386684601167
16 12 0.00 0.001 37 -0.007527347859592 0.012506914442047
16 12 0.00 0.001 38 -0.008850089149636 0.015542086715850
16 12 0.00 0.001 39 -0.009743464272165 0.015152530210077
16 12 0.00 0.001 40 -0.001565432697330 0.020798377776668
16 12 0.00 0.001 41 0.002340879074475 0.014655799789391
16 12 0.00 0.001 42 0.000641971783763 0.016994201108108
16 12 0.00 0.001 43 -0.001819322864398 0.012815968192252
16 12 0.00 0.001 44 -0.004765368904174 0.014722543231366
16 12 0.00 0.001 45 -0.002052438336164 0.010664591435875
16 12 0.00 0.001 46 -0.008934959536744 0.013311337176912
16 12 0.00 0.001 47 -0.005961850636663 0.019165115233639
16 12 0.00 0.001 48 0.001364554080238 0.018094525063353
16 12 0.00 0.001 49 -0.000969676747315 0.012283273715365
16 12 0.00 0.001 50 0.006625680759877 0.020677108235898
16 12 0.05 0.001 0 -0.005059736368123 0.007447386753590
16 12 0.05 0.001 1 -0.021452846677450 0.010268985206425
16 12 0.05 0.001 2 -0.043322749116977 0.009052438124718
16 12 0.05 0.001 3 -0.060100579300181 0.006552125103440
16 12 0.05 0.001 4 -0.058960211727146 0.011807298066845
16 12 0.05 0.001 5 -0.050061487633524 0.009471845645431
16 12 0.05 0.001 6 -0.032930112909076 0.010159461762741
16 12 0.05 0.001 7 -0.016011891394035 0.012853523895963
16 12 0.05 0.001 8 -0.009229451431237 0.010835598740010
16 12 0.05 0.001 9 -0.022733279649889 0.013536658868592
16 12 0.05 0.001 10 -0.037554906364740 0.018255573075258
16 12 0.05 0.001 11 -0.055527310656701 0.015413473357104
16 12 0.05 0.001 12 -0.056455841223919 0.017446600432684
16 12 0.05 0.001 13 -0.050842186775797 0.019734015993297
16 12 0.05 0.001 14 -0.035230662692430 0.023286128781403
16 12 0.05 0.001 15 -0.023691675087346 0.021140328009689
16 12 0.05 0.001 16 -0.010054737323597 0.016850971303810
16 12 0.05 0.001 17 -0.014518677428128 0.017062836572809
16 12 0.05 0.001 18 -0.021867746561688 0.017773621302770
16 12 0.05 0.001 19 -0.033636428663847 0.017010658347938
16 12 0.05 0.001 20 -0.036208985902814 0.019442647150976
16 12 0.05 0.001 21 -0.033379555275593 0.020058828822426
16 12 0.05 0.001 22 -0.018479287493530 0.017691148533616
16 12 0.05 0.001 23 -0.012023699116584 0.014993768636731
16 12 0.05 0.001 24 -0.003594176919655 0.021183029284079
16 12 0.05 0.001 25 -0.000907568800261 0.015045699652023
16 12 0.05 0.001 26 -0.003937340572777 0.017434633545495
16 12 0.05 0.001 27 -0.012766099838960 0.017745518936428
16 12 0.05 0.001 28 -0.016267338075458 0.011898203039980
16 12 0.05 0.001 29 -0.012553870970494 0.018492833428282
16 12 0.05 0.001 30 0.000465084209813 0.014995030287405
16 12 0.05 0.001 31 -0.008961639923557 0.013301421601641
16 12 0.05 0.001 32 0.001636674408327 0.013671406551966
16 12 0.05 0.001 33 -0.000272487995158 0.015963788448341
16 12 0.05 0.001 34 0.003040979807501 0.013805455310743
16 12 0.05 0.001 35 -0.003262863329733 0.014928426054735
16 12 0.05 0.001 36 -0.017526915876921 0.012746334503871
16 12 0.05 0.001 37 -0.017283606897965 0.019029580112446
16 12 0.05 0.001 38 -0.021056832135527 0.014641555723570
16 12 0.05 0.001 39 -0.009809041509905 0.016072315534664
16 12 0.05 0.001 40 -0.006514835445518 0.020152172636176
16 12 0.05 0.001 41 0.000391185397726 0.017748486277803
16 12 0.05 0.001 42 -0.004702857109069 0.018635084136806
16 12 0.05 0.001 43 -0.005137361005102 0.013869474712727
16 12 0.05 0.001 44 -0.003573882693537 0.017833240088413
16 12 0.05 0.001 45 -0.006959631447502 0.017480669580485
16 12 0.05 0.001 46 -0.011517930898001 0.014919401355754
16 12 0.05 0.001 47 -0.004638615934309 0.019062410107882
16 12 0.05 0.001 48 0.001027921406573 0.018869209634347
16 12 0.05 0.001 49 0.003636256629235 0.019197786776868
16 12 0.05 0.001 50 0.001754639502342 0.011880840679132
16 12 0.10 0.001 0 -0.000780658596954 0.010356937991362
16 12 0.10 0.001 1 -0.033795459236122 0.007081602697877
16 12 0.10 0.001 2 -0.069770083640058 0.010879865113662
16 12 0.10 0.001 3 -0.084477428935681 0.011755229975293
16 12 0.10 0.001 4 -0.083268249475877 0.010742305190367
16 12 0.10 0.001 5 
16 12 0.10 0.001 6 -0.040363026881682 0.016723797296468
16 12 0.10 0.001 7 -0.026882195975284 0.018505587793488
16 12 0.10 0.001 8 -0.024983644452529 0.010302655447015
16 12 0.10 0.001 9 -0.046734126218764 0.021981883116920
16 12 0.10 0.001 10 -0.054831839634283 0.018746364803425
16 12 0.10 0.001 11 -0.079794363548008 0.018921080982092
16 12 0.10 0.001 12 -0.081286516907377 0.024308028133554
16 12 0.10 0.001 13 -0.076230790485227 0.018899706727209
16 12 0.10 0.001 14 -0.054543825657237 0.023717000118661
16 12 0.10 0.001 15 -0.046028104155486 0.026169373783868
16 12 0.10 0.001 16 -0.030692885218264 0.023225630313694
16 12 0.10 0.001 17 -0.030292384133543 0.021252841926371
16 12 0.10 0.001 18 -0.034213022683146 0.018789376519492
16 12 0.10 0.001 19 -0.047165567584002 0.021666649321893
16 12 0.10 0.001 20 -0.043408001756489 0.022331401094277
16 12 0.10 0.001 21 -0.048323124958014 0.022851137265802
16 12 0.10 0.001 22 -0.032902244161355 0.023064708279793
16 12 0.10 0.001 23 -0.017170302019027 0.019153842606201
16 12 0.10 0.001 24 -0.006568942502168 0.016919916828329
16 12 0.10 0.001 25 0.000649313748546 0.017349497561778
16 12 0.10 0.001 26 -0.012058432681620 0.021125984759500
16 12 0.10 0.001 27 -0.013968945521283 0.027648792213258
16 12 0.10 0.001 28 -0.018797625121230 0.023173276363065
16 12 0.10 0.001 29 -0.014425323151310 0.026519631432395
16 12 0.10 0.001 30 0.002217312628157 0.019032025234253
16 12 0.10 0.001 31 -0.006280297664149 0.018001566553330
16 12 0.10 0.001 32 0.005443742825689 0.017966888332355
16 12 0.10 0.001 33 0.009895181110020 0.013844607902126
16 12 0.10 0.001 34 -0.002842646699051 0.015084493045511
16 12 0.10 0.001 35 -0.017078715736983 0.019698201831181
16 12 0.10 0.001 36 -0.011052121180990 0.018949043190651
16 12 0.10 0.001 37 -0.017517594524783 0.021130836048446
16 12 0.10 0.001 38 -0.018719943737016 0.022347462702867
16 12 0.10 0.001 39 -0.013053716291950 0.021452632579010
16 12 0.10 0.001 40 -0.008915236752617 0.019821898461662
16 12 0.10 0.001 41 -0.002290463381982 0.021199187709881
16 12 0.10 0.001 42 -0.009361944612148 0.021784996795316
16 12 0.10 0.001 43 -0.005685873593275 0.022059312555567
16 12 0.10 0.001 44 -0.006987978267280 0.018973126573007
16 12 0.10 0.001 45 -0.005669270224190 0.022236725255978
16 12 0.10 0.001 46 -0.006013507192888 0.018485938180978
16 12 0.10 0.001 47 -0.008502046531116 0.014400771459690
16 12 0.10 0.001 48 -0.007959413438526 0.024811925651449
16 12 0.10 0.001 49 -0.001736140762719 0.024461612029418
16 12 0.10 0.001 50 0.000102544714862 0.029767917084493
16 12 0.15 0.001 0 0.000339348064096 0.011018694475432
16 12 0.15 0.001 1 -0.061270514081342 0.018390406846186
16 12 0.15 0.001 2 -0.105443103348266 0.013081875436914
16 12 0.15 0.001 3 -0.135344068385480 0.023295683518920
16 12 0.15 0.001 4 -0.116937186513746 0.025853292687674
16 12 0.15 0.001 5 -0.085316646968797 0.029345354754908
16 12 0.15 0.001 6 -0.056227274194944 0.031171592205835
16 12 0.15 0.001 7 -0.051210091360712 0.025001858143600
16 12 0.15 0.001 8 -0.048287603268005 0.026832389637500
16 12 0.15 0.001 9 -0.080744461374149 0.018914212119016
16 12 0.15 0.001 10 -0.107854248626256 0.026152385243968
16 12 0.15 0.001 11 -0.115028524726595 0.038093978938225
16 12 0.15 0.001 12 -0.119173227828399 0.044132534560987
16 12 0.15 0.001 13 -0.098527804252916 0.046705904450992
16 12 0.15 0.001 14 -0.075035286522034 0.039254382255498
16 12 0.15 0.001 15 -0.077497598439702 0.037317888767510
16 12 0.15 0.001 16 -0.045263379979757 0.036266442342023
16 12 0.15 0.001 17 -0.051960941520769 0.032668084140574
16 12 0.15 0.001 18 -0.057129816377749 0.038099570289964
16 12 0.15 0.001 19 -0.064496068466477 0.039018984240585
16 12 0.15 0.001 20 -0.061842736751218 0.046126130861783
16 12 0.15 0.001 21 -0.059590335123840 0.035518657150785
16 12 0.15 0.001 22 -0.049327423427385 0.045439098729865
16 12 0.15 0.001 23 -0.022842684805176 0.052694496765315
16 12 0.15 0.001 24 -0.014376989615945 0.045372473504966
16 12 0.15 0.001 25 -0.004997040015423 0.038510623393490
16 12 0.15 0.001 26 -0.015455857934793 0.042142390665420
16 12 0.15 0.001 27 -0.020734435045394 0.041736382392711
16 12 0.15 0.001 28 -0.026207910104109 0.037127628005097
16 12 0.15 0.001 29 -0.011467660300932 0.046835749287192
16 12 0.15 0.001 30 0.003807326382750 0.030110079460217
16 12 0.15 0.001 31 0.002758262981926 0.025457930366785
16 12 0.15 0.001 32 0.006432098808411 0.030119591327212
16 12 0.15 0.001 33 -0.001040833983046 0.021603981271957
16 12 0.15 0.001 34 0.004854550440580 0.027681999836013
16 12 0.15 0.001 35 -0.007884522567195 0.027098468441644
16 12 0.15 0.001 36 -0.036882992118378 0.023400414934562
16 12 0.15 0.001 37 -0.025184411689664 0.038934915838668
16 12 0.15 0.001 38 -0.023444274093248 0.045033375556138
16 12 0.15 0.001 39 -0.023223764179435 0.044937017296298
16 12 0.15 0.001 40 -0.011089157563321 0.044809385008320
16 12 0.15 0.001 41 -0.000417731038209 0.032974363154513
16 12 0.15 0.001 42 -0.001083893246080 0.028270883263658
16 12 0.15 0.001 43 -0.000799218502216 0.030667519426580
16 12 0.15 0.001 44 -0.007894985759822 0.037921842917155
16 12 0.15 0.001 45 -0.011573567679414 0.042976230314214
16 12 0.15 0.001 46 -0.019505594132656 0.032099828664378
16 12 0.15 0.001 47 -0.004813290984500 0.040715021223880
16 12 0.15 0.001 48 -0.009371898502695 0.038287373219263
16 12 0.15 0.001 49 -0.011506396590797 0.044329567905455
16 12 0.15 0.001 50 -0.008420733203220 0.045665515663797
16 12 0.20 0.001 0 -0.001670151867749 0.033846229475510
16 12 0.20 0.001 1 -0.118007720615673 0.034262446705814
16 12 0.20 0.001 2 -0.214971702772593 0.057941114947083
16 12 0.20 0.001 3 -0.223951729457883 0.057110605055801
16 12 0.20 0.001 4 -0.229047964174869 0.057320522252085
16 12 0.20 0.001 5 -0.144593691723857 0.083002624986680
16 12 0.20 0.001 6 -0.098044947078323 0.096046587185350
16 12 0.20 0.001 7 -0.095999485441773 0.057160896978727
16 12 0.20 0.001 8 -0.110038846312141 0.058687609916587
16 12 0.20 0.001 9 -0.146316139048239 0.115856351445817
16 12 0.20 0.001 10 -0.218626749055390 0.123678454438176
16 12 0.20 0.001 11 -0.238600650986931 0.106378959765701
16 12 0.20 0.001 12 -0.191787724106446 0.123818153069779
16 12 0.20 0.001 13 -0.163794291439292 0.102789848930759
16 12 0.20 0.001 14 -0.110059126074775 0.090031320577054
16 12 0.20 0.001 15 -0.138446501729515 0.058762796680253
16 12 0.20 0.001 16 -0.053214451201506 0.088575933238634
16 12 0.20 0.001 17 -0.058111194166805 0.091540263050113
16 12 0.20 0.001 18 -0.044246022632094 0.100534676720758
16 12 0.20 0.001 19 -0.093402761850550 0.108437878752951
16 12 0.20 0.001 20 -0.090433732115512 0.108559086166274
16 12 0.20 0.001 21 
16 12 0.20 0.001 22 -0.070643917102679 0.136561305368463
16 12 0.20 0.001 23 -0.045271555770429 0.085069386135705
16 12 0.20 0.001 24 -0.066137310021718 0.118494393124247
16 12 0.20 0.001 25 -0.015089057118655 0.104517663112075
16 12 0.20 0.001 26 -0.013864760351053 0.087363625806827
16 12 0.20 0.001 27 -0.025707697379323 0.098399205308459
16 12 0.20 0.001 28 -0.008003744238728 0.117585429394651
16 12 0.20 0.001 29 0.011531230509158 0.115012632736343
16 12 0.20 0.001 30 0.003297553208645 0.124755665653204
16 12 0.20 0.001 31 -0.005720732973870 0.082306992537235
16 12 0.20 0.001 32 -0.009102008894796 0.072111016951096
16 12 0.20 0.001 33 -0.021998527983240 0.074280950264633
16 12 0.20 0.001 34 -0.026650878800440 0.086844366676139
16 12 0.20 0.001 35 -0.041161424208842 0.125255817970059
16 12 0.20 0.001 36 -0.058077042009216 0.128427133174277
16 12 0.20 0.001 37 -0.054570498698848 0.088391818463555
16 12 0.20 0.001 38 -0.018370162636613 0.114249299256374
16 12 0.20 0.001 39 -0.037468402495588 0.063306250994642
16 12 0.20 0.001 40 -0.051181566864581 0.125801699367055
16 12 0.20 0.001 41 0.015560743401362 0.088792252025052
16 12 0.20 0.001 42 0.023173103439575 0.054303202091333
16 12 0.20 0.001 43 0.000625197966606 0.034062563065796
16 12 0.20 0.001 44 0.003643015671212 0.107328478085697
16 12 0.20 0.001 45 -0.031549491740606 0.097800508354814
16 12 0.20 0.001 46 -0.020122797314733 0.113286453729284
16 12 0.20 0.001 47 0.007098560133152 0.098830841771298
16 12 0.20 0.001 48 0.007817324036782 0.102998955399806
16 12 0.20 0.001 49 -0.011593442622748 0.097656817479150
16 12 0.20 0.001 50 -0.005423438632743 0.106734487320798
16 12 0.25 0.001 0 0.043617818568032 0.923468891552611
16 12 0.25 0.001 1 -0.988766109552540 1.124050208027188
16 12 0.25 0.001 2 -0.962894591478417 1.014744060858300
16 12 0.25 0.001 3 -1.444730088194597 1.371499556814214
16 12 0.25 0.001 4 -1.275395132619072 1.773878054447556
16 12 0.25 0.001 5 -0.651939074499863 1.827221072556835
16 12 0.25 0.001 6 0.043254051473711 2.009749494850444
16 12 0.25 0.001 7 -0.148444038746936 2.225951377697125
16 12 0.25 0.001 8 -0.486460633296104 1.740471371166831
16 12 0.25 0.001 9 -0.624806541412135 2.075558017505041
16 12 0.25 0.001 10 -1.370858243924220 1.660050506856376
16 12 0.25 0.001 11 -0.284418094534145 1.240685921633862
16 12 0.25 0.001 12 -0.925301677626468 1.406028942029681
16 12 0.25 0.001 13 0.015101951817126 1.719664109368211
16 12 0.25 0.001 14 0.238135400314591 1.679431851786608
16 12 0.25 0.001 15 -0.624345707051007 2.402316701845594
16 12 0.25 0.001 16 -0.026445383092189 1.722218389155236
16 12 0.25 0.001 17 -0.643299456917451 1.746555810371786
16 12 0.25 0.001 18 -0.364577591539388 1.990855697215731
16 12 0.25 0.001 19 -0.280904482076692 1.702776130425915
16 12 0.25 0.001 20 0.490575889400742 2.044983994446114
16 12 0.25 0.001 21 0.119285296343887 1.008357624429732
16 12 0.25 0.001 22 0.239281489647436 1.966869024522915
16 12 0.25 0.001 23 -0.172675436406665 1.714857170298102
16 12 0.25 0.001 24 -0.834253589119798 3.712498171770693
16 12 0.25 0.001 25 0.454936557428754 1.815616142126593
16 12 0.25 0.001 26 0.064422028996958 2.261127966632351
16 12 0.25 0.001 27 -0.237759745475562 1.692237256392497
16 12 0.25 0.001 28 -0.542082798478201 3.106243394065829
16 12 0.25 0.001 29 0.110766420408931 2.499479676241397
16 12 0.25 0.001 30 -0.937940285426363 2.470780463722337
16 12 0.25 0.001 31 0.642479264642393 2.433259984744871
16 12 0.25 0.001 32 -0.338890501824770 2.228424914073946
16 12 0.25 0.001 33 0.162919870900538 1.821014164571924
16 12 0.25 0.001 34 0.070260792196369 2.822254429519928
16 12 0.25 0.001 35 0.209922167189408 2.029316746296959
16 12 0.25 0.001 36 0.289959911072456 2.560876040904654
16 12 0.25 0.001 37 0.217246452936579 1.689589948973834
16 12 0.25 0.001 38 -0.168004216770308 2.219105119910775
16 12 0.25 0.001 39 -0.278417088488311 1.853023891109942
16 12 0.25 0.001 40 -0.197663545138106 3.677697607340348
16 12 0.25 0.001 41 0.566781510783041 1.619366747837955
16 12 0.25 0.001 42 -0.077479917160628 1.490716189958394
16 12 0.25 0.001 43 0.153754004422858 1.153086211298032
16 12 0.25 0.001 44 0.321564402865611 2.634686591314101
16 12 0.25 0.001 45 0.199369837560567 1.442981023347653
16 12 0.25 0.001 46 0.089872472739600 2.146023120939072
16 12 0.25 0.001 47 0.119886277876252 1.750510801904644
16 12 0.25 0.001 48 -0.322931910027126 2.953277517586278
16 12 0.25 0.001 49 0.013930781873032 1.590537741466052
16 12 0.25 0.001 50 -0.526821096314329 1.655968389952130
16 12 0.30 0.001 0 0.013864330409887 0.076966364265850
16 12 0.30 0.001 1 0.235225874739578 0.092950332992705
16 12 0.30 0.001 2 0.410391105339933 0.157793417162665
16 12 0.30 0.001 3 0.410784712036101 0.172175637318947
16 12 0.30 0.001 4 0.319724664133887 0.149356583364251
16 12 0.30 0.001 5 0.176542661736176 0.137233036269646
16 12 0.30 0.001 6 0.087001467181143 0.213689597363562
16 12 0.30 0.001 7 0.105926091600500 0.275755650489486
16 12 0.30 0.001 8 0.176262768496199 0.188839457810486
16 12 0.30 0.001 9 0.279046032833985 0.197727612754627
16 12 0.30 0.001 10 0.243117933743549 0.185276508152247
16 12 0.30 0.001 11 0.282849233487317 0.306856887301689
16 12 0.30 0.001 12 0.232790103294623 0.226359896915232
16 12 0.30 0.001 13 0.197203611292285 0.268835220201159
16 12 0.30 0.001 14 0.172765552148951 0.237024895269270
16 12 0.30 0.001 15 0.189269575442939 0.164220629171249
16 12 0.30 0.001 16 0.146068387812146 0.231095240837936
16 12 0.30 0.001 17 0.175128361590565 0.242880820378676
16 12 0.30 0.001 18 0.166155932716627 0.235189284678975
16 12 0.30 0.001 19 0.157061319167276 0.199418484989883
16 12 0.30 0.001 20 0.116691329047286 0.223648576705800
16 12 0.30 0.001 21 0.184742276336421 0.250842649936801
16 12 0.30 0.001 22 0.040711163157549 0.191156181148552
16 12 0.30 0.001 23 -0.002130186746628 0.261778277794036
16 12 0.30 0.001 24 0.100184928357031 0.268286525679080
16 12 0.30 0.001 25 -0.025705660961355 0.263293245145387
16 12 0.30 0.001 26 0.041891366815388 0.212952252026052
16 12 0.30 0.001 27 0.049112249539619 0.303611682245939
16 12 0.30 0.001 28 -0.012613546339104 0.226382873642189
16 12 0.30 0.001 29 0.051992087436076 0.333131359896172
16 12 0.30 0.001 30 0.044159016076079 0.262467076279240
16 12 0.30 0.001 31 -0.041080792339082 0.191616752222965
16 12 0.30 0.001 32 0.084154538620860 0.169905626840179
16 12 0.30 0.001 33 0.093765533451017 0.156438639800979
16 12 0.30 0.001 34 0.104189627494369 0.188499534944670
16 12 0.30 0.001 35 0.203959097525403 0.265077188112544
16 12 0.30 0.001 36 0.127016111290716 0.263530730903752
16 12 0.30 0.001 37 0.101550842462955 0.196638585902408
16 12 0.30 0.001 38 0.054325387381950 0.237123938306070
16 12 0.30 0.001 39 0.091066978120776 0.225566271237739
16 12 0.30 0.001 40 0.022490331368567 0.362124025196880
16 12 0.30 0.001 41 -0.023706191681118 0.198695627008205
16 12 0.30 0.001 42 0.089741243672494 0.168236067867598
16 12 0.30 0.001 43 0.042094510780337 0.117481137540993
16 12 0.30 0.001 44 0.081983787859979 0.177488443890985
16 12 0.30 0.001 45 0.059650546388792 0.251354891078668
16 12 0.30 0.001 46 0.098349913265753 0.215323643314995
16 12 0.30 0.001 47 0.003899362832619 0.195335001430965
16 12 0.30 0.001 48 0.003085163997648 0.329664429075823
16 12 0.30 0.001 49 0.042838506408485 0.249732816731173
16 12 0.30 0.001 50 0.096189960483762 0.193722565862052
16 12 0.35 0.001 0 -0.002700469905836 0.018358891786693
16 12 0.35 0.001 1 0.104377130262829 0.018243489027655
16 12 0.35 0.001 2 0.156981948579707 0.024595096647634
16 12 0.35 0.001 3 0.165152845427888 0.032447915832293
16 12 0.35 0.001 4 0.115416306383315 0.033299265792851
16 12 0.35 0.001 5 0.064954447075247 0.030241413614561
16 12 0.35 0.001 6 0.043316228632985 0.029804499209088
16 12 0.35 0.001 7 0.048910520220278 0.036120466777266
16 12 0.35 0.001 8 0.083466067931022 0.034141920762055
16 12 0.35 0.001 9 0.156056813055062 0.060182640146393
16 12 0.35 0.001 10 0.158059078896424 0.042214000470471
16 12 0.35 0.001 11 0.167987447921076 0.060898392435190
16 12 0.35 0.001 12 0.155567966084430 0.060931280271794
16 12 0.35 0.001 13 0.105176500730123 0.063859051207292
16 12 0.35 0.001 14 0.118003842967024 0.042434660699109
16 12 0.35 0.001 15 0.134081747899086 0.056500661289578
16 12 0.35 0.001 16 0.091062418096833 0.042951420087337
16 12 0.35 0.001 17 0.136379840196027 0.058289991039482
16 12 0.35 0.001 18 0.120238318905835 0.040038790922774
16 12 0.35 0.001 19 0.111335157871377 0.062866407406515
16 12 0.35 0.001 20 0.095514445455189 0.065186808398869
16 12 0.35 0.001 21 0.069072396457939 0.050511049668170
16 12 0.35 0.001 22 0.049375536391416 0.057599123285380
16 12 0.35 0.001 23 0.060195340436846 0.057063335254699
16 12 0.35 0.001 24 0.065539655971627 0.051912970575745
16 12 0.35 0.001 25 0.062356079257211 0.059444956485738
16 12 0.35 0.001 26 0.071940189176862 0.048824226074940
16 12 0.35 0.001 27 0.054309716675978 0.072973559508906
16 12 0.35 0.001 28 0.038252879119352 0.061033346989470
16 12 0.35 0.001 29 0.013930088493667 0.072990332960392
16 12 0.35 0.001 30 0.049278573303869 0.055213837834235
16 12 0.35 0.001 31 0.018372036875480 0.036600652617074
16 12 0.35 0.001 32 0.048099823076658 0.030815299725481
16 12 0.35 0.001 33 0.044902867557396 0.037710452631515
16 12 0.35 0.001 34 0.073470660359264 0.038306789648484
16 12 0.35 0.001 35 0.073902243326333 0.070267676406476
16 12 0.35 0.001 36 0.073486401494332 0.078380091872123
16 12 0.35 0.001 37 0.072622842922616 0.046254673948252
16 12 0.35 0.001 38 0.063782782444834 0.052968521411591
16 12 0.35 0.001 39 0.055126417495237 0.057935760426986
16 12 0.35 0.001 40 0.064075163496121 0.066634283317814
16 12 0.35 0.001 41 0.040431121125677 0.043296477989171
16 12 0.35 0.001 42 0.035948147084805 0.039606587114698
16 12 0.35 0.001 43 0.039057862098923 0.032508194557860
16 12 0.35 0.001 44 0.040317054899468 0.039255332679600
16 12 0.35 0.001 45 0.060557692872563 0.044649886117019
16 12 0.35 0.001 46 0.024016929685958 0.060187358747312
16 12 0.35 0.001 47 0.027095927029362 0.044755319398616
16 12 0.35 0.001 48 0.020140109575685 0.056787556293563
16 12 0.35 0.001 49 0.026756880876537 0.072991405565097
16 12 0.35 0.001 50 0.031480065893606 0.054876784430972
16 12 0.40 0.001 0 -0.001376099729640 0.010171949930083
16 12 0.40 0.001 1 0.065062427716218 0.012872534843186
16 12 0.40 0.001 2 0.098962766374462 0.010819452000039
16 12 0.40 0.001 3 0.092093495263141 0.014480770750377
16 12 0.40 0.001 4 0.063935039383497 0.015801557427335
16 12 0.40 0.001 5 0.035789503267406 0.015305482570364
16 12 0.40 0.001 6 0.022432212645761 0.016834909834690
16 12 0.40 0.001 7 0.039295185590991 0.015631947884373
16 12 0.40 0.001 8 0.068806346155293 0.017015028641215
16 12 0.40 0.001 9 0.100547337803480 0.015906784565616
16 12 0.40 0.001 10 0.120118336484808 0.038544125572953
16 12 0.40 0.001 11 0.122292240192447 0.029338800143249
16 12 0.40 0.001 12 0.091147566058810 0.026086764569833
16 12 0.40 0.001 13 0.067476703626018 0.030321010683228
16 12 0.40 0.001 14 0.056714091139475 0.034603384121738
16 12 0.40 0.001 15 0.127297214743396 0.020856429701199
16 12 0.40 0.001 16 0.080677096188418 0.026043118769125
16 12 0.40 0.001 17 0.103603512903253 0.024251260104216
16 12 0.40 0.001 18 0.109607573002443 0.033467207602892
16 12 0.40 0.001 19 0.084788834328897 0.027865335331937
16 12 0.40 0.001 20 0.079392084591929 0.031591523496922
16 12 0.40 0.001 21 0.065009330251422 0.026337206296653
16 12 0.40 0.001 22 0.065549359376099 0.028696019945796
16 12 0.40 0.001 23 0.052825496387011 0.032733723108794
16 12 0.40 0.001 24 0.068146942010617 0.038464695816508
16 12 0.40 0.001 25 0.072027554661403 0.021615255203873
16 12 0.40 0.001 26 0.072393090755893 0.027239195083812
16 12 0.40 0.001 27 0.053954113530255 0.033639149439091
16 12 0.40 0.001 28 0.047777281345596 0.030572220671880
16 12 0.40 0.001 29 0.031065827644957 0.026915842943757
16 12 0.40 0.001 30 0.052104524883349 0.023708746514224
16 12 0.40 0.001 31 0.023938234321079 0.024120773905300
16 12 0.40 0.001 32 0.037001800678896 0.017897347755625
16 12 0.40 0.001 33 0.047138561162730 0.017548839801742
16 12 0.40 0.001 34 0.052477665446295 0.018241521514240
16 12 0.40 0.001 35 0.058133533401420 0.030787969811817
16 12 0.40 0.001 36 0.058041927361773 0.028420631829726
16 12 0.40 0.001 37 0.053656373855554 0.030288537155449
16 12 0.40 0.001 38 0.043481163582190 0.027001243190403
16 12 0.40 0.001 39 0.043836444698618 0.031660285567439
16 12 0.40 0.001 40 0.044051569877746 0.035956159502461
16 12 0.40 0.001 41 0.047873864345882 0.027324617548877
16 12 0.40 0.001 42 0.042276987036649 0.020741006512293
16 12 0.40 0.001 43 0.034063843779479 0.022159274113652
16 12 0.40 0.001 44 0.034567348551607 0.019115142688454
16 12 0.40 0.001 45 0.036879205768007 0.024284830878451
16 12 0.40 0.001 46 0.020190498794672 0.026465380149299
16 12 0.40 0.001 47 0.024918126397868 0.023762160929228
16 12 0.40 0.001 48 0.031251549289249 0.028714750401832
16 12 0.40 0.001 49 0.023362415614278 0.025446081828818
16 12 0.40 0.001 50 0.031182281241581 0.016898680526219
16 12 0.45 0.001 0 -0.000175205702945 0.007393265418966
16 12 0.45 0.001 1 0.050830401242508 0.008287218666785
16 12 0.45 0.001 2 0.070959851191067 0.010230689190022
16 12 0.45 0.001 3 0.059775203272174 0.011259310889763
16 12 0.45 0.001 4 0.036053415676211 0.013789895009670
16 12 0.45 0.001 5 0.015039247446371 0.011860482244136
16 12 0.45 0.001 6 0.009080280700954 0.011152122740248
16 12 0.45 0.001 7 0.025341128752275 0.012091108494184
16 12 0.45 0.001 8 0.048424355110980 0.015182439834470
16 12 0.45 0.001 9 0.075702383027127 0.009167133469387
16 12 0.45 0.001 10 0.088767120543054 0.015562515744606
16 12 0.45 0.001 11 0.079640474503191 0.016120769999102
16 12 0.45 0.001 12 0.070953190126729 0.019617354216920
16 12 0.45 0.001 13 0.046153005084237 0.019452784212161
16 12 0.45 0.001 14 0.041359744102699 0.017831261453535
16 12 0.45 0.001 15 0.089871608528582 0.016594115054779
16 12 0.45 0.001 16 0.063767672424839 0.016801485961399
16 12 0.45 0.001 17 0.087640464712981 0.015693425905384
16 12 0.45 0.001 18 0.093939012224533 0.022137325466532
16 12 0.45 0.001 19 0.080217636611161 0.014377863627940
16 12 0.45 0.001 20 0.068279169293331 0.022027837816401
16 12 0.45 0.001 21 0.053542185741374 0.020274247850999
16 12 0.45 0.001 22 0.055765939606430 0.021837272629563
16 12 0.45 0.001 23 0.037237009748062 0.024507454545968
16 12 0.45 0.001 24 0.061351240501823 0.023601084900310
16 12 0.45 0.001 25 0.067899035006163 0.020974222592108
16 12 0.45 0.001 26 0.066266798546617 0.017304601251478
16 12 0.45 0.001 27 0.060774157107783 0.019303607476983
16 12 0.45 0.001 28 0.046204406757458 0.021163316008479
16 12 0.45 0.001 29 0.031614321832040 0.014644852616085
16 12 0.45 0.001 30 0.055809940455607 0.012733166157269
16 12 0.45 0.001 31 0.030128086035153 0.017717015039987
16 12 0.45 0.001 32 0.037513583132511 0.014074630581853
16 12 0.45 0.001 33 0.051502443212224 0.012443788997004
16 12 0.45 0.001 34 0.045462026194349 0.016909968288400
16 12 0.45 0.001 35 0.054741063498592 0.013224749859154
16 12 0.45 0.001 36 0.047075949084533 0.015277672354388
16 12 0.45 0.001 37 0.049757951790826 0.015166604192340
16 12 0.45 0.001 38 0.033223009445305 0.021544951000974
16 12 0.45 0.001 39 0.038064775138317 0.019205912603220
16 12 0.45 0.001 40 0.039248933996789 0.024522476261250
16 12 0.45 0.001 41 0.037927196033751 0.018060803056422
16 12 0.45 0.001 42 0.036491971275964 0.017575438224806
16 12 0.45 0.001 43 0.039230026507743 0.015612366625667
16 12 0.45 0.001 44 0.038180684897014 0.016055632074220
16 12 0.45 0.001 45 0.044563953818030 0.015490980959248
16 12 0.45 0.001 46 0.020529070068678 0.017574133129038
16 12 0.45 0.001 47 0.025744079931233 0.020644344439998
16 12 0.45 0.001 48 0.029343823135004 0.019338296941770
16 12 0.45 0.001 49 0.026009383947549 0.022848294191326
16 12 0.45 0.001 50 0.029291388772249 0.016632710565484
16 12 0.50 0.001 0 0.000787037774153 0.011404861575344
16 12 0.50 0.001 1 0.035101151536883 0.008757305867507
16 12 0.50 0.001 2 0.046791055156792 0.008446779343381
16 12 0.50 0.001 3 0.036639597022819 0.009703867309680
16 12 0.50 0.001 4 0.015260529413466 0.010334795753372
16 12 0.50 0.001 5 -0.000497378545036 0.011701435306950
16 12 0.50 0.001 6 -0.002426412387645 0.008302240606125
16 12 0.50 0.001 7 0.015044022912902 0.010710442879968
16 12 0.50 0.001 8 0.035588337098929 0.008455583708476
16 12 0.50 0.001 9 0.056062867085564 0.013180419736211
16 12 0.50 0.001 10 0.065106494994338 0.013371426971387
16 12 0.50 0.001 11 0.062794852421114 0.017455320974038
16 12 0.50 0.001 12 0.038352061156001 0.014505801243435
16 12 0.50 0.001 13 0.030349581812123 0.012626965562433
16 12 0.50 0.001 14 0.030058848689051 0.015761308596360
16 12 0.50 0.001 15 0.077980774206178 0.010898322245278
16 12 0.50 0.001 16 0.056033750369042 0.013479968252462
16 12 0.50 0.001 17 0.067312492451938 0.014978394676370
16 12 0.50 0.001 18 0.079858544000285 0.017404028248880
16 12 0.50 0.001 19 0.064594708562658 0.009545920341644
16 12 0.50 0.001 20 0.054766494341673 0.017710911194077
16 12 0.50 0.001 21 0.048209259939528 0.021166362318658
16 12 0.50 0.001 22 0.047231019660778 0.017468268438081
16 12 0.50 0.001 23 0.032421814114245 0.016732455401518
16 12 0.50 0.001 24 0.047001255611401 0.016386939526036
16 12 0.50 0.001 25 0.061032496684030 0.015627133242616
16 12 0.50 0.001 26 0.067256310907042 0.015531889230777
16 12 0.50 0.001 27 0.052820328145281 0.014811681247098
16 12 0.50 0.001 28 0.046555491613311 0.017103850630336
16 12 0.50 0.001 29 0.040513220629845 0.018162744056306
16 12 0.50 0.001 30 0.058305633688663 0.012678354658804
16 12 0.50 0.001 31 0.029373243287827 0.010246074078116
16 12 0.50 0.001 32 0.039806214686233 0.009734879396246
16 12 0.50 0.001 33 0.048674997693211 0.010319051809597
16 12 0.50 0.001 34 0.046284810758653 0.014977642684769
16 12 0.50 0.001 35 0.048593991296954 0.013664483787483
16 12 0.50 0.001 36 0.048364282568761 0.008209677235304
16 12 0.50 0.001 37 0.047079245060862 0.010563978689031
16 12 0.50 0.001 38 0.022839418319436 0.016446458482446
16 12 0.50 0.001 39 0.034078040470323 0.017176076554010
16 12 0.50 0.001 40 0.039894092982897 0.017191065474390
16 12 0.50 0.001 41 0.044481935504493 0.018678164599001
16 12 0.50 0.001 42 0.038728720500009 0.012315102062322
16 12 0.50 0.001 43 0.039748500376551 0.011892655812593
16 12 0.50 0.001 44 0.036763096789003 0.015948890065422
16 12 0.50 0.001 45 0.039398440395236 0.016254641663051
16 12 0.50 0.001 46 0.023744410821304 0.016593167377225
16 12 0.50 0.001 47 0.021557376795849 0.014594900084722
16 12 0.50 0.001 48 0.027037880929734 0.016093319992410
16 12 0.50 0.001 49 0.026926589702686 0.015043039624644
16 12 0.50 0.001 50 0.024880887214027 0.017821879554133
16 12 0.55 0.001 0 0.001609503790393 0.007477871343327
16 12 0.55 0.001 1 0.024091700037267 0.011969095778497
16 12 0.55 0.001 2 0.026663837698037 0.009643054210081
16 12 0.55 0.001 3 0.014822613401849 0.009542862080945
16 12 0.55 0.001 4 -0.003616032519306 0.007153322876979
16 12 0.55 0.001 5 -0.012759832160098 0.011012147515262
16 12 0.55 0.001 6 -0.006894505045176 0.011973881998709
16 12 0.55 0.001 7 0.010224965763429 0.009740841569599
16 12 0.55 0.001 8 0.024949598182431 0.008913148377085
16 12 0.55 0.001 9 0.045263141570525 0.010123654862253
16 12 0.55 0.001 10 0.042164353273406 0.011114598701224
16 12 0.55 0.001 11 0.034899303736706 0.011156631081973
16 12 0.55 0.001 12 0.021790380425214 0.009125458001498
16 12 0.55 0.001 13 0.014439558369639 0.013959061632813
16 12 0.55 0.001 14 0.016910175305156 0.011598776025169
16 12 0.55 0.001 15 0.059628907659644 0.011502367482744
16 12 0.55 0.001 16 0.047055051472815 0.010117824434703
16 12 0.55 0.001 17 0.057463826912910 0.015947348969913
16 12 0.55 0.001 18 0.061083361369416 0.015594035375324
16 12 0.55 0.001 19 0.052601052188614 0.015841283277492
16 12 0.55 0.001 20 0.043328960656611 0.014456750572620
16 12 0.55 0.001 21 0.038659788942186 0.018593394189882
16 12 0.55 0.001 22 0.031993536157004 0.016832100781647
16 12 0.55 0.001 23 0.030422126980015 0.014063768992966
16 12 0.55 0.001 24 0.046856786642040 0.016157856804101
16 12 0.55 0.001 25 0.059396268239356 0.013843415599702
16 12 0.55 0.001 26 0.057686928190941 0.013634266464426
16 12 0.55 0.001 27 0.055537168568911 0.014307366169470
16 12 0.55 0.001 28 0.046696797933635 0.015981858743537
16 12 0.55 0.001 29 0.041609507132194 0.016982926078412
16 12 0.55 0.001 30 0.059328031222771 0.015023601214619
16 12 0.55 0.001 31 0.037337734210706 0.011488324633363
16 12 0.55 0.001 32 0.042564482448333 0.012208727675018
16 12 0.55 0.001 33 0.050121376177695 0.014128462572235
16 12 0.55 0.001 34 0.047446291987948 0.011724999841525
16 12 0.55 0.001 35 0.045267111692176 0.010578218867224
16 12 0.55 0.001 36 0.040320445123440 0.013044087352987
16 12 0.55 0.001 37 0.039413361355932 0.011622239775165
16 12 0.55 0.001 38 0.021052348698259 0.016920863979642
16 12 0.55 0.001 39 0.034195458175985 0.012055334051839
16 12 0.55 0.001 40 0.035323331631118 0.019048263799953
16 12 0.55 0.001 41 0.041284772277038 0.016353481691802
16 12 0.55 0.001 42 0.036277172456408 0.012155128280744
16 12 0.55 0.001 43 0.038849474849266 0.014121028191904
16 12 0.55 0.001 44 0.032038598491468 0.008052904041450
16 12 0.55 0.001 45 0.040475630999537 0.016794142166181
16 12 0.55 0.001 46 0.021911308188822 0.011555114211868
16 12 0.55 0.001 47 0.023720426680506 0.013936389067402
16 12 0.55 0.001 48 0.024139546936883 0.010212461587638
16 12 0.55 0.001 49 0.023048697727678 0.015839297496637
16 12 0.55 0.001 50 0.027520647655652 0.010120726259979
16 12 0.60 0.001 0 0.000502945088232 0.008603147462334
16 12 0.60 0.001 1 0.011955873205629 0.007768681926465
16 12 0.60 0.001 2 0.006546479016186 0.007476890039603
16 12 0.60 0.001 3 -0.006406603086906 0.007543524520551
16 12 0.60 0.001 4 -0.023273892468765 0.010913897632601
16 12 0.60 0.001 5 -0.023355549910770 0.011801687477910
16 12 0.60 0.001 6 -0.016650999816265 0.013274784250741
16 12 0.60 0.001 7 0.000149625913828 0.011744603011981
16 12 0.60 0.001 8 0.013391983190080 0.009356016485417
16 12 0.60 0.001 9 0.026532590426261 0.013009994811694
16 12 0.60 0.001 10 0.023389626227791 0.015191674170909
16 12 0.60 0.001 11 0.011711027922121 0.018083305342356
16 12 0.60 0.001 12 -0.004054211924270 0.013408939697218
16 12 0.60 0.001 13 -0.005455600486714 0.019369952681508
16 12 0.60 0.001 14 0.005934341683969 0.016570552100562
16 12 0.60 0.001 15 0.043522339324183 0.011975562563567
16 12 0.60 0.001 16 0.033742055516537 0.011335504272665
16 12 0.60 0.001 17 0.045956247892639 0.008992775332838
16 12 0.60 0.001 18 0.053356032909281 0.016590474259416
16 12 0.60 0.001 19 0.040026327143735 0.018890612281930
16 12 0.60 0.001 20 0.031561076440947 0.022576423018221
16 12 0.60 0.001 21 0.020827926537227 0.017422593623368
16 12 0.60 0.001 22 0.024417858321690 0.018112102221341
16 12 0.60 0.001 23 0.020393593050199 0.018147589240173
16 12 0.60 0.001 24 0.039993682865806 0.017197386295763
16 12 0.60 0.001 25 0.056761043467061 0.019019765346666
16 12 0.60 0.001 26 0.052938031515988 0.012242592857428
16 12 0.60 0.001 27 0.050853299677675 0.013405945196151
16 12 0.60 0.001 28 0.046796577303735 0.017789435359704
16 12 0.60 0.001 29 0.042968584357609 0.019122425998893
16 12 0.60 0.001 30 0.064087994983479 0.014917127097075
16 12 0.60 0.001 31 0.033604625848375 0.013210167095978
16 12 0.60 0.001 32 0.043143895153772 0.012936088105851
16 12 0.60 0.001 33 0.049927046952166 0.014749548958910
16 12 0.60 0.001 34 0.043923083506280 0.016278434250448
16 12 0.60 0.001 35 0.043559022957032 0.012880239616676
16 12 0.60 0.001 36 0.040698866904085 0.015242103333597
16 12 0.60 0.001 37 0.039415413828922 0.019999051353189
16 12 0.60 0.001 38 0.025276682847230 0.019773628074726
16 12 0.60 0.001 39 0.031161702034526 0.013501551728076
16 12 0.60 0.001 40 0.032210661875240 0.014199065220776
16 12 0.60 0.001 41 0.031154502859404 0.015026647557465
16 12 0.60 0.001 42 0.041700114382401 0.011539637341650
16 12 0.60 0.001 43 0.038575310856577 0.015964656509775
16 12 0.60 0.001 44 0.032485495538181 0.020241565697533
16 12 0.60 0.001 45 0.038562089022003 0.015593640141771
16 12 0.60 0.001 46 0.020246969567789 0.016963543299520
16 12 0.60 0.001 47 0.027222234348620 0.022291996191980
16 12 0.60 0.001 48 0.023278472771134 0.018041248880596
16 12 0.60 0.001 49 0.026441585858283 0.011826402681126
16 12 0.60 0.001 50 0.028408793683215 0.024386670233947
16 12 0.65 0.001 0 0.001092096300421 0.008695522589786
16 12 0.65 0.001 1 -0.004110021435923 0.009454236622092
16 12 0.65 0.001 2 -0.018253722630652 0.013808239342986
16 12 0.65 0.001 3 -0.040099268894825 0.015073915950929
16 12 0.65 0.001 4 -0.049996573126015 0.015936377800248
16 12 0.65 0.001 5 -0.045923394670538 0.013847910022379
16 12 0.65 0.001 6 -0.032120423251272 0.020950891447062
16 12 0.65 0.001 7 -0.009337867870013 0.016431775886145
16 12 0.65 0.001 8 -0.002456791564089 0.015882086395422
16 12 0.65 0.001 9 -0.002717143509082 0.021729165254986
16 12 0.65 0.001 10 -0.000119262723125 0.019091363818591
16 12 0.65 0.001 11 -0.018090509298379 0.030186238104179
16 12 0.65 0.001 12 -0.028209155358829 0.028255345350785
16 12 0.65 0.001 13 -0.029425611427899 0.027975131141697
16 12 0.65 0.001 14 -0.014216289808425 0.022118194625716
16 12 0.65 0.001 15 0.023070911484546 0.020563958920486
16 12 0.65 0.001 16 0.023290836474521 0.023797846523937
16 12 0.65 0.001 17 0.041337675562469 0.027582645371020
16 12 0.65 0.001 18 0.039477912636735 0.022051612727541
16 12 0.65 0.001 19 0.033563293956101 0.034612119248280
16 12 0.65 0.001 20 0.013165108855120 0.020952145534840
16 12 0.65 0.001 21 0.015063915416538 0.020755482977464
16 12 0.65 0.001 22 0.015374281455959 0.024479440387496
16 12 0.65 0.001 23 0.019362488071339 0.031298040931266
16 12 0.65 0.001 24 0.033832356905555 0.031036199938171
16 12 0.65 0.001 25 0.041937145229728 0.027621661020973
16 12 0.65 0.001 26 0.047240374943521 0.020450303402319
16 12 0.65 0.001 27 0.048816516748841 0.028417941878293
16 12 0.65 0.001 28 0.039724222574555 0.027533594967106
16 12 0.65 0.001 29 0.042110286280572 0.023170959776131
16 12 0.65 0.001 30 0.069896104555601 0.023840902654075
16 12 0.65 0.001 31 0.033134125628130 0.018081754525717
16 12 0.65 0.001 32 0.043841432152304 0.014618830223385
16 12 0.65 0.001 33 0.045916381568137 0.010569037408651
16 12 0.65 0.001 34 0.040561016340787 0.018180470775098
16 12 0.65 0.001 35 0.031866798448094 0.015975166364771
16 12 0.65 0.001 36 0.035903521096167 0.026097604659424
16 12 0.65 0.001 37 0.027640713077737 0.026699933313019
16 12 0.65 0.001 38 0.016256554923813 0.026487144454426
16 12 0.65 0.001 39 0.028273412473426 0.020404231040509
16 12 0.65 0.001 40 0.031628410665215 0.027099812303472
16 12 0.65 0.001 41 0.032312848760498 0.021844839574928
16 12 0.65 0.001 42 0.037806096618864 0.019235115166534
16 12 0.65 0.001 43 0.033937291027975 0.015617615291643
16 12 0.65 0.001 44 0.032680313757745 0.018400886711695
16 12 0.65 0.001 45 0.037326027150057 0.019218314797117
16 12 0.65 0.001 46 0.017666523615397 0.022664309602458
16 12 0.65 0.001 47 0.019523256665729 0.021804038824687
16 12 0.65 0.001 48 0.024391339757302 0.022886251519287
16 12 0.65 0.001 49 0.027847019191025 0.016702995436805
16 12 0.65 0.001 50 0.029375018820117 0.028411724610186
16 12 0.70 0.001 0 -0.000875726487473 0.014434544490591
16 12 0.70 0.001 1 -0.036127716966372 0.014366639297969
16 12 0.70 0.001 2 -0.076210239543760 0.022515727772799
16 12 0.70 0.001 3 -0.099248883762488 0.022304246054846
16 12 0.70 0.001 4 -0.100966396464449 0.031519037705032
16 12 0.70 0.001 5 -0.080995945990669 0.038732299154054
16 12 0.70 0.001 6 -0.040693699505344 0.036641766280257
16 12 0.70 0.001 7 -0.040923537775919 0.038006577585689
16 12 0.70 0.001 8 -0.011584816292679 0.025783054579264
16 12 0.70 0.001 9 -0.038685386101549 0.041737200918157
16 12 0.70 0.001 10 -0.063785769158810 0.055900103341945
16 12 0.70 0.001 11 -0.072818174238994 0.053039895103833
16 12 0.70 0.001 12 -0.061899534861977 0.047635544289406
16 12 0.70 0.001 13 -0.062066366610612 0.041889983826202
16 12 0.70 0.001 14 -0.039757741639544 0.054386553319266
16 12 0.70 0.001 15 -0.000474472558408 0.035604609376188
16 12 0.70 0.001 16 0.002003715682830 0.050118635413621
16 12 0.70 0.001 17 0.023448796444721 0.039758408366651
16 12 0.70 0.001 18 0.026104408457475 0.044143145061219
16 12 0.70 0.001 19 0.002947412902478 0.062113796268450
16 12 0.70 0.001 20 -0.002071012027596 0.058655049749102
16 12 0.70 0.001 21 0.006629948599179 0.052105288959909
16 12 0.70 0.001 22 0.024123203158767 0.051227892039774
16 12 0.70 0.001 23 0.030339774319188 0.076611339485123
16 12 0.70 0.001 24 0.021442791764128 0.052258790200534
16 12 0.70 0.001 25 0.040184247953554 0.050117366518170
16 12 0.70 0.001 26 0.055746877105065 0.048940019610205
16 12 0.70 0.001 27 0.037844970668222 0.046231480469630
16 12 0.70 0.001 28 0.019089537308555 0.064189132682514
16 12 0.70 0.001 29 0.046459500551045 0.046289740211359
16 12 0.70 0.001 30 0.064556665474944 0.039232514726849
16 12 0.70 0.001 31 0.033482215232775 0.034438862645612
16 12 0.70 0.001 32 0.043872998507708 0.029022936662347
16 12 0.70 0.001 33 0.055845882716773 0.028695593784438
16 12 0.70 0.001 34 0.050907978288004 0.034728338185244
16 12 0.70 0.001 35 0.030891074748850 0.059628614297615
16 12 0.70 0.001 36 0.035788477794802 0.055597166788405
16 12 0.70 0.001 37 0.029689544204966 0.060245169156449
16 12 0.70 0.001 38 0.028374111980537 0.060667179893306
16 12 0.70 0.001 39 0.017131527551915 0.037915663535525
16 12 0.70 0.001 40 0.008465198704087 0.065148138445344
16 12 0.70 0.001 41 0.044387960172707 0.030442669956053
16 12 0.70 0.001 42 0.038059045165097 0.030387293748550
16 12 0.70 0.001 43 0.047095272409075 0.026451064808679
16 12 0.70 0.001 44 0.016020385240495 0.043255051891666
16 12 0.70 0.001 45 0.031249614108899 0.055149606349061
16 12 0.70 0.001 46 0.001528227855044 0.036529688981224
16 12 0.70 0.001 47 0.011297786649882 0.043680184591406
16 12 0.70 0.001 48 0.010861509856569 0.046488564179579
16 12 0.70 0.001 49 0.033912019805971 0.041485642223066
16 12 0.70 0.001 50 0.018990333897474 0.041933022887628
16 12 0.75 0.001 0 0.010633828523589 0.076699127131936
16 12 0.75 0.001 1 -0.140010353274052 0.103374729449303
16 12 0.75 0.001 2 -0.264865262235808 0.120751411717260
16 12 0.75 0.001 3 -0.315809736255746 0.160472519824605
16 12 0.75 0.001 4 -0.310172640869297 0.164244707638618
16 12 0.75 0.001 5 -0.226958758135380 0.196996492014907
16 12 0.75 0.001 6 -0.129520419567427 0.201466338917625
16 12 0.75 0.001 7 -0.034198572319311 0.171036536261373
16 12 0.75 0.001 8 -0.130845556549444 0.194028756529548
16 12 0.75 0.001 9 -0.159973038868602 0.278805762443622
16 12 0.75 0.001 10 -0.195119460513626 0.306689473817282
16 12 0.75 0.001 11 -0.212143042035260 0.210433153782764
16 12 0.75 0.001 12 -0.085207959402495 0.178661831463626
16 12 0.75 0.001 13 -0.089096220255602 0.348050190614566
16 12 0.75 0.001 14 -0.099449097217352 0.182906897029700
16 12 0.75 0.001 15 -0.062259975358307 0.173583620278344
16 12 0.75 0.001 16 -0.025292419080290 0.179466828761811
16 12 0.75 0.001 17 0.047005515894858 0.225449017298719
16 12 0.75 0.001 18 -0.021612427092402 0.174708563869808
16 12 0.75 0.001 19 0.010927378468143 0.210871619842381
16 12 0.75 0.001 20 0.018532603517016 0.207611618137594
16 12 0.75 0.001 21 0.020845926253663 0.209810805170948
16 12 0.75 0.001 22 0.076144208410957 0.237059925134504
16 12 0.75 0.001 23 0.016694035452199 0.233640330186421
16 12 0.75 0.001 24 -0.051770163103496 0.267245655271890
16 12 0.75 0.001 25 0.055404147584182 0.194750871055530
16 12 0.75 0.001 26 0.109640435080738 0.146261175255903
16 12 0.75 0.001 27 0.050287639478035 0.154226290277305
16 12 0.75 0.001 28 0.045177578299911 0.324390557398628
16 12 0.75 0.001 29 0.074484652746633 0.355749583303004
16 12 0.75 0.001 30 0.041837161042237 0.303412340019947
16 12 0.75 0.001 31 0.086398113231876 0.190625864689815
16 12 0.75 0.001 32 0.019126701008532 0.116025319234291
16 12 0.75 0.001 33 0.010255268828927 0.196189535527599
16 12 0.75 0.001 34 -0.013933063206408 0.224884701723628
16 12 0.75 0.001 35 -0.017314545902095 0.297565635400648
16 12 0.75 0.001 36 -0.025445964319741 0.305632105676568
16 12 0.75 0.001 37 -0.008051804213476 0.167552886902879
16 12 0.75 0.001 38 -0.063759424087241 0.240072082863761
16 12 0.75 0.001 39 0.012140062557186 0.257173455764825
16 12 0.75 0.001 40 0.001529803004216 0.365855900751794
16 12 0.75 0.001 41 0.095622725112077 0.292115035716363
16 12 0.75 0.001 42 0.034085584914609 0.116319051729398
16 12 0.75 0.001 43 0.038465682305262 0.094297505167806
16 12 0.75 0.001 44 0.031471950122010 0.246873428457523
16 12 0.75 0.001 45 0.032934836490079 0.259473471619916
16 12 0.75 0.001 46 0.025149771500475 0.173886643547350
16 12 0.75 0.001 47 0.017099136369934 0.207947943338809
16 12 0.75 0.001 48 -0.006621506037622 0.231873967131654
16 12 0.75 0.001 49 0.009467265271121 0.226346906496196
16 12 0.75 0.001 50 0.093677169471380 0.240797108528721
#Ls   Lt  mu  ma  nfluxes AxialCurrent Err
