#Ls   Lt  mu  ma  nfluxes AxialCurrent Err
12 24 0.05 0.001 0 nan nan
12 24 0.05 0.001 1 nan nan
12 24 0.05 0.001 2 -0.265695159594712 0.002529892981678
12 24 0.05 0.001 3 -0.258711608206216 0.002030647729759
12 24 0.05 0.001 4 -0.201324806905396 0.001742406285070
12 24 0.05 0.001 5 -0.173026307569557 0.002034541136894
12 24 0.05 0.001 6 -0.203694654183438 0.002026806665312
12 24 0.05 0.001 7 -0.219364338942544 0.002141484487954
12 24 0.05 0.001 8 nan nan
12 24 0.05 0.001 9 -0.142724200404045 0.001664217425459
12 24 0.05 0.001 10 -0.131980269845153 0.001804315601870
12 24 0.05 0.001 11 -0.103241493900535 0.001831588293651
12 24 0.05 0.001 12 -0.081517361587191 0.001919011831933
12 24 0.05 0.001 13 -0.047046284646809 0.001719588405601
12 24 0.05 0.001 14 -0.042114884722574 0.001912561972913
12 24 0.05 0.001 15 -0.056553578823479 0.001562929052744
12 24 0.05 0.001 16 -0.030274272647154 0.001278510975554
12 24 0.05 0.001 17 -0.002194643072679 0.001671783220088
12 24 0.05 0.001 18 -0.007001691732566 0.001506662918908
12 24 0.05 0.001 19 nan nan
12 24 0.05 0.001 20 -0.069156889155530 0.001565942405223
12 24 0.05 0.001 21 -0.076494622415703 0.001254771359585
12 24 0.05 0.001 22 nan nan
12 24 0.05 0.001 23 -0.025464063683684 0.001389375072048
12 24 0.05 0.001 24 -0.022925787008986 0.001271431127177
12 24 0.05 0.001 25 nan nan
12 24 0.05 0.001 26 -0.040164675967952 0.001107081009544
12 24 0.05 0.001 27 -0.008009759840786 0.001206638921347
12 24 0.05 0.001 28 nan nan
12 24 0.05 0.001 29 nan nan
12 24 0.05 0.001 30 nan nan
12 24 0.05 0.001 31 -0.007620549405991 0.001414040400817
12 24 0.05 0.001 32 nan nan
12 24 0.05 0.001 33 -0.011036882686924 0.000956758587377
12 24 0.05 0.001 34 -0.007616166678317 0.000980587750145
12 24 0.05 0.001 35 -0.006814237564890 0.001089017794413
12 24 0.05 0.001 36 nan nan
12 24 0.05 0.001 37 nan nan
12 24 0.05 0.001 38 0.003646645108358 0.001364851508426
12 24 0.05 0.001 39 nan nan
12 24 0.05 0.001 40 nan nan
12 24 0.05 0.001 41 0.010517571602000 0.001685839017438
12 24 0.05 0.001 42 nan nan
12 24 0.05 0.001 43 0.004392720342151 0.001293714547753
12 24 0.05 0.001 44 nan nan
12 24 0.05 0.001 45 0.007331944514432 0.001053744280715
12 24 0.05 0.001 46 0.042370737629068 0.001291823486739
12 24 0.05 0.001 47 0.038280861832396 0.001253949174632
12 24 0.05 0.001 48 0.018802871794044 0.001408639472395
12 24 0.05 0.001 49 0.007751258351942 0.001111368406445
12 24 0.05 0.001 50 nan nan
12 24 0.05 0.001 51 0.060937994450778 0.001618097544121
12 24 0.05 0.001 52 0.067467491444937 0.001448800143575
12 24 0.05 0.001 53 nan nan
12 24 0.05 0.001 54 nan nan
12 24 0.05 0.001 55 nan nan
12 24 0.05 0.001 56 -0.005769482415386 0.001666367566010
12 24 0.05 0.001 57 0.015552053181112 0.001490493206211
12 24 0.05 0.001 58 0.019013590525453 0.001682717263832
12 24 0.05 0.001 59 nan nan
12 24 0.05 0.001 60 0.081533295284537 0.001769657692643
12 24 0.05 0.001 61 0.093622552182801 0.001733660565083
12 24 0.05 0.001 62 0.058297693259953 0.001697422498709
12 24 0.05 0.001 63 nan nan
12 24 0.05 0.001 64 nan nan
12 24 0.05 0.001 65 nan nan
12 24 0.05 0.001 66 0.208565282081906 0.002211583418878
12 24 0.05 0.001 67 0.134210746105257 0.001793007557967
12 24 0.05 0.001 68 0.102579506771401 0.001399756815845
12 24 0.05 0.001 69 nan nan
12 24 0.05 0.001 70 nan nan
12 24 0.05 0.001 71 nan nan
12 24 0.05 0.001 72 nan nan
12 24 0.05 0.001 73 nan nan
12 24 0.05 0.001 74 nan nan
12 24 0.05 0.001 75 nan nan
12 24 0.05 0.001 76 nan nan
12 24 0.05 0.001 77 nan nan
12 24 0.05 0.001 78 nan nan
12 24 0.05 0.001 79 nan nan
12 24 0.05 0.001 80 nan nan
12 24 0.05 0.001 81 nan nan
12 24 0.05 0.001 82 nan nan
12 24 0.05 0.001 83 nan nan
12 24 0.05 0.001 84 nan nan
12 24 0.05 0.001 85 nan nan
12 24 0.05 0.001 86 nan nan
12 24 0.05 0.001 87 nan nan
12 24 0.05 0.001 88 nan nan
12 24 0.05 0.001 89 nan nan
12 24 0.05 0.001 90 nan nan
12 24 0.05 0.001 91 nan nan
12 24 0.05 0.001 92 nan nan
12 24 0.05 0.001 93 nan nan
12 24 0.05 0.001 94 nan nan
12 24 0.05 0.001 95 nan nan
12 24 0.05 0.001 96 nan nan
12 24 0.05 0.001 97 nan nan
12 24 0.05 0.001 98 nan nan
12 24 0.05 0.001 99 nan nan
12 24 0.05 0.001 100 nan nan
12 24 0.05 0.001 101 nan nan
12 24 0.05 0.001 102 nan nan
12 24 0.05 0.001 103 nan nan
12 24 0.05 0.001 104 nan nan
12 24 0.05 0.001 105 nan nan
12 24 0.05 0.001 106 nan nan
12 24 0.05 0.001 107 nan nan
12 24 0.05 0.001 108 nan nan
12 24 0.05 0.001 109 nan nan
12 24 0.05 0.001 110 nan nan
12 24 0.05 0.001 111 nan nan
12 24 0.05 0.001 112 nan nan
12 24 0.05 0.001 113 nan nan
12 24 0.05 0.001 114 nan nan
12 24 0.05 0.001 115 nan nan
12 24 0.05 0.001 116 nan nan
12 24 0.05 0.001 117 nan nan
12 24 0.05 0.001 118 nan nan
12 24 0.05 0.001 119 nan nan
12 24 0.05 0.001 120 nan nan
12 24 0.05 0.001 121 nan nan
12 24 0.05 0.001 122 nan nan
12 24 0.05 0.001 123 nan nan
12 24 0.05 0.001 124 nan nan
12 24 0.05 0.001 125 nan nan
12 24 0.05 0.001 126 nan nan
12 24 0.05 0.001 127 nan nan
12 24 0.05 0.001 128 nan nan
12 24 0.05 0.001 129 nan nan
12 24 0.05 0.001 130 nan nan
12 24 0.05 0.001 131 nan nan
12 24 0.05 0.001 132 nan nan
12 24 0.05 0.001 133 nan nan
12 24 0.05 0.001 134 nan nan
12 24 0.05 0.001 135 nan nan
12 24 0.05 0.001 136 nan nan
12 24 0.05 0.001 137 nan nan
12 24 0.05 0.001 138 nan nan
12 24 0.05 0.001 139 nan nan
12 24 0.05 0.001 140 nan nan
12 24 0.05 0.001 141 nan nan
12 24 0.05 0.001 142 nan nan
12 24 0.05 0.001 143 nan nan
12 24 0.05 0.001 144 nan nan
12 24 0.05 0.001 145 nan nan
12 24 0.05 0.001 146 nan nan
12 24 0.05 0.001 147 nan nan
12 24 0.05 0.001 148 nan nan
12 24 0.05 0.001 149 nan nan
12 24 0.05 0.001 150 nan nan
12 24 0.05 0.001 151 nan nan
12 24 0.05 0.001 152 nan nan
12 24 0.05 0.001 153 nan nan
12 24 0.05 0.001 154 nan nan
12 24 0.05 0.001 155 nan nan
12 24 0.05 0.001 156 nan nan
12 24 0.05 0.001 157 nan nan
12 24 0.05 0.001 158 nan nan
12 24 0.05 0.001 159 nan nan
12 24 0.05 0.001 160 nan nan
12 24 0.05 0.001 161 nan nan
12 24 0.05 0.001 162 nan nan
12 24 0.05 0.001 163 nan nan
12 24 0.05 0.001 164 nan nan
12 24 0.05 0.001 165 nan nan
12 24 0.05 0.001 166 nan nan
12 24 0.05 0.001 167 nan nan
12 24 0.05 0.001 168 nan nan
12 24 0.05 0.001 169 nan nan
12 24 0.05 0.001 170 nan nan
12 24 0.05 0.001 171 nan nan
12 24 0.05 0.001 172 nan nan
12 24 0.05 0.001 173 nan nan
12 24 0.05 0.001 174 nan nan
12 24 0.05 0.001 175 nan nan
12 24 0.05 0.001 176 nan nan
12 24 0.05 0.001 177 nan nan
12 24 0.05 0.001 178 nan nan
12 24 0.05 0.001 179 nan nan
12 24 0.05 0.001 180 nan nan
12 24 0.05 0.001 181 nan nan
12 24 0.05 0.001 182 nan nan
12 24 0.05 0.001 183 nan nan
12 24 0.05 0.001 184 nan nan
12 24 0.05 0.001 185 nan nan
12 24 0.05 0.001 186 nan nan
12 24 0.05 0.001 187 nan nan
12 24 0.05 0.001 188 nan nan
12 24 0.05 0.001 189 nan nan
12 24 0.05 0.001 190 nan nan
12 24 0.05 0.001 191 nan nan
12 24 0.05 0.001 192 nan nan
12 24 0.05 0.001 193 nan nan
12 24 0.05 0.001 194 nan nan
12 24 0.05 0.001 195 nan nan
12 24 0.05 0.001 196 nan nan
12 24 0.05 0.001 197 nan nan
12 24 0.05 0.001 198 nan nan
12 24 0.05 0.001 199 nan nan
12 24 0.05 0.001 200 nan nan
12 24 0.05 0.001 201 nan nan
12 24 0.05 0.001 202 nan nan
12 24 0.05 0.001 203 nan nan
12 24 0.05 0.001 204 nan nan
12 24 0.05 0.001 205 nan nan
12 24 0.05 0.001 206 nan nan
12 24 0.05 0.001 207 nan nan
12 24 0.05 0.001 208 nan nan
12 24 0.05 0.001 209 nan nan
12 24 0.05 0.001 210 nan nan
12 24 0.05 0.001 211 nan nan
12 24 0.05 0.001 212 nan nan
12 24 0.05 0.001 213 nan nan
12 24 0.05 0.001 214 nan nan
12 24 0.05 0.001 215 nan nan
12 24 0.05 0.001 216 nan nan
12 24 0.05 0.001 217 nan nan
12 24 0.05 0.001 218 nan nan
12 24 0.05 0.001 219 nan nan
12 24 0.05 0.001 220 nan nan
12 24 0.05 0.001 221 nan nan
12 24 0.05 0.001 222 nan nan
12 24 0.05 0.001 223 nan nan
12 24 0.05 0.001 224 nan nan
12 24 0.05 0.001 225 nan nan
12 24 0.05 0.001 226 nan nan
12 24 0.05 0.001 227 nan nan
12 24 0.05 0.001 228 nan nan
12 24 0.05 0.001 229 nan nan
12 24 0.05 0.001 230 nan nan
12 24 0.05 0.001 231 nan nan
12 24 0.05 0.001 232 nan nan
12 24 0.05 0.001 233 nan nan
12 24 0.05 0.001 234 nan nan
12 24 0.05 0.001 235 nan nan
12 24 0.05 0.001 236 nan nan
12 24 0.05 0.001 237 nan nan
12 24 0.05 0.001 238 nan nan
12 24 0.05 0.001 239 nan nan
12 24 0.05 0.001 240 nan nan
12 24 0.05 0.001 241 nan nan
12 24 0.05 0.001 242 nan nan
12 24 0.05 0.001 243 nan nan
12 24 0.05 0.001 244 nan nan
12 24 0.05 0.001 245 nan nan
12 24 0.05 0.001 246 nan nan
12 24 0.05 0.001 247 nan nan
12 24 0.05 0.001 248 nan nan
12 24 0.05 0.001 249 nan nan
12 24 0.05 0.001 250 nan nan
12 24 0.05 0.001 251 nan nan
12 24 0.05 0.001 252 nan nan
12 24 0.05 0.001 253 nan nan
12 24 0.05 0.001 254 nan nan
12 24 0.05 0.001 255 nan nan
12 24 0.05 0.001 256 nan nan
12 24 0.05 0.001 257 nan nan
12 24 0.05 0.001 258 nan nan
12 24 0.05 0.001 259 nan nan
12 24 0.05 0.001 260 nan nan
12 24 0.05 0.001 261 nan nan
12 24 0.05 0.001 262 nan nan
12 24 0.05 0.001 263 nan nan
12 24 0.05 0.001 264 nan nan
12 24 0.05 0.001 265 nan nan
12 24 0.05 0.001 266 nan nan
12 24 0.05 0.001 267 nan nan
12 24 0.05 0.001 268 nan nan
12 24 0.05 0.001 269 nan nan
12 24 0.05 0.001 270 nan nan
12 24 0.05 0.001 271 nan nan
12 24 0.05 0.001 272 nan nan
12 24 0.05 0.001 273 nan nan
12 24 0.05 0.001 274 nan nan
12 24 0.05 0.001 275 nan nan
12 24 0.05 0.001 276 nan nan
12 24 0.05 0.001 277 nan nan
12 24 0.05 0.001 278 nan nan
12 24 0.05 0.001 279 nan nan
12 24 0.05 0.001 280 nan nan
12 24 0.05 0.001 281 nan nan
12 24 0.05 0.001 282 nan nan
12 24 0.05 0.001 283 nan nan
12 24 0.05 0.001 284 nan nan
12 24 0.05 0.001 285 nan nan
12 24 0.05 0.001 286 nan nan
12 24 0.05 0.001 287 nan nan
12 24 0.05 0.001 288 nan nan
