24 12 0.00 0.001 0 0.000401020870914 0.000678339207538
24 12 0.00 0.001 1 -0.001708254490693 0.000899858497030
24 12 0.00 0.001 2 nan nan
24 12 0.00 0.001 3 -0.012988988667829 0.000550071181602
24 12 0.00 0.001 4 -0.020458427929895 0.000589904727465
24 12 0.00 0.001 5 -0.026246038706023 0.000527976338811
24 12 0.00 0.001 6 -0.028824274845245 0.000657510737679
24 12 0.00 0.001 7 -0.027173418934314 0.000460769117198
24 12 0.00 0.001 8 -0.022495188224771 0.000555297505885
24 12 0.00 0.001 9 -0.015587152773739 0.000518057159747
24 12 0.00 0.001 10 -0.008716570547066 0.000578714457648
24 12 0.00 0.001 11 -0.002589622857285 0.000541474684786
24 12 0.00 0.001 12 -0.000435682991027 0.000644803953209
24 12 0.00 0.001 13 -0.000782974654323 0.000468605648721
24 12 0.00 0.001 14 -0.004584054548034 0.000620047714595
24 12 0.00 0.001 15 -0.011129185968356 0.000612965048856
24 12 0.00 0.001 16 -0.017124659203079 0.000598000678825
24 12 0.00 0.001 17 -0.023807407006973 0.000661670770784
24 12 0.00 0.001 18 -0.026703600896337 0.000577308905188
24 12 0.00 0.001 19 -0.025543997605366 0.000585550471348
24 12 0.00 0.001 20 -0.022236926222664 0.000580689222484
24 12 0.00 0.001 21 -0.015973655017754 0.000698576509744
24 12 0.00 0.001 22 -0.009131330058788 0.000684099080754
24 12 0.00 0.001 23 nan nan
24 12 0.00 0.001 24 -0.000773791133091 0.000457047315764
24 12 0.00 0.001 25 -0.000136960924553 0.000529825709330
24 12 0.00 0.001 26 -0.003455033014163 0.000529962079443
24 12 0.00 0.001 27 -0.008050220285357 0.000584786274839
24 12 0.00 0.001 28 -0.013488651711819 0.000518055157649
24 12 0.00 0.001 29 -0.019192403421807 0.000698678001362
24 12 0.00 0.001 30 -0.021023804024350 0.000528407362818
24 12 0.00 0.001 31 -0.021263012239438 0.000601593787433
24 12 0.00 0.001 32 -0.018740940223876 0.000665187612101
24 12 0.00 0.001 33 -0.012882170129643 0.000576524089005
24 12 0.00 0.001 34 -0.008352734280292 0.000628715507237
24 12 0.00 0.001 35 -0.003718026196934 0.000643516856230
24 12 0.00 0.001 36 -0.000266278384014 0.000611837483047
24 12 0.00 0.001 37 0.001211581890744 0.000595027440387
24 12 0.00 0.001 38 -0.000829668497498 0.000683908681365
24 12 0.00 0.001 39 -0.004847470856982 0.000657397437250
24 12 0.00 0.001 40 -0.009546694904333 0.000621746368361
24 12 0.00 0.001 41 -0.013949727017455 0.000612362369528
24 12 0.00 0.001 42 -0.017150599171277 0.000620593711519
24 12 0.00 0.001 43 -0.017590561063589 0.000490376328604
24 12 0.00 0.001 44 -0.015708447090752 0.000487873375543
24 12 0.00 0.001 45 -0.011793520504362 0.000542139595651
24 12 0.00 0.001 46 -0.003815646305258 0.000621695126723
24 12 0.00 0.001 47 -0.003988044135380 0.000490512600420
24 12 0.00 0.001 48 0.000444363300218 0.000622996964402
24 12 0.00 0.001 49 0.000451641177413 0.000727907162827
24 12 0.00 0.001 50 0.000448276528895 0.000742029663630
24 12 0.00 0.001 51 -0.002121958708721 0.000544947394037
24 12 0.00 0.001 52 -0.006043502482345 0.000524888906477
24 12 0.00 0.001 53 -0.009956896583765 0.000690990547941
24 12 0.00 0.001 54 -0.011802228941243 0.000697207519646
24 12 0.00 0.001 55 -0.011734232647812 0.000705571850115
24 12 0.00 0.001 56 -0.010942564777642 0.000655518809383
24 12 0.00 0.001 57 -0.008217892588692 0.000647318692267
24 12 0.00 0.001 58 -0.007205068217399 0.000614924251722
24 12 0.00 0.001 59 -0.001745735853297 0.000689610998668
24 12 0.00 0.001 60 0.000689219421999 0.000636686447339
24 12 0.00 0.001 61 0.002001811529960 0.000681504296620
24 12 0.00 0.001 62 0.001013566163278 0.000627079500263
24 12 0.00 0.001 63 -0.000833768830855 0.000663000835400
24 12 0.00 0.001 64 -0.002508500472700 0.000677093523262
24 12 0.00 0.001 65 -0.006484003378192 0.000699642325752
24 12 0.00 0.001 66 -0.007957829915392 0.000637569300030
24 12 0.00 0.001 67 -0.007886613844871 0.000618126806662
24 12 0.00 0.001 68 -0.007976733806984 0.000478545997148
24 12 0.00 0.001 69 -0.003387514715597 0.000390582955015
24 12 0.00 0.001 70 -0.004210456165816 0.000546330863448
24 12 0.00 0.001 71 -0.001854120247146 0.000557406714953
24 12 0.00 0.001 72 0.000442847405553 0.000625188957683
24 12 0.00 0.001 73 0.000222039237294 0.000471445388519
24 12 0.00 0.001 74 0.001636054588487 0.000532817557573
24 12 0.00 0.001 75 0.000617802754077 0.000606524319069
24 12 0.00 0.001 76 -0.002229355146744 0.000532823501373
24 12 0.00 0.001 77 -0.003723632386498 0.000513074692124
24 12 0.00 0.001 78 -0.004653302697254 0.000368530680941
24 12 0.00 0.001 79 -0.007301752031774 0.000600898864872
24 12 0.00 0.001 80 -0.005467422533607 0.000576435728137
24 12 0.00 0.001 81 -0.008179387633845 0.000494142165520
24 12 0.00 0.001 82 -0.005284539581254 0.000516404413986
24 12 0.00 0.001 83 -0.002107962460367 0.000530069136247
24 12 0.00 0.001 84 -0.000775543949270 0.000597111965221
24 12 0.00 0.001 85 0.000944523391953 0.000730231586285
24 12 0.00 0.001 86 0.001332350536268 0.000480023543127
24 12 0.00 0.001 87 0.000402047995354 0.000643314342326
24 12 0.00 0.001 88 -0.000831131363591 0.000608592375138
24 12 0.00 0.001 89 -0.001631482312786 0.000551165474218
24 12 0.00 0.001 90 -0.003655346946282 0.000542788895585
24 12 0.00 0.001 91 -0.003772642813030 0.000502932145779
24 12 0.00 0.001 92 -0.000584735036854 0.000472800398472
24 12 0.00 0.001 93 -0.006913654709805 0.000554511503438
24 12 0.00 0.001 94 -0.002644439675750 0.000632521402405
24 12 0.00 0.001 95 -0.001009967875445 0.000558338576099
24 12 0.00 0.001 96 -0.000148810993895 0.000525281706958
24 12 0.00 0.001 97 0.001420224969913 0.000625078123322
24 12 0.00 0.001 98 0.001853948757055 0.000533388699725
24 12 0.00 0.001 99 0.001164216443780 0.000481180921181
24 12 0.00 0.001 100 0.000980045110014 0.000425241856118
24 12 0.00 0.001 101 -0.000918777127950 0.000490599010035
24 12 0.00 0.001 102 -0.001425916520359 0.000590039060299
24 12 0.00 0.001 103 -0.002299545988352 0.000531027227266
24 12 0.00 0.001 104 -0.005726477843738 0.000574335628396
24 12 0.00 0.001 105 -0.003662154001480 0.000509782904806
24 12 0.00 0.001 106 -0.002301053767771 0.000523792756097
24 12 0.00 0.001 107 nan nan
24 12 0.00 0.001 108 0.000490258948188 0.000523734219542
24 12 0.00 0.001 109 0.001353222895117 0.000527984443863
24 12 0.00 0.001 110 0.001535161124731 0.000603915878616
24 12 0.00 0.001 111 nan nan
24 12 0.00 0.001 112 0.000632730150791 0.000511855423789
24 12 0.00 0.001 113 -0.000207792704548 0.000422392563646
24 12 0.00 0.001 114 -0.000295175066512 0.000523004546052
24 12 0.00 0.001 115 0.000490101739790 0.000610863393548
24 12 0.00 0.001 116 -0.002247963531434 0.000492765010575
24 12 0.00 0.001 117 -0.002719833482411 0.000428922356563
24 12 0.00 0.001 118 -0.001857711922596 0.000477364153557
24 12 0.00 0.001 119 -0.001678285645496 0.000490317522609
24 12 0.00 0.001 120 0.000617816636723 0.000552817881249
24 12 0.00 0.001 121 0.000258897024896 0.000498767440800
24 12 0.00 0.001 122 0.001131043159767 0.000426647842425
24 12 0.00 0.001 123 0.000413128254186 0.000482746667860
24 12 0.00 0.001 124 0.000647949814203 0.000514758143054
24 12 0.00 0.001 125 -0.000397360592075 0.000518200755694
24 12 0.00 0.001 126 0.001175214642261 0.000490069382557
24 12 0.00 0.001 127 nan nan
24 12 0.00 0.001 128 -0.001642564875999 0.000483320745782
24 12 0.00 0.001 129 -0.001067572704875 0.000386740368718
24 12 0.00 0.001 130 0.000265388440833 0.000471075040400
24 12 0.00 0.001 131 -0.000587830215359 0.000487174867685
24 12 0.00 0.001 132 0.000077586970581 0.000595292538603
24 12 0.00 0.001 133 0.000766086437219 0.000498516101629
24 12 0.00 0.001 134 -0.000106498508047 0.000470750907534
24 12 0.00 0.001 135 0.000715771721219 0.000435362879110
24 12 0.00 0.001 136 0.000173544401898 0.000510453947694
24 12 0.00 0.001 137 0.000636690312221 0.000421972473052
24 12 0.00 0.001 138 0.000597311197630 0.000482789104635
24 12 0.00 0.001 139 nan nan
24 12 0.00 0.001 140 -0.000376370054147 0.000422968408194
24 12 0.00 0.001 141 -0.000952601796674 0.000403441786039
24 12 0.00 0.001 142 -0.000171566515358 0.000412703670518
24 12 0.00 0.001 143 -0.000194699076304 0.000587184824860
24 12 0.00 0.001 144 -0.000355334779366 0.000436781348035
24 12 0.00 0.001 145 -0.000707064602790 0.000521133629737
24 12 0.00 0.001 146 -0.000079014746064 0.000447310969679
24 12 0.00 0.001 147 -0.000337697623101 0.000389617754363
24 12 0.00 0.001 148 -0.000035533486340 0.000417485969169
24 12 0.00 0.001 149 -0.000180540136747 0.000439667762085
24 12 0.00 0.001 150 -0.000023160822528 0.000380816586672
24 12 0.00 0.001 151 -0.000104308445475 0.000465942085233
24 12 0.00 0.001 152 0.000382100547921 0.000485335593880
24 12 0.00 0.001 153 0.000198673943640 0.000502472675276
24 12 0.00 0.001 154 0.000113243468890 0.000498003018636
24 12 0.00 0.001 155 0.000191494339363 0.000549982429124
24 12 0.00 0.001 156 -0.000365672130229 0.000497178947252
24 12 0.00 0.001 157 -0.000845689173212 0.000572463073895
24 12 0.00 0.001 158 -0.001145076514775 0.000518770156986
24 12 0.00 0.001 159 -0.001462681636368 0.000556122448275
24 12 0.00 0.001 160 -0.001291439818055 0.000454699550578
24 12 0.00 0.001 161 -0.001795187498544 0.000448698148870
24 12 0.00 0.001 162 0.000105838562502 0.000451762149200
24 12 0.00 0.001 163 0.000618997172200 0.000496070264786
24 12 0.00 0.001 164 0.000677937238321 0.000492778605286
24 12 0.00 0.001 165 0.001698776622709 0.000572816628185
24 12 0.00 0.001 166 0.001029108549495 0.000527602477376
24 12 0.00 0.001 167 0.000382050873117 0.000342092312039
24 12 0.00 0.001 168 0.000121369473753 0.000560547675355
24 12 0.00 0.001 169 -0.000961371926677 0.000474256186563
24 12 0.00 0.001 170 -0.001420818782847 0.000571183910041
24 12 0.00 0.001 171 -0.001875944917088 0.000573283419696
24 12 0.00 0.001 172 -0.003386666864088 0.000542993783896
24 12 0.00 0.001 173 nan nan
24 12 0.00 0.001 174 -0.000177573627112 0.000490277387779
24 12 0.00 0.001 175 0.000176357798935 0.000432769407822
24 12 0.00 0.001 176 0.001231090460948 0.000576049932133
24 12 0.00 0.001 177 0.001883101329110 0.000580898667611
24 12 0.00 0.001 178 0.001054185390267 0.000594091616685
24 12 0.00 0.001 179 nan nan
24 12 0.00 0.001 180 -0.000257059070198 0.000533492826709
24 12 0.00 0.001 181 -0.001339122357334 0.000552868101820
24 12 0.00 0.001 182 -0.003597825071625 0.000515831667172
24 12 0.00 0.001 183 -0.003573473404720 0.000514945998246
24 12 0.00 0.001 184 -0.005405294622780 0.000599421700364
24 12 0.00 0.001 185 -0.002026086835977 0.000491840839829
24 12 0.00 0.001 186 -0.001956122485627 0.000567407625694
24 12 0.00 0.001 187 -0.001030030927737 0.000536192486675
24 12 0.00 0.001 188 0.000679098731255 0.000508699744010
24 12 0.00 0.001 189 0.000508869979777 0.000465684787414
24 12 0.00 0.001 190 0.002274949577872 0.000512116611030
24 12 0.00 0.001 191 0.001214308304123 0.000427559197109
24 12 0.00 0.001 192 -0.001021322415308 0.000446449476282
24 12 0.00 0.001 193 -0.001396126211432 0.000548195648015
24 12 0.00 0.001 194 -0.003002495274078 0.000594757494373
24 12 0.00 0.001 195 -0.005774723937349 0.000502370319229
24 12 0.00 0.001 196 -0.001037658406572 0.000528245927192
24 12 0.00 0.001 197 -0.004064033179924 0.000517154302614
24 12 0.00 0.001 198 -0.003835373533915 0.000487113195028
24 12 0.00 0.001 199 -0.001994935867665 0.000573138931859
24 12 0.00 0.001 200 0.000169544972326 0.000478536056744
24 12 0.00 0.001 201 nan nan
24 12 0.00 0.001 202 0.001501615917512 0.000491448956964
24 12 0.00 0.001 203 0.001594328044950 0.000627016805512
24 12 0.00 0.001 204 0.000075228060180 0.000470687407240
24 12 0.00 0.001 205 -0.001326380567347 0.000635248904318
24 12 0.00 0.001 206 -0.002945963435813 0.000493724698953
24 12 0.00 0.001 207 -0.006933657443868 0.000571847028155
24 12 0.00 0.001 208 -0.005436604990416 0.000548942700488
24 12 0.00 0.001 209 -0.006603161580453 0.000615907479398
24 12 0.00 0.001 210 -0.004084508065088 0.000507239225607
24 12 0.00 0.001 211 -0.004157943488164 0.000508449325583
24 12 0.00 0.001 212 -0.001343594706710 0.000510434075022
24 12 0.00 0.001 213 -0.000211423895237 0.000566929951410
24 12 0.00 0.001 214 0.001742097669149 0.000529397512002
24 12 0.00 0.001 215 0.001713748187202 0.000640109412368
24 12 0.00 0.001 216 nan nan
24 12 0.00 0.001 217 nan nan
24 12 0.00 0.001 218 -0.004344173183852 0.000634820630648
24 12 0.00 0.001 219 nan nan
24 12 0.00 0.001 220 -0.008000807030292 0.000568515004653
24 12 0.00 0.001 221 -0.010084813237810 0.000428145743680
24 12 0.00 0.001 222 -0.007738953074115 0.000586167190754
24 12 0.00 0.001 223 -0.005833788651971 0.000466112861079
24 12 0.00 0.001 224 -0.003307032149956 0.000454875623827
24 12 0.00 0.001 225 -0.000285607269567 0.000561906985955
24 12 0.00 0.001 226 0.000930732502806 0.000492222498719
24 12 0.00 0.001 227 0.001304671946859 0.000650685734017
24 12 0.00 0.001 228 0.000495280243302 0.000455720254056
24 12 0.00 0.001 229 -0.003242519278282 0.000741629239770
24 12 0.00 0.001 230 -0.007164594086334 0.000553875769521
24 12 0.00 0.001 231 nan nan
24 12 0.00 0.001 232 -0.011061286015276 0.000696455700102
24 12 0.00 0.001 233 nan nan
24 12 0.00 0.001 234 -0.012263012904912 0.000672440486976
24 12 0.00 0.001 235 -0.009640842113750 0.000584496559545
24 12 0.00 0.001 236 -0.005871429331481 0.000719756019679
24 12 0.00 0.001 237 -0.002882361370324 0.000606880133187
24 12 0.00 0.001 238 0.000770954571427 0.000698533680005
24 12 0.00 0.001 239 nan nan
24 12 0.00 0.001 240 0.000055709415091 0.000568897233126
24 12 0.00 0.001 241 -0.002606922966388 0.000492010449643
24 12 0.00 0.001 242 -0.004142798418912 0.000546826246731
24 12 0.00 0.001 243 -0.010968332660022 0.000729604837906
24 12 0.00 0.001 244 -0.016152209275966 0.000574111616781
24 12 0.00 0.001 245 nan nan
24 12 0.00 0.001 246 -0.016764559899960 0.000635685728880
24 12 0.00 0.001 247 nan nan
24 12 0.00 0.001 248 -0.008734670176585 0.000643136176306
24 12 0.00 0.001 249 -0.004993185257608 0.000663271104266
24 12 0.00 0.001 250 nan nan
24 12 0.00 0.001 251 -0.000044229067325 0.000606541492411
24 12 0.00 0.001 252 0.000209060017819 0.000711458490668
24 12 0.00 0.001 253 -0.003906904065861 0.000563792041319
24 12 0.00 0.001 254 -0.007633843929711 0.000576794849191
24 12 0.00 0.001 255 -0.013589721788666 0.000593699406438
24 12 0.00 0.001 256 -0.019819735544236 0.000480344138838
24 12 0.00 0.001 257 -0.022902983848487 0.000785280979529
24 12 0.00 0.001 258 -0.022240441883530 0.000449079930198
24 12 0.00 0.001 259 -0.019503760831932 0.000506123771713
24 12 0.00 0.001 260 nan nan
24 12 0.00 0.001 261 -0.008366384171934 0.000509306130834
24 12 0.00 0.001 262 -0.003029242924652 0.000578091642829
24 12 0.00 0.001 263 -0.000048418536241 0.000549462914317
24 12 0.00 0.001 264 -0.000514686162375 0.000533960647987
24 12 0.00 0.001 265 -0.001462800221537 0.000616474346462
24 12 0.00 0.001 266 -0.009331466042572 0.000505532125103
24 12 0.00 0.001 267 -0.015890680069972 0.000594153830490
24 12 0.00 0.001 268 -0.022143655299668 0.000613504548199
24 12 0.00 0.001 269 -0.025366435745300 0.000624128645734
24 12 0.00 0.001 270 -0.026842152513377 0.000525472275161
24 12 0.00 0.001 271 -0.023604560242986 0.000602309314689
24 12 0.00 0.001 272 -0.018911298443857 0.000717124604088
24 12 0.00 0.001 273 nan nan
24 12 0.00 0.001 274 -0.004590073020302 0.000517818173079
24 12 0.00 0.001 275 -0.001012949590677 0.000615490529379
24 12 0.00 0.001 276 -0.000296347036108 0.000630317785172
24 12 0.00 0.001 277 -0.003334624176714 0.000602222335794
24 12 0.00 0.001 278 -0.008404048886190 0.000493256494692
24 12 0.00 0.001 279 -0.016099198171558 0.000534228978515
24 12 0.00 0.001 280 -0.021974573690015 0.000492926025812
24 12 0.00 0.001 281 -0.027121033796041 0.000573798368389
24 12 0.00 0.001 282 -0.028123336380771 0.000526927683036
24 12 0.00 0.001 283 -0.027361937149182 0.000634830297481
24 12 0.00 0.001 284 -0.020136762480851 0.000725498925053
24 12 0.00 0.001 285 -0.013947601664687 0.000609098754427
24 12 0.00 0.001 286 -0.005665142878962 0.000673687054745
24 12 0.00 0.001 287 -0.001877834736165 0.000546331334316
24 12 0.00 0.001 288 -0.002433221884293 0.000980381181929
24 12 0.05 0.001 0 0.000892885224529 0.000687471792012
24 12 0.05 0.001 1 -0.010586166600016 0.000743868618954
24 12 0.05 0.001 2 nan nan
24 12 0.05 0.001 3 -0.037426376357962 0.000852258291123
24 12 0.05 0.001 4 -0.044860183908744 0.000676916599560
24 12 0.05 0.001 5 -0.050799541721256 0.000476170410488
24 12 0.05 0.001 6 -0.049736376206119 0.000538861357299
24 12 0.05 0.001 7 -0.046117362624166 0.000518045033818
24 12 0.05 0.001 8 -0.039847826809977 0.000601650546049
24 12 0.05 0.001 9 -0.030649386249695 0.000554186082989
24 12 0.05 0.001 10 nan nan
24 12 0.05 0.001 11 -0.023760805804013 0.000460997302101
24 12 0.05 0.001 12 -0.027511217383544 0.000499143728394
24 12 0.05 0.001 13 -0.033110973659475 0.000580101609490
24 12 0.05 0.001 14 -0.044082426982132 0.000512169742684
24 12 0.05 0.001 15 -0.052224956048975 0.000534609135158
24 12 0.05 0.001 16 -0.061414950046790 0.000681988615210
24 12 0.05 0.001 17 -0.067440421942014 0.000471440718718
24 12 0.05 0.001 18 -0.067145519930360 0.000692610712689
24 12 0.05 0.001 19 -0.064554249598669 0.000513536269572
24 12 0.05 0.001 20 -0.058775177851205 0.000513276946635
24 12 0.05 0.001 21 -0.050992087579923 0.000558090024702
24 12 0.05 0.001 22 -0.045166250278055 0.000499705888302
24 12 0.05 0.001 23 -0.047006435734305 0.000682751812028
24 12 0.05 0.001 24 -0.042318798364838 0.000713128327712
24 12 0.05 0.001 25 -0.046200624535654 0.000582054457046
24 12 0.05 0.001 26 nan nan
24 12 0.05 0.001 27 -0.059192875807688 0.000606001276085
24 12 0.05 0.001 28 -0.066655345800356 0.000724326834772
24 12 0.05 0.001 29 -0.070127060177742 0.000733660175603
24 12 0.05 0.001 30 -0.071186350751544 0.000624657970913
24 12 0.05 0.001 31 -0.066125210167531 0.000580165408362
24 12 0.05 0.001 32 -0.060903629600500 0.000702931653993
24 12 0.05 0.001 33 nan nan
24 12 0.05 0.001 34 -0.046873534505268 0.000639750067360
24 12 0.05 0.001 35 -0.039393428571300 0.000515332593790
24 12 0.05 0.001 36 -0.036195326003143 0.000571378567752
24 12 0.05 0.001 37 nan nan
24 12 0.05 0.001 38 -0.039522095468425 0.000653503768335
24 12 0.05 0.001 39 -0.042895529992360 0.000579047899389
24 12 0.05 0.001 40 -0.046687874649478 0.000625374457523
24 12 0.05 0.001 41 -0.048709280613338 0.000610493559608
24 12 0.05 0.001 42 -0.049928038516563 0.000600283244555
24 12 0.05 0.001 43 -0.047615478139897 0.000764477942036
24 12 0.05 0.001 44 -0.043681237203601 0.000630804769075
24 12 0.05 0.001 45 -0.037748319520536 0.000638856172854
24 12 0.05 0.001 46 -0.029987873409502 0.000664964976201
24 12 0.05 0.001 47 -0.026736640211442 0.000651171722758
24 12 0.05 0.001 48 -0.021804545222948 0.000667627747499
24 12 0.05 0.001 49 -0.019334532942975 0.000690674871952
24 12 0.05 0.001 50 -0.019994879088222 0.000699795463508
24 12 0.05 0.001 51 -0.021697136583473 0.000678377475212
24 12 0.05 0.001 52 -0.023634788436715 0.000706014783304
24 12 0.05 0.001 53 -0.025070582270768 0.000681735885186
24 12 0.05 0.001 54 -0.025411791736103 0.000667029230741
24 12 0.05 0.001 55 -0.023425635318903 0.000712829869073
24 12 0.05 0.001 56 -0.020629967716645 0.000635604725538
24 12 0.05 0.001 57 nan nan
24 12 0.05 0.001 58 -0.011672045554556 0.000612473894049
24 12 0.05 0.001 59 -0.006389827833127 0.000460395197652
24 12 0.05 0.001 60 -0.004019189781385 0.000650700865789
24 12 0.05 0.001 61 0.000958181574563 0.000682477760382
24 12 0.05 0.001 62 0.002234232142623 0.000604603324652
24 12 0.05 0.001 63 0.002223616314004 0.000416696178347
24 12 0.05 0.001 64 0.001651980068293 0.000639427447772
24 12 0.05 0.001 65 nan nan
24 12 0.05 0.001 66 0.000112462344281 0.000453959379377
24 12 0.05 0.001 67 0.001331461816768 0.000639500040986
24 12 0.05 0.001 68 0.001744693222741 0.000617241052429
24 12 0.05 0.001 69 0.008070355964609 0.000521079588643
24 12 0.05 0.001 70 0.004694721245866 0.000486457145704
24 12 0.05 0.001 71 0.007694184411822 0.000544445361873
24 12 0.05 0.001 72 0.008889202532063 0.000500105412338
24 12 0.05 0.001 73 0.008848073059900 0.000537169603977
24 12 0.05 0.001 74 0.006719814197974 0.000583604641215
24 12 0.05 0.001 75 0.005031141989233 0.000507943147196
24 12 0.05 0.001 76 0.001057270718281 0.000539261636213
24 12 0.05 0.001 77 -0.004141469867295 0.000517254513500
24 12 0.05 0.001 78 -0.007561020707274 0.000613947443140
24 12 0.05 0.001 79 -0.010448574895779 0.000635107539939
24 12 0.05 0.001 80 -0.010646418362466 0.000580722908305
24 12 0.05 0.001 81 -0.014747909951348 0.000597770181470
24 12 0.05 0.001 82 -0.012767999538279 0.000538276521309
24 12 0.05 0.001 83 -0.012144556718979 0.000540098368967
24 12 0.05 0.001 84 -0.009677960141941 0.000581904839822
24 12 0.05 0.001 85 nan nan
24 12 0.05 0.001 86 -0.008775759137680 0.000494288707861
24 12 0.05 0.001 87 -0.007973530332241 0.000588193395656
24 12 0.05 0.001 88 -0.009344614218465 0.000527242193476
24 12 0.05 0.001 89 -0.010407799214201 0.000598968713806
24 12 0.05 0.001 90 -0.010432091700533 0.000534093434452
24 12 0.05 0.001 91 -0.009014790700368 0.000558485692547
24 12 0.05 0.001 92 nan nan
24 12 0.05 0.001 93 -0.006547142441809 0.000638218134788
24 12 0.05 0.001 94 -0.004575965167114 0.000416032757818
24 12 0.05 0.001 95 -0.001587319507816 0.000423931240898
24 12 0.05 0.001 96 -0.000345663736613 0.000517699164518
24 12 0.05 0.001 97 0.001526471619910 0.000519977435009
24 12 0.05 0.001 98 0.001888266905142 0.000550299792854
24 12 0.05 0.001 99 -0.000030613997495 0.000528335662488
24 12 0.05 0.001 100 -0.002083284380972 0.000523391350052
24 12 0.05 0.001 101 nan nan
24 12 0.05 0.001 102 -0.005920723700226 0.000489967885265
24 12 0.05 0.001 103 -0.006881926157093 0.000595680132740
24 12 0.05 0.001 104 -0.009576781025499 0.000444505206399
24 12 0.05 0.001 105 -0.007705523485923 0.000466992679435
24 12 0.05 0.001 106 -0.005801919531156 0.000557618211277
24 12 0.05 0.001 107 -0.003916588915524 0.000570887635107
24 12 0.05 0.001 108 -0.002483860717730 0.000549801765215
24 12 0.05 0.001 109 -0.001433144214298 0.000482013286778
24 12 0.05 0.001 110 -0.001786686137131 0.000563717010808
24 12 0.05 0.001 111 -0.001310624674547 0.000471011846180
24 12 0.05 0.001 112 -0.002435812044648 0.000506561978986
24 12 0.05 0.001 113 -0.003220644532700 0.000388498710920
24 12 0.05 0.001 114 -0.003999542381800 0.000514968196538
24 12 0.05 0.001 115 nan nan
24 12 0.05 0.001 116 -0.005839032935614 0.000454851634351
24 12 0.05 0.001 117 -0.005399275405225 0.000554105971869
24 12 0.05 0.001 118 -0.004801962635848 0.000471869603953
24 12 0.05 0.001 119 -0.003705478327921 0.000514789005099
24 12 0.05 0.001 120 -0.003346903617032 0.000493439093448
24 12 0.05 0.001 121 -0.002925790252913 0.000536905980408
24 12 0.05 0.001 122 -0.001766404071614 0.000516316788714
24 12 0.05 0.001 123 -0.001616920132751 0.000474321616949
24 12 0.05 0.001 124 -0.002498641221684 0.000552279384555
24 12 0.05 0.001 125 -0.002734653169352 0.000396138022858
24 12 0.05 0.001 126 -0.002948599711971 0.000460118938579
24 12 0.05 0.001 127 -0.004099954420572 0.000471947014922
24 12 0.05 0.001 128 nan nan
24 12 0.05 0.001 129 -0.003961604461187 0.000487972826081
24 12 0.05 0.001 130 -0.002557355395418 0.000498388312160
24 12 0.05 0.001 131 nan nan
24 12 0.05 0.001 132 -0.001783649820349 0.000601947078311
24 12 0.05 0.001 133 -0.001067202775325 0.000499413204369
24 12 0.05 0.001 134 -0.001068938098216 0.000497406928126
24 12 0.05 0.001 135 -0.001119082367624 0.000528215007841
24 12 0.05 0.001 136 -0.000714987396508 0.000448351814179
24 12 0.05 0.001 137 -0.000767098735377 0.000423926781544
24 12 0.05 0.001 138 nan nan
24 12 0.05 0.001 139 -0.001047558093626 0.000523197906640
24 12 0.05 0.001 140 -0.000262482130321 0.000510993582134
24 12 0.05 0.001 141 nan nan
24 12 0.05 0.001 142 0.000034395529996 0.000464100259511
24 12 0.05 0.001 143 -0.000352878871900 0.000584310133539
24 12 0.05 0.001 144 -0.000220252176845 0.000518153042419
24 12 0.05 0.001 145 0.000129804528089 0.000544692874927
24 12 0.05 0.001 146 0.000849411376131 0.000487098744182
24 12 0.05 0.001 147 0.000434150761792 0.000409457093409
24 12 0.05 0.001 148 0.001070252273659 0.000563234340328
24 12 0.05 0.001 149 0.001486534903937 0.000435519687546
24 12 0.05 0.001 150 0.001078665477565 0.000381215979359
24 12 0.05 0.001 151 0.001101321551630 0.000447003748446
24 12 0.05 0.001 152 0.001250173037044 0.000466156855561
24 12 0.05 0.001 153 0.001712610786114 0.000501814393792
24 12 0.05 0.001 154 0.001749058457076 0.000495187084463
24 12 0.05 0.001 155 0.001522540571653 0.000596666929171
24 12 0.05 0.001 156 0.002008284414711 0.000508601062550
24 12 0.05 0.001 157 0.001462779515939 0.000514145789223
24 12 0.05 0.001 158 0.001536473539189 0.000556744554117
24 12 0.05 0.001 159 0.001145259836181 0.000524596381144
24 12 0.05 0.001 160 0.001262503075276 0.000430538433191
24 12 0.05 0.001 161 0.000321146125364 0.000512717062552
24 12 0.05 0.001 162 0.002498615579356 0.000483258377546
24 12 0.05 0.001 163 0.003485646287111 0.000458435365014
24 12 0.05 0.001 164 0.003321308693684 0.000542659651401
24 12 0.05 0.001 165 0.004437711592526 0.000566570760980
24 12 0.05 0.001 166 0.004039722317809 0.000521412372487
24 12 0.05 0.001 167 0.004097548101918 0.000541409791260
24 12 0.05 0.001 168 0.002601928140749 0.000610416705683
24 12 0.05 0.001 169 0.001926308864095 0.000526433820435
24 12 0.05 0.001 170 0.000645562078410 0.000457140999607
24 12 0.05 0.001 171 -0.000494467379092 0.000586769995404
24 12 0.05 0.001 172 0.000830483968944 0.000473151002420
24 12 0.05 0.001 173 0.004623788782454 0.000543096522415
24 12 0.05 0.001 174 nan nan
24 12 0.05 0.001 175 0.003306756245538 0.000512183206141
24 12 0.05 0.001 176 0.005545814471696 0.000534741422501
24 12 0.05 0.001 177 0.004349411860193 0.000523518341354
24 12 0.05 0.001 178 0.004635948349666 0.000644964444050
24 12 0.05 0.001 179 0.003560993569998 0.000457618346448
24 12 0.05 0.001 180 0.002542697916840 0.000511611117960
24 12 0.05 0.001 181 0.002197623419571 0.000498368588226
24 12 0.05 0.001 182 0.002116404399456 0.000504734737317
24 12 0.05 0.001 183 0.000861527690741 0.000586079183039
24 12 0.05 0.001 184 nan nan
24 12 0.05 0.001 185 0.003389043311809 0.000481726401984
24 12 0.05 0.001 186 0.002368038346950 0.000601824365418
24 12 0.05 0.001 187 0.003017443247066 0.000541167535473
24 12 0.05 0.001 188 0.003492101334566 0.000618535227130
24 12 0.05 0.001 189 0.004011576364120 0.000514755366153
24 12 0.05 0.001 190 0.003698470775170 0.000508727319150
24 12 0.05 0.001 191 nan nan
24 12 0.05 0.001 192 nan nan
24 12 0.05 0.001 193 -0.001562986466064 0.000544323948698
24 12 0.05 0.001 194 -0.003032964805955 0.000619506394331
24 12 0.05 0.001 195 -0.003994503575359 0.000491334604992
24 12 0.05 0.001 196 0.002225591440874 0.000479629498651
24 12 0.05 0.001 197 0.000320367453241 0.000453573052324
24 12 0.05 0.001 198 0.004090428885870 0.000545686362166
24 12 0.05 0.001 199 0.005951846977477 0.000479350884176
24 12 0.05 0.001 200 0.008955849034467 0.000481803381253
24 12 0.05 0.001 201 0.011161943972828 0.000586978549468
24 12 0.05 0.001 202 0.012558271225083 0.000483784156284
24 12 0.05 0.001 203 0.011549856993050 0.000599284124938
24 12 0.05 0.001 204 0.009606877140287 0.000576568148585
24 12 0.05 0.001 205 0.007880891089278 0.000639072588447
24 12 0.05 0.001 206 0.003781495829539 0.000615476953109
24 12 0.05 0.001 207 0.000451891042343 0.000518513183462
24 12 0.05 0.001 208 0.001178310976901 0.000626333670064
24 12 0.05 0.001 209 -0.002146795157271 0.000564105229355
24 12 0.05 0.001 210 -0.003163566867557 0.000546854562095
24 12 0.05 0.001 211 -0.003299503832423 0.000621427950166
24 12 0.05 0.001 212 -0.003528713466294 0.000617406693044
24 12 0.05 0.001 213 -0.004677218379967 0.000584743433549
24 12 0.05 0.001 214 -0.005378487018005 0.000524199104174
24 12 0.05 0.001 215 -0.007007467662141 0.000689106409946
24 12 0.05 0.001 216 -0.010258815899844 0.000633272878477
24 12 0.05 0.001 217 -0.011237440486707 0.000603656554793
24 12 0.05 0.001 218 -0.014173953031268 0.000631510355561
24 12 0.05 0.001 219 -0.013780263421240 0.000565635888297
24 12 0.05 0.001 220 -0.017427549407613 0.000605431829895
24 12 0.05 0.001 221 -0.016821789877225 0.000635652903363
24 12 0.05 0.001 222 -0.016388012340923 0.000561887435701
24 12 0.05 0.001 223 -0.012117996377560 0.000539970746486
24 12 0.05 0.001 224 -0.008621562590564 0.000556986746352
24 12 0.05 0.001 225 -0.003213315845364 0.000581025595164
24 12 0.05 0.001 226 0.000254325063778 0.000543071637950
24 12 0.05 0.001 227 0.002647508206027 0.000701452112875
24 12 0.05 0.001 228 0.002758039036089 0.000614920440714
24 12 0.05 0.001 229 0.001192972957236 0.000487010672094
24 12 0.05 0.001 230 -0.001224983757404 0.000825376940660
24 12 0.05 0.001 231 -0.001112985421655 0.000739585637238
24 12 0.05 0.001 232 -0.002468192014762 0.000638084983373
24 12 0.05 0.001 233 -0.001860365549127 0.000534142717364
24 12 0.05 0.001 234 nan nan
24 12 0.05 0.001 235 0.006040626834736 0.000676611033954
24 12 0.05 0.001 236 0.011114768539527 0.000595729669256
24 12 0.05 0.001 237 0.016008216205205 0.000585249288156
24 12 0.05 0.001 238 0.020904503118047 0.000608635265826
24 12 0.05 0.001 239 nan nan
24 12 0.05 0.001 240 0.021467081192090 0.000561738013093
24 12 0.05 0.001 241 0.019582876071442 0.000621509336363
24 12 0.05 0.001 242 0.023039763214394 0.000681007351146
24 12 0.05 0.001 243 0.013913452644440 0.000659200472715
24 12 0.05 0.001 244 0.012439998011108 0.000634878627825
24 12 0.05 0.001 245 0.012876338282955 0.000739668900979
24 12 0.05 0.001 246 nan nan
24 12 0.05 0.001 247 0.020009719014604 0.000674272879857
24 12 0.05 0.001 248 0.027764910131092 0.000657695380372
24 12 0.05 0.001 249 0.033004183636651 0.000546414579632
24 12 0.05 0.001 250 0.036375050990188 0.000608455652332
24 12 0.05 0.001 251 0.038749207981191 0.000627779562397
24 12 0.05 0.001 252 0.037904170204757 0.000599082162247
24 12 0.05 0.001 253 0.031941562553897 0.000734939971000
24 12 0.05 0.001 254 0.029271766069096 0.000559323499804
24 12 0.05 0.001 255 0.024895456553773 0.000552007667504
24 12 0.05 0.001 256 0.022551257366791 0.000543784380958
24 12 0.05 0.001 257 0.023358991084703 0.000498706657816
24 12 0.05 0.001 258 0.025825102327574 0.000642005739308
24 12 0.05 0.001 259 0.031665323275580 0.000581392778819
24 12 0.05 0.001 260 0.038428845183329 0.000724544553221
24 12 0.05 0.001 261 0.045079647876266 0.000729645709272
24 12 0.05 0.001 262 0.047742335440724 0.000647312534190
24 12 0.05 0.001 263 0.046958474280735 0.000647818465152
24 12 0.05 0.001 264 nan nan
24 12 0.05 0.001 265 0.044479761072433 0.000450440975408
24 12 0.05 0.001 266 0.027918445382890 0.000501914447975
24 12 0.05 0.001 267 0.021308320365198 0.000568458919221
24 12 0.05 0.001 268 nan nan
24 12 0.05 0.001 269 0.013456793850401 0.000652811642969
24 12 0.05 0.001 270 0.015346181507121 0.000526493345227
24 12 0.05 0.001 271 0.019315084046080 0.000613039532727
24 12 0.05 0.001 272 0.024747906626027 0.000613145849225
24 12 0.05 0.001 273 0.030544624334658 0.000721478569083
24 12 0.05 0.001 274 0.032240699307558 0.000652775180414
24 12 0.05 0.001 275 0.031936797190571 0.000672701004566
24 12 0.05 0.001 276 0.026093500545742 0.000668226112308
24 12 0.05 0.001 277 0.018631592225505 0.000628496555146
24 12 0.05 0.001 278 0.008595572944566 0.000441542405647
24 12 0.05 0.001 279 -0.001493527114031 0.000431561275905
24 12 0.05 0.001 280 -0.005910585348274 0.000493993383965
24 12 0.05 0.001 281 -0.009301527041727 0.000551764206629
24 12 0.05 0.001 282 -0.007487187269586 0.000537837451126
24 12 0.05 0.001 283 -0.002428209911524 0.000660845536246
24 12 0.05 0.001 284 0.003561396195606 0.000642532860605
24 12 0.05 0.001 285 0.009025403596970 0.000775042140173
24 12 0.05 0.001 286 0.010996795573903 0.000803916426405
24 12 0.05 0.001 287 0.008151368560383 0.000761445080951
24 12 0.05 0.001 288 0.000719795837108 0.000718676781249
24 12 0.10 0.001 0 -0.001202765712066 0.000829709260893
24 12 0.10 0.001 1 nan nan
24 12 0.10 0.001 2 -0.043977664737836 0.000694982236894
24 12 0.10 0.001 3 -0.062847682911824 0.000518095397565
24 12 0.10 0.001 4 nan nan
24 12 0.10 0.001 5 -0.078039864112298 0.000616287557904
24 12 0.10 0.001 6 -0.075318427475137 0.000547250944145
24 12 0.10 0.001 7 -0.067638512151183 0.000700895288021
24 12 0.10 0.001 8 -0.056426881642001 0.000532967066964
24 12 0.10 0.001 9 -0.048994452974914 0.000541313132262
24 12 0.10 0.001 10 -0.045275589444911 0.000441272438477
24 12 0.10 0.001 11 -0.048027716039976 0.000579133715107
24 12 0.10 0.001 12 -0.056426107539862 0.000531303125883
24 12 0.10 0.001 13 -0.070583226455823 0.000689237220639
24 12 0.10 0.001 14 -0.085824675336723 0.000666686038038
24 12 0.10 0.001 15 -0.100563689950690 0.000642365358825
24 12 0.10 0.001 16 -0.110691912172561 0.000584187706329
24 12 0.10 0.001 17 -0.116669138439120 0.000600190704135
24 12 0.10 0.001 18 -0.114050334207147 0.000593709786659
24 12 0.10 0.001 19 -0.107810910047834 0.000509135093323
24 12 0.10 0.001 20 -0.099472211811058 0.000688425463187
24 12 0.10 0.001 21 -0.091996858358091 0.000637722067313
24 12 0.10 0.001 22 -0.087916809328311 0.000539280677745
24 12 0.10 0.001 23 -0.097811500898549 0.000639703659162
24 12 0.10 0.001 24 nan nan
24 12 0.10 0.001 25 -0.098146833390139 0.000737626114751
24 12 0.10 0.001 26 -0.107867162170344 0.000649040902648
24 12 0.10 0.001 27 -0.117211608055988 0.000609031783222
24 12 0.10 0.001 28 -0.122543266788295 0.000675092735879
24 12 0.10 0.001 29 -0.124924095652294 0.000753216600835
24 12 0.10 0.001 30 -0.120434216818604 0.000552396873704
24 12 0.10 0.001 31 nan nan
24 12 0.10 0.001 32 -0.104267010414919 0.000571905187143
24 12 0.10 0.001 33 -0.093772279414381 0.000609291423769
24 12 0.10 0.001 34 -0.085128246054961 0.000523671433257
24 12 0.10 0.001 35 -0.076504694235499 0.000805889499568
24 12 0.10 0.001 36 -0.071541148816218 0.000811280495061
24 12 0.10 0.001 37 -0.072695249984993 0.000647103362238
24 12 0.10 0.001 38 nan nan
24 12 0.10 0.001 39 -0.077952814808950 0.000706046822324
24 12 0.10 0.001 40 -0.080182181813955 0.000609745892419
24 12 0.10 0.001 41 -0.081238065415533 0.000757356406025
24 12 0.10 0.001 42 -0.080156694102646 0.000668046708825
24 12 0.10 0.001 43 nan nan
24 12 0.10 0.001 44 -0.069603715752102 0.000618621822539
24 12 0.10 0.001 45 -0.061268945463127 0.000750074289662
24 12 0.10 0.001 46 -0.055988304225606 0.000659806430720
24 12 0.10 0.001 47 -0.046874315170000 0.000712983557485
24 12 0.10 0.001 48 -0.041590619890467 0.000673942937122
24 12 0.10 0.001 49 -0.038979292037690 0.000608635974688
24 12 0.10 0.001 50 -0.038134226819376 0.000712606705479
24 12 0.10 0.001 51 -0.037069537349930 0.000638465647034
24 12 0.10 0.001 52 -0.038145633999383 0.000742700075537
24 12 0.10 0.001 53 -0.037823312866491 0.000687944844138
24 12 0.10 0.001 54 -0.036122472907970 0.000611765581805
24 12 0.10 0.001 55 -0.031638581192410 0.000695043514269
24 12 0.10 0.001 56 nan nan
24 12 0.10 0.001 57 -0.020199687607712 0.000739232279327
24 12 0.10 0.001 58 -0.015349356702910 0.000664606781607
24 12 0.10 0.001 59 nan nan
24 12 0.10 0.001 60 -0.004814227290863 0.000561407176903
24 12 0.10 0.001 61 -0.000410815169632 0.000502579012695
24 12 0.10 0.001 62 0.002872986789164 0.000591728079387
24 12 0.10 0.001 63 0.006376128092621 0.000489271399286
24 12 0.10 0.001 64 0.007635800088289 0.000561243641469
24 12 0.10 0.001 65 0.007868147098732 0.000757324342435
24 12 0.10 0.001 66 0.010313522386491 0.000564880462058
24 12 0.10 0.001 67 0.011613205627425 0.000615351836850
24 12 0.10 0.001 68 0.013599854459596 0.000503573740476
24 12 0.10 0.001 69 0.022487424811046 0.000605677638277
24 12 0.10 0.001 70 0.017020802248950 0.000598787822083
24 12 0.10 0.001 71 nan nan
24 12 0.10 0.001 72 0.019509808118835 0.000667639257962
24 12 0.10 0.001 73 0.018006049078396 0.000526482888512
24 12 0.10 0.001 74 0.014668783638147 0.000607836980049
24 12 0.10 0.001 75 0.009155878073724 0.000670668968182
24 12 0.10 0.001 76 nan nan
24 12 0.10 0.001 77 -0.004113129995440 0.000612497795148
24 12 0.10 0.001 78 -0.011463329753047 0.000604132871838
24 12 0.10 0.001 79 -0.017067765450299 0.000599718382783
24 12 0.10 0.001 80 -0.020670436937526 0.000584167485497
24 12 0.10 0.001 81 -0.022901530684914 0.000565666966035
24 12 0.10 0.001 82 -0.022809624934769 0.000478364096584
24 12 0.10 0.001 83 -0.020553475792708 0.000550081689818
24 12 0.10 0.001 84 -0.021071901819352 0.000428093578610
24 12 0.10 0.001 85 nan nan
24 12 0.10 0.001 86 -0.018520799455619 0.000611286683154
24 12 0.10 0.001 87 -0.018900938405841 0.000546409959922
24 12 0.10 0.001 88 -0.018117193517371 0.000519802615415
24 12 0.10 0.001 89 -0.017618773529452 0.000516894830790
24 12 0.10 0.001 90 -0.016045500746680 0.000535871122235
24 12 0.10 0.001 91 nan nan
24 12 0.10 0.001 92 -0.006847263568853 0.000491052524316
24 12 0.10 0.001 93 -0.006357116282053 0.000577325188536
24 12 0.10 0.001 94 -0.002377795303202 0.000484228820514
24 12 0.10 0.001 95 0.000777534384335 0.000568176064807
24 12 0.10 0.001 96 0.003159988731577 0.000514826091842
24 12 0.10 0.001 97 0.003762055096810 0.000561313432804
24 12 0.10 0.001 98 0.001467109444626 0.000622236654979
24 12 0.10 0.001 99 -0.001147916832092 0.000492817684101
24 12 0.10 0.001 100 -0.004894298846416 0.000683672780586
24 12 0.10 0.001 101 -0.008447923265204 0.000390678337909
24 12 0.10 0.001 102 -0.011883895683245 0.000516632258398
24 12 0.10 0.001 103 -0.011990630303653 0.000654174124988
24 12 0.10 0.001 104 -0.014171622545721 0.000610443610422
24 12 0.10 0.001 105 -0.011515749237861 0.000540876713643
24 12 0.10 0.001 106 -0.008020259238921 0.000584094495305
24 12 0.10 0.001 107 -0.005157171086676 0.000598877389888
24 12 0.10 0.001 108 -0.003357416706831 0.000501731435476
24 12 0.10 0.001 109 nan nan
24 12 0.10 0.001 110 -0.002860063994139 0.000470702861725
24 12 0.10 0.001 111 -0.004210843639549 0.000500901091667
24 12 0.10 0.001 112 -0.005943380900128 0.000549491995869
24 12 0.10 0.001 113 -0.007402103528805 0.000556679824389
24 12 0.10 0.001 114 -0.006856121438291 0.000549480553528
24 12 0.10 0.001 115 -0.003923278851342 0.000533089857206
24 12 0.10 0.001 116 -0.007336735617258 0.000584423438215
24 12 0.10 0.001 117 -0.007204548269647 0.000570552964145
24 12 0.10 0.001 118 -0.007038193620471 0.000618374528945
24 12 0.10 0.001 119 -0.006725251874802 0.000447908238786
24 12 0.10 0.001 120 -0.004933416054936 0.000539668635247
24 12 0.10 0.001 121 -0.004081495160823 0.000566018960400
24 12 0.10 0.001 122 -0.003716848850084 0.000460183366166
24 12 0.10 0.001 123 -0.004379494466786 0.000537957955578
24 12 0.10 0.001 124 -0.004735493997308 0.000657513475033
24 12 0.10 0.001 125 -0.005055326827475 0.000514575937560
24 12 0.10 0.001 126 -0.004782364254187 0.000472961277115
24 12 0.10 0.001 127 -0.006845314898116 0.000437909739332
24 12 0.10 0.001 128 -0.004666943748429 0.000498320203459
24 12 0.10 0.001 129 -0.005741806182784 0.000563766513586
24 12 0.10 0.001 130 -0.003955720529146 0.000431299628819
24 12 0.10 0.001 131 -0.003894615599966 0.000464949399628
24 12 0.10 0.001 132 -0.002861779738804 0.000479665866142
24 12 0.10 0.001 133 -0.002337270214931 0.000510425447569
24 12 0.10 0.001 134 -0.001982552823992 0.000461119450436
24 12 0.10 0.001 135 -0.002523059698019 0.000464374996138
24 12 0.10 0.001 136 -0.002131565515193 0.000518195120393
24 12 0.10 0.001 137 -0.002463638936397 0.000480388496111
24 12 0.10 0.001 138 -0.002075839299840 0.000474810808451
24 12 0.10 0.001 139 nan nan
24 12 0.10 0.001 140 -0.001463685024822 0.000563693667806
24 12 0.10 0.001 141 -0.001289423400312 0.000511423974880
24 12 0.10 0.001 142 -0.001281123597463 0.000500256215294
24 12 0.10 0.001 143 -0.000389622884553 0.000559889848146
24 12 0.10 0.001 144 -0.000101300680857 0.000532492300457
24 12 0.10 0.001 145 0.000208577746217 0.000570596465439
24 12 0.10 0.001 146 0.000859071654128 0.000436872820998
24 12 0.10 0.001 147 0.000318918380204 0.000577759298883
24 12 0.10 0.001 148 0.000282830428515 0.000416154398627
24 12 0.10 0.001 149 0.001064319534294 0.000516776182615
24 12 0.10 0.001 150 0.001876770685148 0.000441074370002
24 12 0.10 0.001 151 0.002705929333035 0.000522036626365
24 12 0.10 0.001 152 0.002421474958721 0.000421792516029
24 12 0.10 0.001 153 0.003134729931333 0.000599875746422
24 12 0.10 0.001 154 0.003359167860761 0.000661017298896
24 12 0.10 0.001 155 0.003914631896610 0.000469044398678
24 12 0.10 0.001 156 0.003190730527843 0.000525946156331
24 12 0.10 0.001 157 0.003187524246243 0.000413143679319
24 12 0.10 0.001 158 nan nan
24 12 0.10 0.001 159 0.002534185828641 0.000541760345968
24 12 0.10 0.001 160 0.002791872269244 0.000519114157867
24 12 0.10 0.001 161 0.002585038780996 0.000547997732509
24 12 0.10 0.001 162 0.004372087163384 0.000451931573496
24 12 0.10 0.001 163 0.004911963934982 0.000450751537653
24 12 0.10 0.001 164 nan nan
24 12 0.10 0.001 165 0.006549961988626 0.000481303052932
24 12 0.10 0.001 166 0.006788541944793 0.000652928209197
24 12 0.10 0.001 167 0.005184158644359 0.000534665364594
24 12 0.10 0.001 168 nan nan
24 12 0.10 0.001 169 0.004477831821555 0.000603421846773
24 12 0.10 0.001 170 0.003945490364907 0.000522237281095
24 12 0.10 0.001 171 0.002693181908149 0.000510204458295
24 12 0.10 0.001 172 0.001807204697593 0.000478997713236
24 12 0.10 0.001 173 0.005348295073940 0.000515397241114
24 12 0.10 0.001 174 0.005667148216549 0.000441770978938
24 12 0.10 0.001 175 0.007668039994385 0.000374142834480
24 12 0.10 0.001 176 0.008866261954715 0.000555640632452
24 12 0.10 0.001 177 0.007354966925552 0.000455468033430
24 12 0.10 0.001 178 0.006022889768290 0.000471769051945
24 12 0.10 0.001 179 0.004576020608236 0.000427374861024
24 12 0.10 0.001 180 0.003689488709000 0.000512897486527
24 12 0.10 0.001 181 0.002692296487094 0.000540813247626
24 12 0.10 0.001 182 0.003953498636034 0.000554874202195
24 12 0.10 0.001 183 0.004852275222335 0.000540547749366
24 12 0.10 0.001 184 nan nan
24 12 0.10 0.001 185 0.008087841400420 0.000511153486879
24 12 0.10 0.001 186 0.008114930475920 0.000585708991752
24 12 0.10 0.001 187 0.007542676087534 0.000531997352179
24 12 0.10 0.001 188 0.005328232282476 0.000503298679670
24 12 0.10 0.001 189 0.005467884468522 0.000530837304196
24 12 0.10 0.001 190 0.001136923673269 0.000539286195039
24 12 0.10 0.001 191 0.000115633188381 0.000527058045322
24 12 0.10 0.001 192 -0.002166555460767 0.000629974973903
24 12 0.10 0.001 193 -0.004985173371405 0.000483711773285
24 12 0.10 0.001 194 -0.004324762180287 0.000448748794329
24 12 0.10 0.001 195 -0.001978967198721 0.000536392665137
24 12 0.10 0.001 196 nan nan
24 12 0.10 0.001 197 0.004528611313632 0.000661337780434
24 12 0.10 0.001 198 0.009146352265664 0.000698853059836
24 12 0.10 0.001 199 0.012732218107705 0.000504696231307
24 12 0.10 0.001 200 0.018367166407226 0.000674433246016
24 12 0.10 0.001 201 0.020831094340877 0.000665116258103
24 12 0.10 0.001 202 0.021869743823673 0.000740907186672
24 12 0.10 0.001 203 0.021795970517802 0.000478258300582
24 12 0.10 0.001 204 0.022268660036885 0.000507301802064
24 12 0.10 0.001 205 0.017583343488119 0.000583263247234
24 12 0.10 0.001 206 0.014148066015089 0.000612506355235
24 12 0.10 0.001 207 0.008407972441844 0.000504540692697
24 12 0.10 0.001 208 0.009579435310848 0.000457099498595
24 12 0.10 0.001 209 0.004062656215780 0.000621551463435
24 12 0.10 0.001 210 0.000439949803028 0.000544849356614
24 12 0.10 0.001 211 -0.002219610928447 0.000596778144901
24 12 0.10 0.001 212 -0.005259633227306 0.000506280406545
24 12 0.10 0.001 213 -0.008313983418489 0.000401180593376
24 12 0.10 0.001 214 -0.012049845063372 0.000449986921521
24 12 0.10 0.001 215 -0.016043024602265 0.000482923391487
24 12 0.10 0.001 216 -0.020064394271381 0.000519578968098
24 12 0.10 0.001 217 -0.023364367820876 0.000605071684602
24 12 0.10 0.001 218 -0.027590652798268 0.000578641790670
24 12 0.10 0.001 219 -0.026500106218832 0.000504799315172
24 12 0.10 0.001 220 -0.029053795784810 0.000575437227438
24 12 0.10 0.001 221 -0.027594550122738 0.000520727558279
24 12 0.10 0.001 222 -0.024847695767387 0.000622078281161
24 12 0.10 0.001 223 -0.020832221854216 0.000541262962390
24 12 0.10 0.001 224 -0.014124745282208 0.000601534397468
24 12 0.10 0.001 225 -0.006866234332830 0.000603892057393
24 12 0.10 0.001 226 -0.001744837536682 0.000651939438927
24 12 0.10 0.001 227 0.002241666166984 0.000776279980968
24 12 0.10 0.001 228 0.004484396821362 0.000729727660991
24 12 0.10 0.001 229 0.004201242523226 0.000564727654990
24 12 0.10 0.001 230 0.002166736410313 0.000606886902882
24 12 0.10 0.001 231 0.005253274471748 0.000534463787615
24 12 0.10 0.001 232 nan nan
24 12 0.10 0.001 233 0.006989239237357 0.000639461084500
24 12 0.10 0.001 234 0.011728311822595 0.000775581870220
24 12 0.10 0.001 235 0.019030156676243 0.000668965300637
24 12 0.10 0.001 236 nan nan
24 12 0.10 0.001 237 0.032547867141220 0.000659229323365
24 12 0.10 0.001 238 0.040183856454874 0.000642178225009
24 12 0.10 0.001 239 0.042358930442191 0.000786145391469
24 12 0.10 0.001 240 0.042403219231683 0.000735757557287
24 12 0.10 0.001 241 0.039804989143425 0.000680613309066
24 12 0.10 0.001 242 0.049328176766972 0.000784956443677
24 12 0.10 0.001 243 0.038562954814926 0.000673055642368
24 12 0.10 0.001 244 0.037949360004968 0.000684478529816
24 12 0.10 0.001 245 0.040834264798789 0.000716331736976
24 12 0.10 0.001 246 0.045692204174100 0.000783711910026
24 12 0.10 0.001 247 0.053701502915582 0.000573017183001
24 12 0.10 0.001 248 0.061055236696651 0.000738572922490
24 12 0.10 0.001 249 nan nan
24 12 0.10 0.001 250 0.072055271837049 0.000685717375067
24 12 0.10 0.001 251 0.075292505421625 0.000675870166383
24 12 0.10 0.001 252 0.072552558030759 0.000735734399347
24 12 0.10 0.001 253 0.068059168814038 0.000576192647455
24 12 0.10 0.001 254 0.067894336147842 0.000691160082369
24 12 0.10 0.001 255 0.065348441306465 0.000734881136598
24 12 0.10 0.001 256 0.066513080137323 0.000745164833226
24 12 0.10 0.001 257 0.069771548412714 0.000876629192039
24 12 0.10 0.001 258 0.077957060522757 0.000736278168456
24 12 0.10 0.001 259 0.085696762619814 0.000724692430566
24 12 0.10 0.001 260 0.095414396717429 0.000735422443638
24 12 0.10 0.001 261 0.099357295564839 0.000705528053534
24 12 0.10 0.001 262 nan nan
24 12 0.10 0.001 263 0.098554075473142 0.000579060535591
24 12 0.10 0.001 264 0.090664028960115 0.000634333498696
24 12 0.10 0.001 265 0.095534617328790 0.000551840197715
24 12 0.10 0.001 266 0.069438280232735 0.000630707496051
24 12 0.10 0.001 267 nan nan
24 12 0.10 0.001 268 0.056533818821764 0.000571917695696
24 12 0.10 0.001 269 0.055931289717041 0.000523358491575
24 12 0.10 0.001 270 0.060366803212019 0.000589903615055
24 12 0.10 0.001 271 0.067275580564758 0.000667537738249
24 12 0.10 0.001 272 0.073149574056147 0.000623690538813
24 12 0.10 0.001 273 0.078098996244923 0.000656470310684
24 12 0.10 0.001 274 0.075890277951913 0.000572506811004
24 12 0.10 0.001 275 0.068194040119160 0.000523849175501
24 12 0.10 0.001 276 0.056447974607871 0.000521261133004
24 12 0.10 0.001 277 0.042831805394365 0.000546571697596
24 12 0.10 0.001 278 0.028621265070182 0.000452139310740
24 12 0.10 0.001 279 0.017591049225849 0.000484104435047
24 12 0.10 0.001 280 0.011184955066779 0.000553952928383
24 12 0.10 0.001 281 0.011540166363003 0.000610547061588
24 12 0.10 0.001 282 0.016207323221791 0.000452516362233
24 12 0.10 0.001 283 0.024634370530762 0.000801070965647
24 12 0.10 0.001 284 0.030602493365096 0.000688563856394
24 12 0.10 0.001 285 nan nan
24 12 0.10 0.001 286 0.029662054255356 0.000731882591211
24 12 0.10 0.001 287 0.018390682237307 0.000857099514180
24 12 0.10 0.001 288 0.000344977653394 0.000863418906547
24 12 0.15 0.001 0 nan nan
24 12 0.15 0.001 1 -0.036927506863481 0.000815368818495
24 12 0.15 0.001 2 -0.073627398042887 0.000663384199268
24 12 0.15 0.001 3 -0.099095282447892 0.000767931409355
24 12 0.15 0.001 4 -0.115114117279727 0.000664828472532
24 12 0.15 0.001 5 -0.119376697988666 0.000768586841759
24 12 0.15 0.001 6 -0.111321926150037 0.000574742673570
24 12 0.15 0.001 7 -0.098328316127466 0.000560504196004
24 12 0.15 0.001 8 -0.084356621019355 0.000520920778801
24 12 0.15 0.001 9 -0.075708275728002 0.000593157113836
24 12 0.15 0.001 10 -0.075541966967429 0.000513576693924
24 12 0.15 0.001 11 -0.083366285879129 0.000610925308978
24 12 0.15 0.001 12 -0.099096300108963 0.000652509165740
24 12 0.15 0.001 13 -0.123873500539995 0.000500997674634
24 12 0.15 0.001 14 -0.146765599459224 0.000654190829503
24 12 0.15 0.001 15 -0.167101186706201 0.000684079971697
24 12 0.15 0.001 16 -0.183208747354593 0.000679936674455
24 12 0.15 0.001 17 -0.185518782818803 0.000710794964576
24 12 0.15 0.001 18 -0.181062087171621 0.000724102518003
24 12 0.15 0.001 19 nan nan
24 12 0.15 0.001 20 -0.160751684810748 0.000825293009182
24 12 0.15 0.001 21 -0.151100297964785 0.000584139652702
24 12 0.15 0.001 22 -0.146971751976992 0.000677256573962
24 12 0.15 0.001 23 -0.171671955497353 0.000780250495528
24 12 0.15 0.001 24 -0.156488498581750 0.001000404258239
24 12 0.15 0.001 25 -0.170437786985657 0.000648489690070
24 12 0.15 0.001 26 -0.182281693583494 0.000950046769505
24 12 0.15 0.001 27 -0.190951539345423 0.000873443617283
24 12 0.15 0.001 28 -0.196491364075325 0.000704096840637
24 12 0.15 0.001 29 -0.192853606520675 0.000725742103340
24 12 0.15 0.001 30 -0.183738201056610 0.000584383361233
24 12 0.15 0.001 31 -0.170168185269141 0.000826787446866
24 12 0.15 0.001 32 -0.154790479307812 0.000806368446420
24 12 0.15 0.001 33 -0.138246923396522 0.000755993474187
24 12 0.15 0.001 34 -0.123336528304315 0.000658049176992
24 12 0.15 0.001 35 -0.109333349822641 0.000669080306187
24 12 0.15 0.001 36 nan nan
24 12 0.15 0.001 37 -0.101130041001707 0.000760994668769
24 12 0.15 0.001 38 -0.103662532833859 0.000712095018133
24 12 0.15 0.001 39 nan nan
24 12 0.15 0.001 40 -0.113665776095858 0.000773869058548
24 12 0.15 0.001 41 -0.111726913146612 0.000719839092772
24 12 0.15 0.001 42 -0.109308167840927 0.000731892573301
24 12 0.15 0.001 43 -0.100840125124858 0.000791853712763
24 12 0.15 0.001 44 -0.094272025706849 0.000736330633282
24 12 0.15 0.001 45 -0.084220906111585 0.000682280167437
24 12 0.15 0.001 46 -0.079809631887935 0.000767143086432
24 12 0.15 0.001 47 -0.065758303875554 0.000702474359938
24 12 0.15 0.001 48 -0.060686000865430 0.000649036695437
24 12 0.15 0.001 49 -0.057336413161194 0.000722614744199
24 12 0.15 0.001 50 -0.053963463067731 0.000630362963047
24 12 0.15 0.001 51 -0.051879901194763 0.000706656105879
24 12 0.15 0.001 52 -0.049863851388913 0.000726125449771
24 12 0.15 0.001 53 -0.047730474828588 0.000718931716787
24 12 0.15 0.001 54 -0.043639329764945 0.000660233912946
24 12 0.15 0.001 55 -0.037465591864022 0.000762417525573
24 12 0.15 0.001 56 -0.029130845861593 0.000647679403587
24 12 0.15 0.001 57 -0.020333109540788 0.000670455419229
24 12 0.15 0.001 58 -0.016909880890020 0.000767199110399
24 12 0.15 0.001 59 -0.012235251002477 0.000708849890003
24 12 0.15 0.001 60 -0.007139322151884 0.000613867636884
24 12 0.15 0.001 61 -0.001586455677624 0.000797855856895
24 12 0.15 0.001 62 0.005337520178686 0.000752388138657
24 12 0.15 0.001 63 0.009099640019256 0.000621716950641
24 12 0.15 0.001 64 0.013549061817012 0.000686419196380
24 12 0.15 0.001 65 0.017749411565814 0.000605184900092
24 12 0.15 0.001 66 0.020154245760096 0.000627932362122
24 12 0.15 0.001 67 0.025863642037047 0.000652871106814
24 12 0.15 0.001 68 0.027505309937309 0.000514601076009
24 12 0.15 0.001 69 0.038586428438535 0.000483586794253
24 12 0.15 0.001 70 0.032880694017605 0.000706978360205
24 12 0.15 0.001 71 0.033826213749505 0.000633786208001
24 12 0.15 0.001 72 0.033744262107241 0.000602261914532
24 12 0.15 0.001 73 0.030421836971625 0.000604173487224
24 12 0.15 0.001 74 0.021740285881843 0.000713883455686
24 12 0.15 0.001 75 0.011364320218166 0.000525496168992
24 12 0.15 0.001 76 0.001144829858720 0.000666932635194
24 12 0.15 0.001 77 -0.010542078552760 0.000596762090609
24 12 0.15 0.001 78 -0.021477157512180 0.000657622609391
24 12 0.15 0.001 79 -0.028959201098654 0.000572508990195
24 12 0.15 0.001 80 -0.034575898582841 0.000669972203118
24 12 0.15 0.001 81 nan nan
24 12 0.15 0.001 82 -0.038559389691532 0.000598912341594
24 12 0.15 0.001 83 -0.036730057140003 0.000493714605673
24 12 0.15 0.001 84 -0.034823005236609 0.000688274278972
24 12 0.15 0.001 85 -0.031926269131810 0.000653569003088
24 12 0.15 0.001 86 -0.031985424452265 0.000527819417335
24 12 0.15 0.001 87 -0.029132196166674 0.000601470466787
24 12 0.15 0.001 88 -0.025313938538785 0.000677058845383
24 12 0.15 0.001 89 -0.023801286278768 0.000559077216003
24 12 0.15 0.001 90 -0.020548501537435 0.000636129287093
24 12 0.15 0.001 91 -0.015418944384811 0.000502521015674
24 12 0.15 0.001 92 -0.005524031470746 0.000610706716123
24 12 0.15 0.001 93 -0.003315319036214 0.000573826624015
24 12 0.15 0.001 94 0.002992927750036 0.000534577172892
24 12 0.15 0.001 95 0.008762974899321 0.000596388466026
24 12 0.15 0.001 96 0.010782044326054 0.000559460177679
24 12 0.15 0.001 97 0.009363044581725 0.000523850743593
24 12 0.15 0.001 98 0.004276213324829 0.000625993970188
24 12 0.15 0.001 99 -0.003492557058151 0.000468810157649
24 12 0.15 0.001 100 -0.008873031127208 0.000568121556360
24 12 0.15 0.001 101 -0.015172347871814 0.000440371176626
24 12 0.15 0.001 102 nan nan
24 12 0.15 0.001 103 -0.018552679824866 0.000600418197352
24 12 0.15 0.001 104 -0.018692465928379 0.000503711238372
24 12 0.15 0.001 105 -0.013981825149859 0.000592708215660
24 12 0.15 0.001 106 -0.008233545305100 0.000583744908065
24 12 0.15 0.001 107 -0.002606490674306 0.000544801764869
24 12 0.15 0.001 108 -0.000359070780222 0.000579152134984
24 12 0.15 0.001 109 -0.000017094447560 0.000565568064628
24 12 0.15 0.001 110 -0.003820086230181 0.000539721201288
24 12 0.15 0.001 111 -0.007197117853044 0.000582636127826
24 12 0.15 0.001 112 nan nan
24 12 0.15 0.001 113 -0.010437383302020 0.000544249527611
24 12 0.15 0.001 114 -0.007749781779589 0.000415193250660
24 12 0.15 0.001 115 -0.003830320219621 0.000409379752712
24 12 0.15 0.001 116 -0.007118261723675 0.000569830885033
24 12 0.15 0.001 117 -0.009613686539487 0.000600579466256
24 12 0.15 0.001 118 -0.009959079157684 0.000579809135543
24 12 0.15 0.001 119 -0.007793718693458 0.000606631567859
24 12 0.15 0.001 120 -0.006969431060797 0.000479424704279
24 12 0.15 0.001 121 -0.005210838313825 0.000615753960247
24 12 0.15 0.001 122 -0.006986306263649 0.000569441282164
24 12 0.15 0.001 123 -0.005381733960041 0.000553517295599
24 12 0.15 0.001 124 -0.005069016580351 0.000471086285060
24 12 0.15 0.001 125 -0.005648929080466 0.000600170610073
24 12 0.15 0.001 126 -0.005679858865238 0.000571187781761
24 12 0.15 0.001 127 -0.006858154793932 0.000590341945492
24 12 0.15 0.001 128 -0.007720816018116 0.000483784650240
24 12 0.15 0.001 129 -0.007425041825149 0.000622330391385
24 12 0.15 0.001 130 nan nan
24 12 0.15 0.001 131 -0.005972435006598 0.000544316783830
24 12 0.15 0.001 132 -0.005418387901392 0.000451647891543
24 12 0.15 0.001 133 nan nan
24 12 0.15 0.001 134 -0.003918664708839 0.000536944179282
24 12 0.15 0.001 135 -0.003617502791331 0.000487821049252
24 12 0.15 0.001 136 -0.003346287528176 0.000610005842104
24 12 0.15 0.001 137 -0.003417990316978 0.000510503119303
24 12 0.15 0.001 138 -0.002299743372128 0.000529027812327
24 12 0.15 0.001 139 -0.003169746255445 0.000409906742868
24 12 0.15 0.001 140 -0.001795606285963 0.000608112399933
24 12 0.15 0.001 141 nan nan
24 12 0.15 0.001 142 nan nan
24 12 0.15 0.001 143 -0.000493636085826 0.000596068544768
24 12 0.15 0.001 144 nan nan
24 12 0.15 0.001 145 -0.000063613219406 0.000677847311208
24 12 0.15 0.001 146 0.000314975935810 0.000444849562126
24 12 0.15 0.001 147 0.000909966675068 0.000471091466275
24 12 0.15 0.001 148 0.000982720175812 0.000464195158520
24 12 0.15 0.001 149 0.000549125359350 0.000527212502160
24 12 0.15 0.001 150 0.003445554949733 0.000627282950875
24 12 0.15 0.001 151 0.003204783904306 0.000530160663523
24 12 0.15 0.001 152 0.003039174888961 0.000543695216930
24 12 0.15 0.001 153 0.004012020270396 0.000528111125739
24 12 0.15 0.001 154 0.004355627904450 0.000548011371189
24 12 0.15 0.001 155 0.004316310753083 0.000702720094463
24 12 0.15 0.001 156 0.004871804666459 0.000481031412413
24 12 0.15 0.001 157 0.004334616365058 0.000560763511300
24 12 0.15 0.001 158 0.003376226246614 0.000486721454854
24 12 0.15 0.001 159 nan nan
24 12 0.15 0.001 160 0.004013314939723 0.000565759705894
24 12 0.15 0.001 161 0.005282051161111 0.000424770570732
24 12 0.15 0.001 162 0.006434201878494 0.000434756652107
24 12 0.15 0.001 163 0.006565071448233 0.000459729599921
24 12 0.15 0.001 164 0.006545130150267 0.000567569049981
24 12 0.15 0.001 165 0.008206142258284 0.000657425284085
24 12 0.15 0.001 166 0.007805777104473 0.000633012997087
24 12 0.15 0.001 167 0.006066463376524 0.000484382855739
24 12 0.15 0.001 168 0.006688965154632 0.000604496008133
24 12 0.15 0.001 169 0.005827472638404 0.000470218546223
24 12 0.15 0.001 170 0.005936890187824 0.000547620803750
24 12 0.15 0.001 171 0.004055179878535 0.000459900752516
24 12 0.15 0.001 172 0.002579824143416 0.000600212815565
24 12 0.15 0.001 173 0.005267354271740 0.000443982645280
24 12 0.15 0.001 174 0.006509442194500 0.000473103091439
24 12 0.15 0.001 175 0.010594061183793 0.000554533701742
24 12 0.15 0.001 176 0.012521810649116 0.000519321294112
24 12 0.15 0.001 177 0.010170213870762 0.000487269324232
24 12 0.15 0.001 178 0.006849343923968 0.000511573016733
24 12 0.15 0.001 179 0.002244001211108 0.000464747449578
24 12 0.15 0.001 180 0.000063368503042 0.000559905912332
24 12 0.15 0.001 181 0.000829547776858 0.000418136654713
24 12 0.15 0.001 182 0.003571538002393 0.000472579505357
24 12 0.15 0.001 183 0.006286709621551 0.000551725602121
24 12 0.15 0.001 184 0.009250903610720 0.000601361506235
24 12 0.15 0.001 185 0.013936396304021 0.000536702194092
24 12 0.15 0.001 186 0.014225058305016 0.000550696184240
24 12 0.15 0.001 187 nan nan
24 12 0.15 0.001 188 0.010904350881945 0.000507473093371
24 12 0.15 0.001 189 0.006709783364627 0.000477500331911
24 12 0.15 0.001 190 -0.000918510759372 0.000474517167063
24 12 0.15 0.001 191 -0.007195966568054 0.000509445011600
24 12 0.15 0.001 192 -0.010511778609756 0.000492709901094
24 12 0.15 0.001 193 -0.012762747706327 0.000570796006832
24 12 0.15 0.001 194 -0.010696067632681 0.000500535191870
24 12 0.15 0.001 195 -0.008046985644756 0.000538161404418
24 12 0.15 0.001 196 0.003737671334392 0.000583902114139
24 12 0.15 0.001 197 0.007377923836392 0.000644877077397
24 12 0.15 0.001 198 0.012644283820881 0.000625591890911
24 12 0.15 0.001 199 0.020971711810579 0.000673202712602
24 12 0.15 0.001 200 0.026271293470649 0.000681903707580
24 12 0.15 0.001 201 0.031120584969634 0.000530851486802
24 12 0.15 0.001 202 0.035161009481491 0.000529364944214
24 12 0.15 0.001 203 0.035055013005597 0.000645163564602
24 12 0.15 0.001 204 0.035391786228761 0.000554825950862
24 12 0.15 0.001 205 0.031695135582487 0.000674358449091
24 12 0.15 0.001 206 0.028813741845623 0.000554422925556
24 12 0.15 0.001 207 0.024713656346680 0.000545267737541
24 12 0.15 0.001 208 0.022534593129396 0.000626940416496
24 12 0.15 0.001 209 0.016222763026256 0.000647452050987
24 12 0.15 0.001 210 0.010024186253796 0.000566684613370
24 12 0.15 0.001 211 0.003596134997638 0.000679947742788
24 12 0.15 0.001 212 -0.003197503794749 0.000587556734723
24 12 0.15 0.001 213 -0.011626433385259 0.000609353442558
24 12 0.15 0.001 214 -0.019144718300825 0.000529799270322
24 12 0.15 0.001 215 -0.027362569634331 0.000613586713217
24 12 0.15 0.001 216 -0.033493359643390 0.000584632299947
24 12 0.15 0.001 217 -0.039331207323472 0.000530211789060
24 12 0.15 0.001 218 -0.041892174071310 0.000546448483155
24 12 0.15 0.001 219 -0.043550170195050 0.000593405713526
24 12 0.15 0.001 220 -0.043392192979382 0.000651254140563
24 12 0.15 0.001 221 -0.041035427744960 0.000572911031959
24 12 0.15 0.001 222 -0.036697793198406 0.000629856800086
24 12 0.15 0.001 223 -0.028588936573101 0.000608921416491
24 12 0.15 0.001 224 -0.019092383136485 0.000719796158478
24 12 0.15 0.001 225 -0.010842561165242 0.000729136417744
24 12 0.15 0.001 226 -0.003498967066305 0.000572105262698
24 12 0.15 0.001 227 0.003648885675428 0.000691421693287
24 12 0.15 0.001 228 0.006880617682963 0.000697011061318
24 12 0.15 0.001 229 0.005577008782879 0.000705788608370
24 12 0.15 0.001 230 0.002779724810040 0.000765006573507
24 12 0.15 0.001 231 0.003956564405980 0.000609698481248
24 12 0.15 0.001 232 0.005817565237904 0.000609590298155
24 12 0.15 0.001 233 0.012506798884582 0.000501776998563
24 12 0.15 0.001 234 0.019802414494839 0.000664073950554
24 12 0.15 0.001 235 0.028589318789099 0.000717540014480
24 12 0.15 0.001 236 0.039000815174307 0.000701661964074
24 12 0.15 0.001 237 0.047517192197299 0.000871231817385
24 12 0.15 0.001 238 0.053616091805863 0.000771423719935
24 12 0.15 0.001 239 0.058623909885182 0.000769446860536
24 12 0.15 0.001 240 0.061552643172310 0.000792347924218
24 12 0.15 0.001 241 0.058997778770333 0.000655607655799
24 12 0.15 0.001 242 0.071670519119695 0.000699625040695
24 12 0.15 0.001 243 0.060761117217512 0.000847386392161
24 12 0.15 0.001 244 0.061552505603619 0.000754901844695
24 12 0.15 0.001 245 nan nan
24 12 0.15 0.001 246 0.075007338398239 0.000744610503993
24 12 0.15 0.001 247 0.085187981024823 0.000610490951092
24 12 0.15 0.001 248 0.094767707875675 0.000660805419297
24 12 0.15 0.001 249 0.100654334925297 0.000743022150411
24 12 0.15 0.001 250 0.099765907862835 0.000603774846811
24 12 0.15 0.001 251 0.101863460897119 0.000741776858985
24 12 0.15 0.001 252 0.104056879964758 0.000737364298059
24 12 0.15 0.001 253 0.099794498301281 0.000764872002123
24 12 0.15 0.001 254 0.106921703189901 0.000742145030710
24 12 0.15 0.001 255 0.108576930376175 0.000683590619892
24 12 0.15 0.001 256 0.114604303059760 0.000644557227600
24 12 0.15 0.001 257 0.125619370549650 0.000661711919630
24 12 0.15 0.001 258 0.139505374029876 0.000778324824864
24 12 0.15 0.001 259 0.153607897731568 0.000851261323023
24 12 0.15 0.001 260 0.167258623004155 0.000561594832231
24 12 0.15 0.001 261 0.175767239942704 0.000884122122388
24 12 0.15 0.001 262 0.175449974588474 0.000733614178789
24 12 0.15 0.001 263 0.170067124260922 0.000709216275699
24 12 0.15 0.001 264 0.156376959414842 0.000671511701199
24 12 0.15 0.001 265 0.167218633506183 0.000691725211417
24 12 0.15 0.001 266 0.128225462487456 0.000562679404289
24 12 0.15 0.001 267 0.118086071021594 0.000653436749288
24 12 0.15 0.001 268 0.114110337939361 0.000648236989304
24 12 0.15 0.001 269 0.117405267407059 0.000808976134498
24 12 0.15 0.001 270 0.125786931796284 0.000626310878872
24 12 0.15 0.001 271 0.134325322302835 0.000701757446925
24 12 0.15 0.001 272 0.141786811793067 0.000589388517109
24 12 0.15 0.001 273 0.143850289766197 0.000598045961077
24 12 0.15 0.001 274 0.136451646652779 0.000689044879407
24 12 0.15 0.001 275 0.120193004621879 0.000692452962570
24 12 0.15 0.001 276 0.099794810760507 0.000715451771981
24 12 0.15 0.001 277 0.078071402721924 0.000648493154441
24 12 0.15 0.001 278 0.056340224663049 0.000562387404496
24 12 0.15 0.001 279 nan nan
24 12 0.15 0.001 280 0.036379583714423 0.000568844977860
24 12 0.15 0.001 281 0.039539977880065 0.000451566204018
24 12 0.15 0.001 282 0.049556523572485 0.000572831049090
24 12 0.15 0.001 283 0.061902578191196 0.000672171758288
24 12 0.15 0.001 284 0.070380386968971 0.000632101241864
24 12 0.15 0.001 285 0.070309054255163 0.000676050988869
24 12 0.15 0.001 286 0.058351095234085 0.000796774409542
24 12 0.15 0.001 287 0.035229683838079 0.000663239573352
24 12 0.15 0.001 288 -0.000310077794166 0.000764030367084
24 12 0.20 0.001 0 -0.000041204378521 0.001001993513626
24 12 0.20 0.001 1 -0.073575719619172 0.000870885391999
24 12 0.20 0.001 2 -0.140321682512261 0.000858907063198
24 12 0.20 0.001 3 -0.188978822258989 0.000700019758656
24 12 0.20 0.001 4 -0.211719912930459 0.000857349328693
24 12 0.20 0.001 5 -0.214683740229580 0.000786963845813
24 12 0.20 0.001 6 -0.196923587781872 0.000717259593919
24 12 0.20 0.001 7 -0.172486927834228 0.000663042694048
24 12 0.20 0.001 8 -0.148180824273661 0.000873587561046
24 12 0.20 0.001 9 -0.135886042614170 0.000682308181658
24 12 0.20 0.001 10 -0.141346395870012 0.000771303267190
24 12 0.20 0.001 11 -0.166268790773356 0.000774755490405
24 12 0.20 0.001 12 -0.202256328382550 0.000788858218651
24 12 0.20 0.001 13 -0.247531242597825 0.000930087586328
24 12 0.20 0.001 14 -0.293363185252544 0.001011265866234
24 12 0.20 0.001 15 -0.329141937746440 0.001321682128457
24 12 0.20 0.001 16 -0.348308027156176 0.001115301321102
24 12 0.20 0.001 17 -0.351945867735521 0.001095860243665
24 12 0.20 0.001 18 -0.339929171711117 0.001011559929740
24 12 0.20 0.001 19 -0.320091521113743 0.001122451823867
24 12 0.20 0.001 20 -0.298103402178066 0.000928002645737
24 12 0.20 0.001 21 -0.282040546811275 0.001047560798314
24 12 0.20 0.001 22 -0.276351898453120 0.001065729526821
24 12 0.20 0.001 23 -0.323438640769135 0.001137744922983
24 12 0.20 0.001 24 -0.289650604529698 0.000865885179671
24 12 0.20 0.001 25 -0.307208010368393 0.001081288989789
24 12 0.20 0.001 26 -0.320161427698858 0.001070307892192
24 12 0.20 0.001 27 -0.328005452295480 0.001100697896804
24 12 0.20 0.001 28 nan nan
24 12 0.20 0.001 29 -0.313290553606121 0.000946088685874
24 12 0.20 0.001 30 -0.288570029508749 0.000900016086659
24 12 0.20 0.001 31 -0.258869747021688 0.001014842320125
24 12 0.20 0.001 32 -0.225809752251150 0.000886046806761
24 12 0.20 0.001 33 -0.193770808561766 0.000829114283099
24 12 0.20 0.001 34 -0.161639081490303 0.000827357391751
24 12 0.20 0.001 35 -0.126385598954827 0.000805927823315
24 12 0.20 0.001 36 -0.115718407182561 0.000738296295375
24 12 0.20 0.001 37 nan nan
24 12 0.20 0.001 38 -0.127747604352279 0.000912797860178
24 12 0.20 0.001 39 -0.148048778360212 0.000738194853014
24 12 0.20 0.001 40 -0.157647026483464 0.000858908362824
24 12 0.20 0.001 41 -0.145051310906179 0.000970352900873
24 12 0.20 0.001 42 nan nan
24 12 0.20 0.001 43 -0.132888806947339 0.001032637653356
24 12 0.20 0.001 44 -0.119657376424709 0.001022839206861
24 12 0.20 0.001 45 -0.108709665580687 0.001007953841412
24 12 0.20 0.001 46 nan nan
24 12 0.20 0.001 47 -0.090718453592274 0.001006857213281
24 12 0.20 0.001 48 -0.090965890339709 0.000928615385484
24 12 0.20 0.001 49 -0.075804403667252 0.000909152364226
24 12 0.20 0.001 50 -0.070122115622716 0.000985415340642
24 12 0.20 0.001 51 -0.065991351945702 0.000786760666630
24 12 0.20 0.001 52 -0.062213051211467 0.000798633065970
24 12 0.20 0.001 53 -0.055887048838400 0.000979342177393
24 12 0.20 0.001 54 -0.049345843375285 0.000967775719736
24 12 0.20 0.001 55 -0.045095287729668 0.000894135559289
24 12 0.20 0.001 56 -0.029297514269748 0.000814080970355
24 12 0.20 0.001 57 -0.011228374541448 0.000795507989035
24 12 0.20 0.001 58 -0.008688359012684 0.000797084690037
24 12 0.20 0.001 59 -0.012618757609309 0.000658619182485
24 12 0.20 0.001 60 -0.019620636392335 0.000769428853669
24 12 0.20 0.001 61 -0.010338341045793 0.000877096945818
24 12 0.20 0.001 62 -0.002418209085789 0.000982470165168
24 12 0.20 0.001 63 0.005102387926710 0.000796223288694
24 12 0.20 0.001 64 0.011802379645141 0.000791133395067
24 12 0.20 0.001 65 0.017899008481402 0.000624995960843
24 12 0.20 0.001 66 0.027418905140054 0.000718221646425
24 12 0.20 0.001 67 0.035225978630932 0.000705684481454
24 12 0.20 0.001 68 0.043009105019522 0.000739035504179
24 12 0.20 0.001 69 0.058443350806490 0.000649601113300
24 12 0.20 0.001 70 0.051122548151507 0.000752167592728
24 12 0.20 0.001 71 0.054985339882964 0.000608776162631
24 12 0.20 0.001 72 nan nan
24 12 0.20 0.001 73 nan nan
24 12 0.20 0.001 74 0.022051675825290 0.000625001493756
24 12 0.20 0.001 75 0.000862009787151 0.000837319974644
24 12 0.20 0.001 76 -0.021917484318996 0.000555597093720
24 12 0.20 0.001 77 -0.042902499706837 0.000699883763438
24 12 0.20 0.001 78 -0.059436846331923 0.000698483446650
24 12 0.20 0.001 79 -0.071892688854146 0.000900301730800
24 12 0.20 0.001 80 -0.079228035562140 0.000789242423187
24 12 0.20 0.001 81 -0.073769940200315 0.000704357697152
24 12 0.20 0.001 82 -0.065101608327171 0.000683658021561
24 12 0.20 0.001 83 -0.058764197694814 0.000857300944108
24 12 0.20 0.001 84 -0.065133031580209 0.000783026910310
24 12 0.20 0.001 85 -0.053234047852320 0.000883027824576
24 12 0.20 0.001 86 -0.049391908562152 0.000689973164549
24 12 0.20 0.001 87 -0.044550294703346 0.000728519332712
24 12 0.20 0.001 88 -0.037009733712329 0.000619840131194
24 12 0.20 0.001 89 -0.029929539321847 0.000668186329232
24 12 0.20 0.001 90 -0.023543190121742 0.000658424724213
24 12 0.20 0.001 91 -0.022637390519178 0.000749551839615
24 12 0.20 0.001 92 -0.010177662617194 0.000819758338386
24 12 0.20 0.001 93 -0.000744906487168 0.000667951743994
24 12 0.20 0.001 94 0.014600792458024 0.000547829167070
24 12 0.20 0.001 95 0.025302867304052 0.000632934253546
24 12 0.20 0.001 96 0.021856778916162 0.000645015834186
24 12 0.20 0.001 97 0.016816884385647 0.000670224267174
24 12 0.20 0.001 98 0.000357854997476 0.000723878079804
24 12 0.20 0.001 99 -0.016900783960048 0.000665531412471
24 12 0.20 0.001 100 -0.030825674386844 0.000679866609612
24 12 0.20 0.001 101 -0.034264521604558 0.000648358998162
24 12 0.20 0.001 102 -0.034983010101626 0.000784050515132
24 12 0.20 0.001 103 -0.031945043939586 0.000768995905117
24 12 0.20 0.001 104 -0.025986133583581 0.000735594180303
24 12 0.20 0.001 105 -0.017962842846794 0.000610309778037
24 12 0.20 0.001 106 -0.006518541242418 0.000698149994872
24 12 0.20 0.001 107 0.006873797193266 0.000689577992878
24 12 0.20 0.001 108 0.006366939122062 0.000654365780510
24 12 0.20 0.001 109 0.002897034563954 0.000564355384625
24 12 0.20 0.001 110 -0.010538529795602 0.000695205218396
24 12 0.20 0.001 111 -0.017242408122283 0.000671674860372
24 12 0.20 0.001 112 -0.019411906275822 0.000554993938576
24 12 0.20 0.001 113 -0.015428645637684 0.000570694705517
24 12 0.20 0.001 114 -0.005996274821734 0.000602682780856
24 12 0.20 0.001 115 0.003123499419402 0.000611043506343
24 12 0.20 0.001 116 nan nan
24 12 0.20 0.001 117 -0.013647851353619 0.000703921254786
24 12 0.20 0.001 118 -0.015184579791565 0.000559357574145
24 12 0.20 0.001 119 -0.008229516533317 0.000558876399615
24 12 0.20 0.001 120 -0.005350004791135 0.000638451769366
24 12 0.20 0.001 121 -0.006232183020896 0.000546350269722
24 12 0.20 0.001 122 -0.009744038325517 0.000615038812957
24 12 0.20 0.001 123 -0.004628791111506 0.000594138903480
24 12 0.20 0.001 124 -0.004744714004548 0.000753000981348
24 12 0.20 0.001 125 -0.008506195986024 0.000668353803847
24 12 0.20 0.001 126 -0.004599766714796 0.000613934656220
24 12 0.20 0.001 127 -0.010127246955970 0.000637908857326
24 12 0.20 0.001 128 -0.006723222490787 0.000669374848414
24 12 0.20 0.001 129 -0.008342494332349 0.000452465627159
24 12 0.20 0.001 130 -0.007303802696632 0.000563637157662
24 12 0.20 0.001 131 -0.005921053296332 0.000571833683226
24 12 0.20 0.001 132 -0.009839395526853 0.000649273239154
24 12 0.20 0.001 133 -0.005904430139373 0.000693287150807
24 12 0.20 0.001 134 -0.005091545244979 0.000597428284376
24 12 0.20 0.001 135 -0.004970766813739 0.000600298069890
24 12 0.20 0.001 136 -0.004081785601977 0.000671905884739
24 12 0.20 0.001 137 -0.005212109939740 0.000514390494926
24 12 0.20 0.001 138 -0.003861823504356 0.000530568015854
24 12 0.20 0.001 139 -0.004689866038905 0.000571151758751
24 12 0.20 0.001 140 -0.003407738278204 0.000493385630831
24 12 0.20 0.001 141 -0.002081012369049 0.000652026439283
24 12 0.20 0.001 142 -0.001934135392458 0.000525243059527
24 12 0.20 0.001 143 -0.001428243522200 0.000667919838214
24 12 0.20 0.001 144 0.000470323977272 0.000717462893741
24 12 0.20 0.001 145 0.000644959142833 0.000671986831727
24 12 0.20 0.001 146 0.001850603377277 0.000505829148262
24 12 0.20 0.001 147 0.001704052838944 0.000732087192229
24 12 0.20 0.001 148 0.002841908732620 0.000539300156134
24 12 0.20 0.001 149 0.002734318983645 0.000657945932681
24 12 0.20 0.001 150 0.002418983392885 0.000551507844189
24 12 0.20 0.001 151 0.005265880329269 0.000567432898649
24 12 0.20 0.001 152 0.004483024737121 0.000588266040897
24 12 0.20 0.001 153 0.005741878186231 0.000544042989526
24 12 0.20 0.001 154 0.005803369498589 0.000543787808040
24 12 0.20 0.001 155 nan nan
24 12 0.20 0.001 156 0.010393044291384 0.000882072392375
24 12 0.20 0.001 157 0.004551502535350 0.000707257229157
24 12 0.20 0.001 158 0.005434755210330 0.000669713306964
24 12 0.20 0.001 159 0.005423980475592 0.000660853060910
24 12 0.20 0.001 160 0.003732666842520 0.000653994061389
24 12 0.20 0.001 161 0.006770886395212 0.000789762434503
24 12 0.20 0.001 162 0.005410110020591 0.000546231738819
24 12 0.20 0.001 163 0.008575078919926 0.000624155890608
24 12 0.20 0.001 164 0.005449864073915 0.000717732305153
24 12 0.20 0.001 165 nan nan
24 12 0.20 0.001 166 0.011126700201452 0.000700027062198
24 12 0.20 0.001 167 0.008380077636143 0.000618330750714
24 12 0.20 0.001 168 0.006997628890775 0.000728918404725
24 12 0.20 0.001 169 0.005844290907904 0.000631324659644
24 12 0.20 0.001 170 nan nan
24 12 0.20 0.001 171 0.008740762980849 0.000729310866077
24 12 0.20 0.001 172 -0.000645787770487 0.000618385932323
24 12 0.20 0.001 173 -0.002429566680919 0.000472116882978
24 12 0.20 0.001 174 0.005442841904962 0.000537832769714
24 12 0.20 0.001 175 0.015886412060101 0.000663691312230
24 12 0.20 0.001 176 0.021211239514778 0.000592764900156
24 12 0.20 0.001 177 0.020038135544062 0.000691143876050
24 12 0.20 0.001 178 0.012797406871323 0.000680515679316
24 12 0.20 0.001 179 -0.002526551452090 0.000470034249702
24 12 0.20 0.001 180 -0.005969212214750 0.000683268387578
24 12 0.20 0.001 181 nan nan
24 12 0.20 0.001 182 0.001983733096123 0.000694928173821
24 12 0.20 0.001 183 0.011005934259818 0.000651140047896
24 12 0.20 0.001 184 0.015919976642242 0.000604868145805
24 12 0.20 0.001 185 nan nan
24 12 0.20 0.001 186 0.030799319715698 0.000797788635955
24 12 0.20 0.001 187 0.031854275076819 0.000734728698830
24 12 0.20 0.001 188 0.029944348508730 0.000589907823782
24 12 0.20 0.001 189 nan nan
24 12 0.20 0.001 190 0.002590064876173 0.000562318138665
24 12 0.20 0.001 191 -0.014558359728278 0.000503123641682
24 12 0.20 0.001 192 -0.021287300016663 0.000593220605313
24 12 0.20 0.001 193 -0.027081629960678 0.000704133752080
24 12 0.20 0.001 194 -0.020317932966960 0.000532082652000
24 12 0.20 0.001 195 -0.011068565845066 0.000603798321244
24 12 0.20 0.001 196 0.008783007549850 0.000743641941771
24 12 0.20 0.001 197 0.013662790143051 0.000593909340002
24 12 0.20 0.001 198 0.016730404675586 0.000659673703418
24 12 0.20 0.001 199 0.027222311226040 0.000568251585881
24 12 0.20 0.001 200 0.036062319705965 0.000621131532191
24 12 0.20 0.001 201 0.046453644021699 0.000773769507174
24 12 0.20 0.001 202 nan nan
24 12 0.20 0.001 203 0.055630875085910 0.000676672888657
24 12 0.20 0.001 204 0.064003272562717 0.000678443801201
24 12 0.20 0.001 205 0.054450513843760 0.000792557250353
24 12 0.20 0.001 206 0.056385898921853 0.000802036614431
24 12 0.20 0.001 207 0.059347129743762 0.000670118726799
24 12 0.20 0.001 208 nan nan
24 12 0.20 0.001 209 0.058720011958938 0.000793059817758
24 12 0.20 0.001 210 0.049579852016824 0.000734836957250
24 12 0.20 0.001 211 0.035656667972569 0.000684238992396
24 12 0.20 0.001 212 0.018783192629275 0.000764813397220
24 12 0.20 0.001 213 0.001938264884726 0.000695396868598
24 12 0.20 0.001 214 nan nan
24 12 0.20 0.001 215 -0.036327729137111 0.000605717809910
24 12 0.20 0.001 216 -0.048867814101920 0.000763737799582
24 12 0.20 0.001 217 -0.059665279638666 0.000623179554040
24 12 0.20 0.001 218 -0.061559826457830 0.000711451430477
24 12 0.20 0.001 219 -0.063058939025135 0.000644551030616
24 12 0.20 0.001 220 -0.059211153023313 0.000853134852535
24 12 0.20 0.001 221 -0.053252889155735 0.000747719885114
24 12 0.20 0.001 222 -0.041955595312191 0.000687403735041
24 12 0.20 0.001 223 -0.029188372580975 0.000762996536885
24 12 0.20 0.001 224 -0.018200564567385 0.000719461274243
24 12 0.20 0.001 225 -0.006094945249153 0.000772139529833
24 12 0.20 0.001 226 0.004781898116770 0.000923810229688
24 12 0.20 0.001 227 0.011499076720901 0.000696698400003
24 12 0.20 0.001 228 0.018049808216510 0.001035353855291
24 12 0.20 0.001 229 0.006575588075334 0.000939994435819
24 12 0.20 0.001 230 -0.007388119611584 0.000807530987139
24 12 0.20 0.001 231 -0.005917427742931 0.000733404964580
24 12 0.20 0.001 232 nan nan
24 12 0.20 0.001 233 nan nan
24 12 0.20 0.001 234 0.023847171047398 0.000893909784943
24 12 0.20 0.001 235 nan nan
24 12 0.20 0.001 236 0.050525211376977 0.000860960016149
24 12 0.20 0.001 237 0.062785563937947 0.000855754071751
24 12 0.20 0.001 238 0.071460182671053 0.000845958200728
24 12 0.20 0.001 239 0.079670689624727 0.000845081590984
24 12 0.20 0.001 240 0.092127321259201 0.000785373068871
24 12 0.20 0.001 241 nan nan
24 12 0.20 0.001 242 nan nan
24 12 0.20 0.001 243 0.086931836164995 0.000827088403160
24 12 0.20 0.001 244 0.089221983743559 0.000912613132333
24 12 0.20 0.001 245 0.096788697116343 0.000909726099157
24 12 0.20 0.001 246 0.101945004078120 0.000893321589956
24 12 0.20 0.001 247 0.114572625310349 0.000760944247323
24 12 0.20 0.001 248 0.137449773716230 0.000712503515545
24 12 0.20 0.001 249 0.139543941845279 0.000945764326501
24 12 0.20 0.001 250 0.125833169521252 0.000840936851761
24 12 0.20 0.001 251 0.113707700642820 0.000763203776513
24 12 0.20 0.001 252 0.116556978007903 0.000815384633496
24 12 0.20 0.001 253 0.119038414929847 0.001078483436596
24 12 0.20 0.001 254 0.145153795910394 0.000849926201163
24 12 0.20 0.001 255 0.164477977095665 0.000998773023184
24 12 0.20 0.001 256 0.183728255180806 0.001018955239700
24 12 0.20 0.001 257 0.210450306062994 0.000917368968230
24 12 0.20 0.001 258 0.240173892105244 0.000878083392831
24 12 0.20 0.001 259 0.269911310659834 0.001126908638963
24 12 0.20 0.001 260 0.297430500984684 0.001015007093188
24 12 0.20 0.001 261 0.309690187089138 0.000982274518807
24 12 0.20 0.001 262 0.312517209530305 0.001015165148706
24 12 0.20 0.001 263 0.306302901452756 0.000913645753548
24 12 0.20 0.001 264 0.290596066691264 0.000937161843871
24 12 0.20 0.001 265 0.318817941945202 0.001043103609738
24 12 0.20 0.001 266 0.256331970178186 0.000859975923834
24 12 0.20 0.001 267 0.246255494372132 0.000844846488664
24 12 0.20 0.001 268 0.247332689797609 0.001016005930958
24 12 0.20 0.001 269 0.258018375498579 0.000822758512993
24 12 0.20 0.001 270 0.275929625205941 0.000900742059344
24 12 0.20 0.001 271 0.294613490804207 0.000869888789379
24 12 0.20 0.001 272 0.304113819432510 0.001001716368002
24 12 0.20 0.001 273 0.300966677067014 0.001040259415239
24 12 0.20 0.001 274 0.281478317256156 0.000822941788918
24 12 0.20 0.001 275 0.246871716715588 0.000959638619341
24 12 0.20 0.001 276 nan nan
24 12 0.20 0.001 277 0.160529925924960 0.000837656082205
24 12 0.20 0.001 278 0.121339085954247 0.000656843804487
24 12 0.20 0.001 279 0.098575666179614 0.000721202191636
24 12 0.20 0.001 280 0.094372704003738 0.000706288181351
24 12 0.20 0.001 281 0.106772615822242 0.000630316496222
24 12 0.20 0.001 282 0.128005881821536 0.000673279228996
24 12 0.20 0.001 283 0.148480844461582 0.000772107172359
24 12 0.20 0.001 284 0.162341957541491 0.001014695439949
24 12 0.20 0.001 285 0.155465440022859 0.000959409290836
24 12 0.20 0.001 286 0.122698790745943 0.001064128645139
24 12 0.20 0.001 287 0.069517439236540 0.000909302438818
24 12 0.20 0.001 288 -0.000962934497794 0.000967487994777
#Ls   Lt  mu  ma  nfluxes AxialCurrent Err
