12 16 0.00 0.001 0 -0.001182015453629 0.015645911516214
12 16 0.00 0.001 1 -0.010157173437417 0.013634573779212
12 16 0.00 0.001 2 -0.043240440785256 0.012933924689748
12 16 0.00 0.001 3 -0.056078809727610 0.021281874316836
12 16 0.00 0.001 4 -0.044848560463827 0.020094789781241
12 16 0.00 0.001 5 -0.019448785917487 0.022730214637896
12 16 0.00 0.001 6 0.002124318967437 0.018121611822180
12 16 0.00 0.001 7 0.009778626292404 0.026307932334389
12 16 0.00 0.001 8 -0.023224264458199 0.038135822715152
12 16 0.00 0.001 9 -0.045099803283564 0.030540469345739
12 16 0.00 0.001 10 -0.041212575464481 0.036086795586424
12 16 0.00 0.001 11 0.012544962513057 0.039195056502352
12 16 0.00 0.001 12 -0.002324346996849 0.039087622790068
12 16 0.00 0.001 13 0.001833363522855 0.031850318700585
12 16 0.00 0.001 14 -0.009500739610501 0.033176289080134
12 16 0.00 0.001 15 -0.024749380576574 0.034456734247570
12 16 0.00 0.001 16 -0.011888219876488 0.038389245080603
12 16 0.00 0.001 17 -0.016068394215647 0.025002816335555
12 16 0.00 0.001 18 -0.002369688921690 0.021330321039033
12 16 0.00 0.001 19 0.003478854516578 0.020269968668209
12 16 0.00 0.001 20 -0.000726544522315 0.025986506941240
12 16 0.00 0.001 21 -0.006476671046616 0.029104363295764
12 16 0.00 0.001 22 0.006770363070236 0.025112434993001
12 16 0.00 0.001 23 -0.016886500805018 0.022099023387380
12 16 0.00 0.001 24 -0.002836034285716 0.029929039564851
12 16 0.00 0.001 25 0.009799219392011 0.036313435491902
12 16 0.00 0.001 26 0.001215922717240 0.034914954738390
12 16 0.00 0.001 27 0.003236939161407 0.023510910362566
12 16 0.00 0.001 28 -0.002270943862964 0.023241852097407
12 16 0.00 0.001 29 -0.013487237009162 0.036581403180408
12 16 0.00 0.001 30 0.007005471175570 0.045514995510703
12 16 0.00 0.001 31 -0.001663061401501 0.029003987062560
12 16 0.00 0.001 32 0.000566740738381 0.031114935635389
12 16 0.00 0.001 33 0.004160657840902 0.031453061399031
12 16 0.00 0.001 34 0.003170323979892 0.032627444661485
12 16 0.00 0.001 35 -0.004593579441897 0.028265897587837
12 16 0.00 0.001 36 0.001127757264471 0.028448731312743
12 16 0.00 0.001 37 -0.005304946383476 0.034369050411833
12 16 0.00 0.001 38 -0.001661118112360 0.035132530340929
12 16 0.00 0.001 39 0.008266203021170 0.027609266556421
12 16 0.00 0.001 40 -0.006655327160621 0.028647793719703
12 16 0.00 0.001 41 -0.002573256700549 0.025723851106596
12 16 0.00 0.001 42 0.003813542798226 0.031016727538941
12 16 0.00 0.001 43 -0.014111777593472 0.038430050728387
12 16 0.00 0.001 44 -0.003031294083880 0.029346647719154
12 16 0.00 0.001 45 0.005095711979039 0.020396251212408
12 16 0.00 0.001 46 -0.006923387196024 0.032128404147673
12 16 0.00 0.001 47 0.004956483054625 0.033832471440306
12 16 0.00 0.001 48 -0.001444868634108 0.039425249602228
12 16 0.00 0.001 49 -0.005761176449136 0.028711946045298
12 16 0.00 0.001 50 -0.007067466293957 0.029871547347240
12 16 0.05 0.001 0 -0.000780932697509 0.014835247396856
12 16 0.05 0.001 1 -0.059957453245477 0.016330035201521
12 16 0.05 0.001 2 -0.098972389739267 0.021308338745584
12 16 0.05 0.001 3 -0.112535492997867 0.019999712316791
12 16 0.05 0.001 4 -0.069178436938073 0.020748083470240
12 16 0.05 0.001 5 -0.036343130159185 0.023661322573056
12 16 0.05 0.001 6 -0.033636911450644 0.020270944917451
12 16 0.05 0.001 7 -0.044435487551585 0.050915993983249
12 16 0.05 0.001 8 -0.070564224867469 0.037311821568342
12 16 0.05 0.001 9 -0.075353184388787 0.030956338936148
12 16 0.05 0.001 10 -0.051058825502366 0.034524675924831
12 16 0.05 0.001 11 -0.033661386138035 0.046529690939072
12 16 0.05 0.001 12 0.010120496334304 0.039551885094947
12 16 0.05 0.001 13 -0.000955564340174 0.037185449520022
12 16 0.05 0.001 14 -0.022108018072236 0.044208423584925
12 16 0.05 0.001 15 -0.028459281388006 0.046310077239064
12 16 0.05 0.001 16 -0.033386522377904 0.028116468577093
12 16 0.05 0.001 17 -0.003605241943836 0.025681102132813
12 16 0.05 0.001 18 -0.006832410369547 0.024072271537179
12 16 0.05 0.001 19 -0.001736668450973 0.021496081159658
12 16 0.05 0.001 20 -0.011066222202492 0.037139370614461
12 16 0.05 0.001 21 -0.013006829825584 0.028391162460135
12 16 0.05 0.001 22 -0.015737596543157 0.044003744403450
12 16 0.05 0.001 23 -0.016293474114843 0.036056761553061
12 16 0.05 0.001 24 -0.010193381810075 0.044446960890730
12 16 0.05 0.001 25 -0.000799688657212 0.027189450476900
12 16 0.05 0.001 26 -0.020631406540503 0.037056663833560
12 16 0.05 0.001 27 -0.003728953610602 0.027899287554462
12 16 0.05 0.001 28 -0.011522483742489 0.037264522298631
12 16 0.05 0.001 29 -0.007017869778950 0.049245235029089
12 16 0.05 0.001 30 -0.009209828560267 0.061278818774498
12 16 0.05 0.001 31 0.017030837812120 0.035269517803319
12 16 0.05 0.001 32 -0.003672666733791 0.034148787146312
12 16 0.05 0.001 33 -0.002200719784788 0.046515907944344
12 16 0.05 0.001 34 -0.003286454169059 0.034200132092259
12 16 0.05 0.001 35 0.001153829698680 0.042381161110215
12 16 0.05 0.001 36 0.016211881785144 0.029451520152177
12 16 0.05 0.001 37 -0.000938921701151 0.037306404910744
12 16 0.05 0.001 38 0.009958059193686 0.048371928501905
12 16 0.05 0.001 39 -0.011947747608641 0.062916335762922
12 16 0.05 0.001 40 0.012225389303824 0.048802695213986
12 16 0.05 0.001 41 -0.014338682623524 0.047215249895526
12 16 0.05 0.001 42 0.008840068589523 0.046759367204556
12 16 0.05 0.001 43 0.002102138296089 0.035546575713096
12 16 0.05 0.001 44 -0.007952600633466 0.032642995538911
12 16 0.05 0.001 45 -0.003871777929418 0.025595173738011
12 16 0.05 0.001 46 0.005334440817827 0.037122296736551
12 16 0.05 0.001 47 0.013546957699386 0.039463904072634
12 16 0.05 0.001 48 0.011885333449397 0.054421087162215
12 16 0.05 0.001 49 -0.009333033593413 0.030695651752254
12 16 0.05 0.001 50 0.016868187076233 0.037789897337506
12 16 0.10 0.001 0 0.002126992397081 0.021185649486107
12 16 0.10 0.001 1 -0.114836925226186 0.022956373424307
12 16 0.10 0.001 2 -0.196410132995468 0.042276329045305
12 16 0.10 0.001 3 -0.190834948473771 0.046928619127767
12 16 0.10 0.001 4 -0.122697328030726 0.065470233279478
12 16 0.10 0.001 5 -0.064069526793494 0.055520886878178
12 16 0.10 0.001 6 -0.073128357328690 0.057667535051064
12 16 0.10 0.001 7 -0.098209634293201 0.043167483403200
12 16 0.10 0.001 8 -0.125725066568932 0.069130005316791
12 16 0.10 0.001 9 -0.077900245597447 0.059932295450168
12 16 0.10 0.001 10 -0.058597240353843 0.076410449282056
12 16 0.10 0.001 11 -0.053527379021348 0.086802562387019
12 16 0.10 0.001 12 -0.020727992019509 0.087787438306365
12 16 0.10 0.001 13 -0.040829163586467 0.068837058166947
12 16 0.10 0.001 14 -0.023832994203996 0.086217228470996
12 16 0.10 0.001 15 -0.019678553959404 0.066945940186009
12 16 0.10 0.001 16 -0.032293112861218 0.075724876496593
12 16 0.10 0.001 17 -0.023253476197481 0.062178515042938
12 16 0.10 0.001 18 -0.002070895876156 0.050186128614905
12 16 0.10 0.001 19 -0.025693425583145 0.051822633246014
12 16 0.10 0.001 20 -0.029495802085969 0.076532862078069
12 16 0.10 0.001 21 -0.062343414500062 0.061264792349637
12 16 0.10 0.001 22 -0.006697006843169 0.071469314776141
12 16 0.10 0.001 23 -0.011037875240096 0.042748628050478
12 16 0.10 0.001 24 0.023888140049252 0.052283457021537
12 16 0.10 0.001 25 0.012592358945691 0.053320775725033
12 16 0.10 0.001 26 -0.015395088681791 0.070309560432816
12 16 0.10 0.001 27 -0.006550662637212 0.044989262027091
12 16 0.10 0.001 28 -0.012231198438553 0.060825034132640
12 16 0.10 0.001 29 0.002240606513683 0.057818568213917
12 16 0.10 0.001 30 -0.008592606400380 0.096312202130983
12 16 0.10 0.001 31 -0.016561713861016 0.049708534885601
12 16 0.10 0.001 32 0.007419045535682 0.077520220185015
12 16 0.10 0.001 33 0.026306671273602 0.079680950474424
12 16 0.10 0.001 34 -0.006270044254674 0.069671829118689
12 16 0.10 0.001 35 0.013449071386833 0.069768223381424
12 16 0.10 0.001 36 0.020010752278164 0.099022661859157
12 16 0.10 0.001 37 0.005642978211220 0.070887130789561
12 16 0.10 0.001 38 0.011322179756849 0.063768778062810
12 16 0.10 0.001 39 0.012880022909861 0.087667509676078
12 16 0.10 0.001 40 0.035716303183326 0.037049475740520
12 16 0.10 0.001 41 0.025683103477050 0.089158924248625
12 16 0.10 0.001 42 -0.012027472600809 0.084330259331244
12 16 0.10 0.001 43 0.004585850738515 0.065609198708012
12 16 0.10 0.001 44 -0.007714701182126 0.081603201310150
12 16 0.10 0.001 45 -0.000171842449859 0.052232591629438
12 16 0.10 0.001 46 0.033241946502091 0.076657780905165
12 16 0.10 0.001 47 0.011250617960425 0.057682428783881
12 16 0.10 0.001 48 0.017533930969750 0.069822802718090
12 16 0.10 0.001 49 -0.012775078535310 0.068567289877011
12 16 0.10 0.001 50 0.016095368985556 0.088335419542724
12 16 0.15 0.001 0 0.006210556149178 0.073391562703316
12 16 0.15 0.001 1 -0.267024194744540 0.094536680269125
12 16 0.15 0.001 2 -0.404830681721578 0.130621693854744
12 16 0.15 0.001 3 -0.345312095834606 0.251131650299045
12 16 0.15 0.001 4 -0.218217931572960 0.184318178974801
12 16 0.15 0.001 5 -0.116772832061272 0.244871116843570
12 16 0.15 0.001 6 -0.127989058915307 0.263576053319950
12 16 0.15 0.001 7 -0.202507433829302 0.272800329427018
12 16 0.15 0.001 8 -0.152696435275906 0.213382268098862
12 16 0.15 0.001 9 -0.068836436530260 0.151461662941065
12 16 0.15 0.001 10 -0.034754350488894 0.241049269338817
12 16 0.15 0.001 11 -0.050301063454735 0.283230943192719
12 16 0.15 0.001 12 -0.033971584230012 0.304919272582419
12 16 0.15 0.001 13 0.037584502769908 0.178454478930273
12 16 0.15 0.001 14 -0.008559785384517 0.237196730930950
12 16 0.15 0.001 15 0.014654230547943 0.281543677821337
12 16 0.15 0.001 16 -0.034012276815893 0.313240931775230
12 16 0.15 0.001 17 -0.002789905219051 0.277559652543099
12 16 0.15 0.001 18 -0.026244102627483 0.222162084463527
12 16 0.15 0.001 19 -0.104961127943377 0.221974555619992
12 16 0.15 0.001 20 -0.152554838714518 0.324798729669637
12 16 0.15 0.001 21 -0.158421348578803 0.234452158204305
12 16 0.15 0.001 22 -0.097840212547888 0.255120123072953
12 16 0.15 0.001 23 -0.092551989807867 0.274430444281297
12 16 0.15 0.001 24 0.111323817867510 0.220845709210492
12 16 0.15 0.001 25 0.063439760860513 0.188229495281021
12 16 0.15 0.001 26 -0.059675708352166 0.202290548286885
12 16 0.15 0.001 27 -0.009051281682046 0.170152754817662
12 16 0.15 0.001 28 -0.081277367651880 0.245119653390393
12 16 0.15 0.001 29 -0.010316417346614 0.188808294220935
12 16 0.15 0.001 30 -0.038941641362049 0.510825329468239
12 16 0.15 0.001 31 -0.031040339657919 0.270817715811377
12 16 0.15 0.001 32 0.022955214645305 0.207472060061311
12 16 0.15 0.001 33 0.001923211100359 0.374268721270808
12 16 0.15 0.001 34 0.097162815896159 0.369308642012663
12 16 0.15 0.001 35 0.060848372182682 0.276603835405437
12 16 0.15 0.001 36 0.067934598390397 0.382571390141159
12 16 0.15 0.001 37 0.005248541028810 0.199135040527994
12 16 0.15 0.001 38 0.043880316851089 0.244230417555646
12 16 0.15 0.001 39 0.067651971122552 0.355675250545052
12 16 0.15 0.001 40 -0.070648950406256 0.229459742979626
12 16 0.15 0.001 41 0.004244201876073 0.218022258109202
12 16 0.15 0.001 42 0.073817560979960 0.369476924356310
12 16 0.15 0.001 43 0.023230413234472 0.187035373874653
12 16 0.15 0.001 44 -0.014472040343275 0.173457703215073
12 16 0.15 0.001 45 0.038774214247303 0.174030107456519
12 16 0.15 0.001 46 -0.001493935914376 0.284312161895202
12 16 0.15 0.001 47 0.045723627264224 0.226874944483948
12 16 0.15 0.001 48 0.067840042890610 0.278890194742836
12 16 0.15 0.001 49 -0.033351648918426 0.268032964233367
12 16 0.15 0.001 50 0.016302453764421 0.241596116837278
12 16 0.20 0.001 0 1.410659220990340 8.716825352517443
12 16 0.20 0.001 1 6.641612358581670 14.475714036327554
12 16 0.20 0.001 2 4.543828506287029 24.571796347232343
12 16 0.20 0.001 3 -4.193960193080935 28.601138126690842
12 16 0.20 0.001 4 1.036611093300109 22.506720098487200
12 16 0.20 0.001 5 5.162923883291062 18.455217033913627
12 16 0.20 0.001 6 11.204030459133469 38.916868936972918
12 16 0.20 0.001 7 0.014165387095243 13.514053017669989
12 16 0.20 0.001 8 2.228899747581765 17.880159157941353
12 16 0.20 0.001 9 2.291761523927814 19.573735785468060
12 16 0.20 0.001 10 -0.215022973586359 32.267012988560161
12 16 0.20 0.001 11 1.168459817111449 23.041192319977256
12 16 0.20 0.001 12 7.632841775356729 41.903515338869305
12 16 0.20 0.001 13 7.033876402582407 15.605677766104558
12 16 0.20 0.001 14 4.425485401792852 38.009264879650452
12 16 0.20 0.001 15 0.843257806796615 48.582793629701648
12 16 0.20 0.001 16 -3.475786193609130 24.366733590159260
12 16 0.20 0.001 17 -3.825974782923670 36.178943026207882
12 16 0.20 0.001 18 -2.821385365409047 34.094360521697723
12 16 0.20 0.001 19 -8.413671746832236 31.051527893221827
12 16 0.20 0.001 20 -3.627415082646156 28.495216018855650
12 16 0.20 0.001 21 6.188355448728805 35.127580939858440
12 16 0.20 0.001 22 -1.342085522320928 30.535523548177355
12 16 0.20 0.001 23 -0.261052335784813 22.585631863113896
12 16 0.20 0.001 24 11.646324357856605 26.323677853347498
12 16 0.20 0.001 25 4.716158961797554 24.953756696949934
12 16 0.20 0.001 26 -4.885410010832221 24.856010355003921
12 16 0.20 0.001 27 1.694750766110413 26.580312475051745
12 16 0.20 0.001 28 1.676310918127000 34.288250232745888
12 16 0.20 0.001 29 2.412496414460337 24.744814091487861
12 16 0.20 0.001 30 -0.790050536645613 57.446109265857352
12 16 0.20 0.001 31 -0.253940396407991 30.046432185066315
12 16 0.20 0.001 32 -7.825318987536368 22.010796011355581
12 16 0.20 0.001 33 0.344305259153791 55.995046308605751
12 16 0.20 0.001 34 14.881195896319737 51.161910545932912
12 16 0.20 0.001 35 6.238851426573101 29.471597553652373
12 16 0.20 0.001 36 8.851925911522596 55.038550841119495
12 16 0.20 0.001 37 -1.998489776060421 22.933856753117155
12 16 0.20 0.001 38 1.820982459772641 27.982771440292108
12 16 0.20 0.001 39 7.576620670775364 55.710549345460592
12 16 0.20 0.001 40 -4.578981092759093 20.777955778616928
12 16 0.20 0.001 41 2.603230125508978 39.608884516124789
12 16 0.20 0.001 42 -5.087281784080314 68.793161496684576
12 16 0.20 0.001 43 2.851303620908027 25.000240334795489
12 16 0.20 0.001 44 -3.384219933714813 32.756960248979794
12 16 0.20 0.001 45 1.279803999648622 20.180992137006101
12 16 0.20 0.001 46 -8.860284035493491 24.574105159209232
12 16 0.20 0.001 47 4.173782267814886 19.627732585074398
12 16 0.20 0.001 48 6.682568247281611 40.239771368113217
12 16 0.20 0.001 49 -5.507231015407118 20.539218425790395
12 16 0.20 0.001 50 -5.210898623373945 33.757160515949828
12 16 0.25 0.001 0 0.008216433462053 0.048235577613029
12 16 0.25 0.001 1 0.292113498809873 0.089715831960059
12 16 0.25 0.001 2 0.358948163584048 0.134698714281397
12 16 0.25 0.001 3 0.210889675226837 0.143197477033065
12 16 0.25 0.001 4 0.134774161701618 0.145625666253687
12 16 0.25 0.001 5 0.135130169753920 0.186127780695460
12 16 0.25 0.001 6 0.233242301495817 0.197405856095414
12 16 0.25 0.001 7 0.157362986733836 0.123534891334719
12 16 0.25 0.001 8 0.208368961501230 0.204965173666140
12 16 0.25 0.001 9 0.145382902204614 0.128030808980124
12 16 0.25 0.001 10 0.166631844928995 0.176134520104806
12 16 0.25 0.001 11 0.198453145727381 0.225574890753849
12 16 0.25 0.001 12 0.112384683113803 0.205144991205791
12 16 0.25 0.001 13 0.080302707612187 0.176974723864076
12 16 0.25 0.001 14 0.091147559638409 0.174717275316514
12 16 0.25 0.001 15 0.116784241840349 0.217680481523512
12 16 0.25 0.001 16 0.089471614819271 0.297117406409174
12 16 0.25 0.001 17 0.014221717170430 0.207218126196026
12 16 0.25 0.001 18 0.029101673652656 0.172934606913433
12 16 0.25 0.001 19 0.021434036001191 0.165365644562238
12 16 0.25 0.001 20 0.078652479840933 0.185091615514617
12 16 0.25 0.001 21 0.081783612214915 0.155810561486868
12 16 0.25 0.001 22 0.054149921985937 0.200835423993495
12 16 0.25 0.001 23 0.059328329724252 0.137573911271818
12 16 0.25 0.001 24 0.142369472636461 0.165890059079534
12 16 0.25 0.001 25 0.118444869007250 0.150349354614131
12 16 0.25 0.001 26 0.060156926705378 0.173426275995145
12 16 0.25 0.001 27 0.044060804538987 0.119581700512489
12 16 0.25 0.001 28 0.036390343169291 0.178560084684801
12 16 0.25 0.001 29 0.020114948719174 0.185934211429483
12 16 0.25 0.001 30 0.031980474032580 0.283461578182261
12 16 0.25 0.001 31 -0.003567687491782 0.214814642185199
12 16 0.25 0.001 32 -0.023525448923405 0.210381834560210
12 16 0.25 0.001 33 0.007992431487570 0.283775126194399
12 16 0.25 0.001 34 0.061270723244009 0.273369157570604
12 16 0.25 0.001 35 0.053251542944046 0.214266459748203
12 16 0.25 0.001 36 -0.053687514049313 0.240330700728123
12 16 0.25 0.001 37 0.002281853494174 0.162424337998809
12 16 0.25 0.001 38 0.050938218454863 0.207969674148149
12 16 0.25 0.001 39 0.032618448610294 0.260479364584321
12 16 0.25 0.001 40 -0.028492856060288 0.199622505345238
12 16 0.25 0.001 41 0.021237306128996 0.222415578962540
12 16 0.25 0.001 42 -0.063671928886560 0.352409507256301
12 16 0.25 0.001 43 -0.008237843809857 0.150596001215552
12 16 0.25 0.001 44 -0.044848541684603 0.200986165748584
12 16 0.25 0.001 45 -0.041129282687626 0.141332454820172
12 16 0.25 0.001 46 -0.073704246073894 0.206778538946705
12 16 0.25 0.001 47 -0.041837320237928 0.175965350081353
12 16 0.25 0.001 48 -0.006608142387861 0.200440667052665
12 16 0.25 0.001 49 -0.092150534337206 0.206471063890398
12 16 0.25 0.001 50 -0.123964844167191 0.227299048506225
12 16 0.30 0.001 0 0.001911319185667 0.019421472771746
12 16 0.30 0.001 1 0.126983566933600 0.022080248345759
12 16 0.30 0.001 2 0.153093471745495 0.033047216631758
12 16 0.30 0.001 3 0.101422789893749 0.036070128009724
12 16 0.30 0.001 4 0.042606673476497 0.042446332384961
12 16 0.30 0.001 5 0.053569529626306 0.050453627129771
12 16 0.30 0.001 6 0.108050110034802 0.056687072503341
12 16 0.30 0.001 7 0.147665100485517 0.042890849757610
12 16 0.30 0.001 8 0.151615884414600 0.068362648120964
12 16 0.30 0.001 9 0.103289955627998 0.054688771352283
12 16 0.30 0.001 10 0.043301003903382 0.062033060211325
12 16 0.30 0.001 11 0.133389332469764 0.080814884909895
12 16 0.30 0.001 12 0.085945819868982 0.073953017498343
12 16 0.30 0.001 13 0.096830972611941 0.065755032965402
12 16 0.30 0.001 14 0.066702949621466 0.054385799668102
12 16 0.30 0.001 15 0.060982026051603 0.075508614255246
12 16 0.30 0.001 16 0.046676098304955 0.092305122533902
12 16 0.30 0.001 17 0.014483728035924 0.063288326643018
12 16 0.30 0.001 18 0.034055781164934 0.046802062134014
12 16 0.30 0.001 19 0.038293659368679 0.046426490886053
12 16 0.30 0.001 20 0.040783864987825 0.068472655343633
12 16 0.30 0.001 21 0.035667681174251 0.084769102654018
12 16 0.30 0.001 22 0.050088080544093 0.063391098624840
12 16 0.30 0.001 23 0.040445283485095 0.068859880242491
12 16 0.30 0.001 24 0.035878644338619 0.070424815318091
12 16 0.30 0.001 25 0.036321770939755 0.052605124914503
12 16 0.30 0.001 26 0.071457117800631 0.073861262641011
12 16 0.30 0.001 27 0.032291480459117 0.040459330278122
12 16 0.30 0.001 28 0.023586066373716 0.061387642518234
12 16 0.30 0.001 29 0.024342904947885 0.055364023260732
12 16 0.30 0.001 30 0.020831198535190 0.081411547313669
12 16 0.30 0.001 31 0.020675789778158 0.053165289984314
12 16 0.30 0.001 32 0.019161397041381 0.063029470951063
12 16 0.30 0.001 33 -0.008411913275873 0.095302096329566
12 16 0.30 0.001 34 0.000415323818950 0.082019384067170
12 16 0.30 0.001 35 0.014051697298840 0.069438765667928
12 16 0.30 0.001 36 0.001806252169432 0.058232071770441
12 16 0.30 0.001 37 0.008036806199956 0.067927204086902
12 16 0.30 0.001 38 0.016505353834819 0.059471419856381
12 16 0.30 0.001 39 0.009952961366263 0.062816487042908
12 16 0.30 0.001 40 0.000618956588093 0.077442357940743
12 16 0.30 0.001 41 0.004484414596179 0.081199998811298
12 16 0.30 0.001 42 -0.030360868748826 0.103605271374682
12 16 0.30 0.001 43 -0.018040816958598 0.063751554680040
12 16 0.30 0.001 44 -0.031524391654231 0.073927759198447
12 16 0.30 0.001 45 -0.033592221093880 0.041089052719343
12 16 0.30 0.001 46 -0.031069482900794 0.068196301979550
12 16 0.30 0.001 47 -0.030043319285793 0.052683586929931
12 16 0.30 0.001 48 -0.037571970735908 0.049158889464865
12 16 0.30 0.001 49 -0.051227298044283 0.046097260887568
12 16 0.30 0.001 50 -0.085561786610086 0.073957189412891
12 16 0.35 0.001 0 0.000293563673634 0.014823236587273
12 16 0.35 0.001 1 0.068193080220066 0.014780958445716
12 16 0.35 0.001 2 0.073321933201511 0.018117574705421
12 16 0.35 0.001 3 0.025715063971452 0.021566019095239
12 16 0.35 0.001 4 0.003481807399163 0.023783208216713
12 16 0.35 0.001 5 0.023944667342858 0.029725416647296
12 16 0.35 0.001 6 0.063548277050393 0.029026827821102
12 16 0.35 0.001 7 0.093524060922033 0.030214834400301
12 16 0.35 0.001 8 0.089937823608224 0.029416778645487
12 16 0.35 0.001 9 0.049804929756652 0.040130321516909
12 16 0.35 0.001 10 0.047082241865763 0.032941606347080
12 16 0.35 0.001 11 0.080278587465301 0.027607874071658
12 16 0.35 0.001 12 0.051668188592407 0.041432128623033
12 16 0.35 0.001 13 0.076583815377007 0.044093329272437
12 16 0.35 0.001 14 0.055435976309284 0.035149480728163
12 16 0.35 0.001 15 0.043392786426489 0.039834727850878
12 16 0.35 0.001 16 0.030375944011239 0.042802772256600
12 16 0.35 0.001 17 0.016371672757629 0.034959318319624
12 16 0.35 0.001 18 0.035552415881733 0.023716779165957
12 16 0.35 0.001 19 0.048577176515801 0.027340830439606
12 16 0.35 0.001 20 0.037874372108977 0.033937809745711
12 16 0.35 0.001 21 0.030161233527989 0.034278367593235
12 16 0.35 0.001 22 0.042105295747927 0.034219947897145
12 16 0.35 0.001 23 0.021349333974336 0.020365986315599
12 16 0.35 0.001 24 0.025473940417399 0.036587295729178
12 16 0.35 0.001 25 0.041008780044139 0.031400260307847
12 16 0.35 0.001 26 0.041242567032650 0.039035241631011
12 16 0.35 0.001 27 0.026351980670639 0.037253429010725
12 16 0.35 0.001 28 0.016064137196048 0.038198045993769
12 16 0.35 0.001 29 0.008207151761066 0.033971235621370
12 16 0.35 0.001 30 0.014538435787107 0.045657346545322
12 16 0.35 0.001 31 0.010142201816584 0.046705111938440
12 16 0.35 0.001 32 0.023909391013649 0.045879691631333
12 16 0.35 0.001 33 -0.002977063716836 0.043448817475760
12 16 0.35 0.001 34 -0.004485493346342 0.043081694006162
12 16 0.35 0.001 35 0.002466259917416 0.034912703304716
12 16 0.35 0.001 36 0.002753230151128 0.045187805750718
12 16 0.35 0.001 37 0.008210412382996 0.043573045623750
12 16 0.35 0.001 38 0.005632445033557 0.038239686902931
12 16 0.35 0.001 39 0.006749139471261 0.042910554961801
12 16 0.35 0.001 40 -0.013648039959722 0.043971447537475
12 16 0.35 0.001 41 -0.003279964457516 0.041210436841887
12 16 0.35 0.001 42 -0.018247234315676 0.045801565399702
12 16 0.35 0.001 43 -0.021420078618012 0.034498282211967
12 16 0.35 0.001 44 -0.027898104710142 0.045487431449537
12 16 0.35 0.001 45 -0.017694497336045 0.029449175122391
12 16 0.35 0.001 46 -0.037147129071070 0.026507821090261
12 16 0.35 0.001 47 -0.026267411339286 0.027082342831808
12 16 0.35 0.001 48 -0.023558105758969 0.032800678666381
12 16 0.35 0.001 49 -0.043931290839561 0.033908491995797
12 16 0.35 0.001 50 -0.064742828642511 0.045410705158693
12 16 0.40 0.001 0 -0.000553222181416 0.014044830788321
12 16 0.40 0.001 1 0.028153846382369 0.013059868091209
12 16 0.40 0.001 2 0.009939949998951 0.013462771579088
12 16 0.40 0.001 3 -0.019981542446780 0.018747464494207
12 16 0.40 0.001 4 -0.025477799753527 0.021833665933394
12 16 0.40 0.001 5 0.001032289437325 0.019957102525443
12 16 0.40 0.001 6 0.035455516524262 0.023626324503704
12 16 0.40 0.001 7 0.052312796921124 0.022885081135691
12 16 0.40 0.001 8 0.051967690471479 0.031890129132261
12 16 0.40 0.001 9 0.019438840196114 0.025269176533191
12 16 0.40 0.001 10 0.018892909831000 0.029696684638324
12 16 0.40 0.001 11 0.069215992186943 0.031396463016174
12 16 0.40 0.001 12 0.039983168155689 0.031760801932903
12 16 0.40 0.001 13 0.061764024303245 0.040500771892056
12 16 0.40 0.001 14 0.045251993068772 0.030718234280861
12 16 0.40 0.001 15 0.033863945054544 0.035072934160434
12 16 0.40 0.001 16 0.027331040212713 0.026358756774799
12 16 0.40 0.001 17 0.014478682269165 0.019847681399104
12 16 0.40 0.001 18 0.040497666734486 0.022652361894257
12 16 0.40 0.001 19 0.038287228371735 0.018784818859483
12 16 0.40 0.001 20 0.031665212750464 0.027401762474431
12 16 0.40 0.001 21 0.022198267619790 0.028403337418603
12 16 0.40 0.001 22 0.042403782158618 0.034875843649821
12 16 0.40 0.001 23 0.024857130757415 0.026493975281282
12 16 0.40 0.001 24 0.031562973102470 0.022360223502570
12 16 0.40 0.001 25 0.025406748073985 0.027834680308330
12 16 0.40 0.001 26 0.034143118254132 0.030548366946680
12 16 0.40 0.001 27 0.025818545903599 0.029427757088420
12 16 0.40 0.001 28 0.009854549648871 0.023453170347556
12 16 0.40 0.001 29 0.012042505000096 0.035607739371182
12 16 0.40 0.001 30 0.008375940219691 0.036480604151664
12 16 0.40 0.001 31 0.011043228182405 0.032109817156020
12 16 0.40 0.001 32 0.009628549019109 0.033265131773453
12 16 0.40 0.001 33 -0.000144715273488 0.037553012868752
12 16 0.40 0.001 34 -0.011059177438783 0.034777088415243
12 16 0.40 0.001 35 -0.003928367526095 0.030602089725637
12 16 0.40 0.001 36 0.008099106909686 0.039041495561361
12 16 0.40 0.001 37 0.008027660246575 0.037056059565785
12 16 0.40 0.001 38 0.006901389915063 0.033121498442045
12 16 0.40 0.001 39 -0.002630600963944 0.032910029018509
12 16 0.40 0.001 40 0.000213906557725 0.024083093209557
12 16 0.40 0.001 41 -0.003861514122102 0.036877709433944
12 16 0.40 0.001 42 -0.015971424740209 0.042697911292556
12 16 0.40 0.001 43 -0.021801635668264 0.022942211875794
12 16 0.40 0.001 44 -0.028213750011030 0.027583834752027
12 16 0.40 0.001 45 -0.026788198360891 0.028068736782576
12 16 0.40 0.001 46 -0.031825151630977 0.032169952742404
12 16 0.40 0.001 47 -0.022755605671781 0.026557032480319
12 16 0.40 0.001 48 -0.028639576997250 0.032030519851474
12 16 0.40 0.001 49 -0.035157834332424 0.032543853083846
12 16 0.40 0.001 50 -0.051864796411521 0.035335662893143
12 16 0.45 0.001 0 -0.003070363246701 0.012718270807334
12 16 0.45 0.001 1 -0.011909019686974 0.013735074035056
12 16 0.45 0.001 2 -0.046433176918057 0.022459032966225
12 16 0.45 0.001 3 -0.070976299390955 0.023433259535939
12 16 0.45 0.001 4 -0.057500377647918 0.022652447270211
12 16 0.45 0.001 5 -0.020440802431853 0.027939066155710
12 16 0.45 0.001 6 0.009346656271446 0.026318834427967
12 16 0.45 0.001 7 0.012165929397823 0.031841925085413
12 16 0.45 0.001 8 -0.014505317481617 0.051116882228068
12 16 0.45 0.001 9 -0.002855454696393 0.037676189910325
12 16 0.45 0.001 10 -0.020443787492579 0.041789892900222
12 16 0.45 0.001 11 0.033935421942912 0.040394599361080
12 16 0.45 0.001 12 0.032072305648290 0.038522576117291
12 16 0.45 0.001 13 0.050114331938616 0.047742130959425
12 16 0.45 0.001 14 0.039802499647036 0.038135805616514
12 16 0.45 0.001 15 0.024495726685761 0.041854704247317
12 16 0.45 0.001 16 0.017908510675985 0.041322027643262
12 16 0.45 0.001 17 0.016153138635463 0.038991483803000
12 16 0.45 0.001 18 0.037720075843765 0.029004701108687
12 16 0.45 0.001 19 0.035577335770629 0.021945203479366
12 16 0.45 0.001 20 0.033136163926800 0.029311506691333
12 16 0.45 0.001 21 0.011493017004119 0.035493794681245
12 16 0.45 0.001 22 0.040289491786995 0.034407138137545
12 16 0.45 0.001 23 0.014099889408221 0.034508378045121
12 16 0.45 0.001 24 0.024858004128699 0.038330636545641
12 16 0.45 0.001 25 0.020210172466287 0.025510227578497
12 16 0.45 0.001 26 0.028462061453152 0.030898720998892
12 16 0.45 0.001 27 0.021480402305057 0.028931780898720
12 16 0.45 0.001 28 0.009977441798044 0.024769164855010
12 16 0.45 0.001 29 0.011804857664778 0.041521878946115
12 16 0.45 0.001 30 0.018920776608894 0.050862424240718
12 16 0.45 0.001 31 0.025072338379539 0.040200076927709
12 16 0.45 0.001 32 0.011690792222649 0.040503392368456
12 16 0.45 0.001 33 -0.002624227053951 0.043324719797657
12 16 0.45 0.001 34 -0.003410574678020 0.037512209609416
12 16 0.45 0.001 35 -0.010824316873519 0.038916930817230
12 16 0.45 0.001 36 -0.000787947639402 0.040144775820952
12 16 0.45 0.001 37 0.008833381625427 0.041451263781365
12 16 0.45 0.001 38 0.004644529008943 0.042183748347476
12 16 0.45 0.001 39 0.001517636626388 0.049053675106174
12 16 0.45 0.001 40 0.003477909268807 0.033641051512650
12 16 0.45 0.001 41 0.004203304371043 0.036547835625145
12 16 0.45 0.001 42 -0.031511156687723 0.048414431673287
12 16 0.45 0.001 43 -0.016582083970214 0.046258495193908
12 16 0.45 0.001 44 -0.025350014859787 0.047923983784384
12 16 0.45 0.001 45 -0.024392831812781 0.031311265225008
12 16 0.45 0.001 46 -0.024018087679695 0.042316661720882
12 16 0.45 0.001 47 -0.020137393891782 0.036803561575250
12 16 0.45 0.001 48 -0.020440367278724 0.037990541945400
12 16 0.45 0.001 49 -0.037421207474814 0.033157490004836
12 16 0.45 0.001 50 -0.039863732914570 0.037285749422605
12 16 0.50 0.001 0 -0.004239430726869 0.030008396357806
12 16 0.50 0.001 1 -0.082052636337414 0.033921737518226
12 16 0.50 0.001 2 -0.146063466561197 0.040474918509339
12 16 0.50 0.001 3 -0.154689653454226 0.054009451009510
12 16 0.50 0.001 4 -0.112759990002156 0.058322788886307
12 16 0.50 0.001 5 -0.060172313453071 0.062739357275879
12 16 0.50 0.001 6 -0.026340205719495 0.045962516415542
12 16 0.50 0.001 7 -0.031727343382458 0.071601181389140
12 16 0.50 0.001 8 -0.036208500509846 0.065343357800981
12 16 0.50 0.001 9 -0.030067453886948 0.071624302830906
12 16 0.50 0.001 10 -0.038030146503173 0.104980368769498
12 16 0.50 0.001 11 0.027782363376869 0.056764792843591
12 16 0.50 0.001 12 0.010224930314013 0.105395182973402
12 16 0.50 0.001 13 0.031086098750826 0.063311231450143
12 16 0.50 0.001 14 0.020371871081324 0.063241871888486
12 16 0.50 0.001 15 0.012220745714485 0.074136190918310
12 16 0.50 0.001 16 0.015029617567318 0.079177422568543
12 16 0.50 0.001 17 0.011506454089185 0.051467836440568
12 16 0.50 0.001 18 0.038679440361027 0.069561249531377
12 16 0.50 0.001 19 0.028585961743366 0.054379586806481
12 16 0.50 0.001 20 0.021817891377852 0.078144269004318
12 16 0.50 0.001 21 0.011288665227025 0.080984881594523
12 16 0.50 0.001 22 0.008114303173486 0.063172343365970
12 16 0.50 0.001 23 0.006114857977470 0.066293576641569
12 16 0.50 0.001 24 0.008239427438818 0.053819920018911
12 16 0.50 0.001 25 0.024801602733657 0.074346735910006
12 16 0.50 0.001 26 -0.002774380217441 0.068921340382643
12 16 0.50 0.001 27 0.021390881723018 0.054243428955775
12 16 0.50 0.001 28 -0.009422284466349 0.061395388043306
12 16 0.50 0.001 29 0.007134345843348 0.047004556196932
12 16 0.50 0.001 30 -0.028260529621804 0.086376211986996
12 16 0.50 0.001 31 0.009326580661126 0.059633555408428
12 16 0.50 0.001 32 0.007043058716573 0.058888583152292
12 16 0.50 0.001 33 0.012021318350845 0.089459788118155
12 16 0.50 0.001 34 -0.037446573104874 0.073802767903775
12 16 0.50 0.001 35 -0.025244587722565 0.071996205799258
12 16 0.50 0.001 36 0.005094282387899 0.082093304008549
12 16 0.50 0.001 37 0.013429795955674 0.062023249792611
12 16 0.50 0.001 38 -0.008927888201926 0.065207610313990
12 16 0.50 0.001 39 -0.004267059632616 0.107705394465839
12 16 0.50 0.001 40 -0.010883648168567 0.058426919904396
12 16 0.50 0.001 41 -0.010277782377492 0.081629466493593
12 16 0.50 0.001 42 -0.007753101008406 0.127055943709070
12 16 0.50 0.001 43 -0.016780861942503 0.075482970989781
12 16 0.50 0.001 44 -0.025007562575302 0.083921836929706
12 16 0.50 0.001 45 -0.017857289604811 0.041526276658735
12 16 0.50 0.001 46 -0.000719802520704 0.059356089020630
12 16 0.50 0.001 47 -0.015951163864738 0.073693798721536
12 16 0.50 0.001 48 -0.014098030987612 0.076381930800171
12 16 0.50 0.001 49 -0.037440460322936 0.063599568896454
12 16 0.50 0.001 50 -0.024491692752634 0.064513279156633
12 16 0.55 0.001 0 -0.005150983052573 0.094882260451928
12 16 0.55 0.001 1 -0.239798515054785 0.149739974161616
12 16 0.55 0.001 2 -0.427471591192103 0.186015332239615
12 16 0.55 0.001 3 -0.448690335836689 0.295399959719682
12 16 0.55 0.001 4 -0.305760904658487 0.284787316196622
12 16 0.55 0.001 5 -0.139073279604240 0.323616888721693
12 16 0.55 0.001 6 -0.104072033181049 0.223981212672984
12 16 0.55 0.001 7 -0.146447676079738 0.279648842106800
12 16 0.55 0.001 8 -0.049628301726279 0.265543830723421
12 16 0.55 0.001 9 -0.004795776552711 0.177096852441982
12 16 0.55 0.001 10 -0.066511660879105 0.308075580373138
12 16 0.55 0.001 11 0.043569273615461 0.285049246709728
12 16 0.55 0.001 12 0.089629100194186 0.420734619416310
12 16 0.55 0.001 13 0.049250544507674 0.248090498450629
12 16 0.55 0.001 14 -0.025671099711790 0.268129657935783
12 16 0.55 0.001 15 0.001885993026140 0.301937504478339
12 16 0.55 0.001 16 -0.149165256540532 0.288274382251997
12 16 0.55 0.001 17 0.013200782162181 0.327665262402299
12 16 0.55 0.001 18 0.045639547248617 0.365321732417090
12 16 0.55 0.001 19 -0.070723240577680 0.271505846150791
12 16 0.55 0.001 20 -0.061031605354875 0.338492291205381
12 16 0.55 0.001 21 -0.041090464443683 0.224073933523409
12 16 0.55 0.001 22 -0.039194328539866 0.312801079187349
12 16 0.55 0.001 23 -0.011214638570847 0.297382685056478
12 16 0.55 0.001 24 -0.082545333737694 0.292157940119660
12 16 0.55 0.001 25 0.111170025660510 0.322215574613320
12 16 0.55 0.001 26 -0.011543542659140 0.253344597163923
12 16 0.55 0.001 27 0.013139719738716 0.204215124291867
12 16 0.55 0.001 28 0.028137181084497 0.298359776039148
12 16 0.55 0.001 29 -0.002357795027616 0.153849185212765
12 16 0.55 0.001 30 -0.159623788335394 0.511380404928383
12 16 0.55 0.001 31 0.087499025228590 0.247980839760729
12 16 0.55 0.001 32 0.008812071620737 0.250040089018036
12 16 0.55 0.001 33 -0.060367984977979 0.387881448283881
12 16 0.55 0.001 34 -0.147689637288379 0.267593409522201
12 16 0.55 0.001 35 -0.089693196733638 0.259590195751902
12 16 0.55 0.001 36 -0.007765220955949 0.332017608406501
12 16 0.55 0.001 37 0.056296233059349 0.199203789455078
12 16 0.55 0.001 38 -0.026838652442515 0.302779485582754
12 16 0.55 0.001 39 -0.027416433982408 0.362799591437529
12 16 0.55 0.001 40 -0.115823982702868 0.224100748420007
12 16 0.55 0.001 41 0.038901453091850 0.166185189385576
12 16 0.55 0.001 42 0.108262330685630 0.537811907840696
12 16 0.55 0.001 43 0.001846033662231 0.252818770802730
12 16 0.55 0.001 44 -0.009590248842260 0.261154957728453
12 16 0.55 0.001 45 0.033305691318653 0.160224703788985
12 16 0.55 0.001 46 -0.015982688025429 0.286837607907222
12 16 0.55 0.001 47 -0.095028540350219 0.317073480827430
12 16 0.55 0.001 48 0.020001758703487 0.364393867001196
12 16 0.55 0.001 49 -0.033014419217358 0.289779722951354
12 16 0.55 0.001 50 -0.094497813298745 0.290578521378477
12 16 0.60 0.001 0 -0.009286462394056 1.390547668934756
12 16 0.60 0.001 1 1.554475897393113 1.966975744897324
12 16 0.60 0.001 2 1.715831948133765 2.413048334511743
12 16 0.60 0.001 3 0.754878836635141 3.723574515989380
12 16 0.60 0.001 4 0.217751364988107 3.407512179685816
12 16 0.60 0.001 5 0.693789931259612 3.569236451803470
12 16 0.60 0.001 6 1.594879873345231 2.824294585775464
12 16 0.60 0.001 7 0.878679169916957 2.049778503855017
12 16 0.60 0.001 8 0.361728013771736 2.822938055772188
12 16 0.60 0.001 9 0.911665472357837 2.020615315683787
12 16 0.60 0.001 10 0.503838008224211 3.507097460956215
12 16 0.60 0.001 11 0.381270644514909 2.490036982015360
12 16 0.60 0.001 12 0.536592334858842 4.275038270827156
12 16 0.60 0.001 13 0.312218774742672 2.626059735870112
12 16 0.60 0.001 14 -0.246836443445126 3.400442884888045
12 16 0.60 0.001 15 0.320648314496105 5.497258353935010
12 16 0.60 0.001 16 -1.272038833849262 3.063658802424349
12 16 0.60 0.001 17 -0.073890894184384 3.939605150263377
12 16 0.60 0.001 18 0.439539217266731 4.590275467892678
12 16 0.60 0.001 19 -0.574682700185537 2.971933580387411
12 16 0.60 0.001 20 0.190505720075609 2.838479995326552
12 16 0.60 0.001 21 0.373724207508135 2.530856552625517
12 16 0.60 0.001 22 -0.304211999427340 2.597646299068164
12 16 0.60 0.001 23 0.696347448110825 2.308146910813667
12 16 0.60 0.001 24 -0.013398797116774 4.075326223911042
12 16 0.60 0.001 25 0.146538386655442 3.301236998841917
12 16 0.60 0.001 26 0.558519505212927 3.088803608704438
12 16 0.60 0.001 27 0.115112567878116 2.506119315212423
12 16 0.60 0.001 28 -0.479982494544244 2.529133119925357
12 16 0.60 0.001 29 -0.047524228989774 2.134562255716898
12 16 0.60 0.001 30 -1.543705121470731 6.550077589853093
12 16 0.60 0.001 31 -0.451788513800970 3.478542849438393
12 16 0.60 0.001 32 0.094486646097765 2.572920612358795
12 16 0.60 0.001 33 0.379838574764019 5.525967550036022
12 16 0.60 0.001 34 0.366533234508943 5.161574577499322
12 16 0.60 0.001 35 -0.033372351360875 3.558657021766448
12 16 0.60 0.001 36 -0.177576974712939 3.927578868308639
12 16 0.60 0.001 37 0.839213697811648 2.383825237645021
12 16 0.60 0.001 38 0.450048357414663 4.239089712064811
12 16 0.60 0.001 39 -0.350663901414950 6.614062924331114
12 16 0.60 0.001 40 -0.642115194086568 2.978273229777475
12 16 0.60 0.001 41 -0.064112559893365 3.279001332123292
12 16 0.60 0.001 42 -0.499694654035018 7.663809899011624
12 16 0.60 0.001 43 -0.658123124321925 3.943646714711546
12 16 0.60 0.001 44 0.297317289866456 3.161721347090430
12 16 0.60 0.001 45 0.340242534999675 2.537667713013903
12 16 0.60 0.001 46 -0.543205876787603 3.464963909148061
12 16 0.60 0.001 47 -0.230061677732056 3.013271142411830
12 16 0.60 0.001 48 -0.193010323374753 5.522463306264680
12 16 0.60 0.001 49 -0.800371539748521 2.795150281585737
12 16 0.60 0.001 50 0.019757708344569 3.077466216318262
12 16 0.65 0.001 0 0.002996528629485 0.039929298445617
12 16 0.65 0.001 1 0.256469440085988 0.068728633409428
12 16 0.65 0.001 2 0.336673727979739 0.106825483644425
12 16 0.65 0.001 3 0.286260219596851 0.127169828328736
12 16 0.65 0.001 4 0.133605440815792 0.121699065815330
12 16 0.65 0.001 5 0.123826544200536 0.142234608989817
12 16 0.65 0.001 6 0.180960221024139 0.150668419365348
12 16 0.65 0.001 7 0.249832328149469 0.133726240499611
12 16 0.65 0.001 8 0.268188285436657 0.168866599506223
12 16 0.65 0.001 9 0.171643051696703 0.091828964682590
12 16 0.65 0.001 10 0.136912543146379 0.136649002619773
12 16 0.65 0.001 11 0.226084324920381 0.112266214720296
12 16 0.65 0.001 12 0.181376521788899 0.168502613346251
12 16 0.65 0.001 13 0.159585903711886 0.113911979666297
12 16 0.65 0.001 14 0.094234312678258 0.108641522748090
12 16 0.65 0.001 15 0.101924624333126 0.137720636057251
12 16 0.65 0.001 16 0.018886619524252 0.153845377450061
12 16 0.65 0.001 17 0.036362310028216 0.135164240535299
12 16 0.65 0.001 18 0.080518381759540 0.115863943054641
12 16 0.65 0.001 19 0.091501539168880 0.094537839562342
12 16 0.65 0.001 20 0.096378895018853 0.152641060984053
12 16 0.65 0.001 21 0.099262077663593 0.105683505580602
12 16 0.65 0.001 22 0.102565575208298 0.159781153232432
12 16 0.65 0.001 23 0.054611147651884 0.131036264500409
12 16 0.65 0.001 24 0.033778921495554 0.127768419490612
12 16 0.65 0.001 25 0.074432518429867 0.135365208934921
12 16 0.65 0.001 26 0.109464118753839 0.098596586321497
12 16 0.65 0.001 27 0.056945165234233 0.093159997056116
12 16 0.65 0.001 28 0.003306760751946 0.107525982501433
12 16 0.65 0.001 29 0.030710042093289 0.068284511218139
12 16 0.65 0.001 30 -0.024563020883214 0.293312394374798
12 16 0.65 0.001 31 0.028773442150483 0.114669597910703
12 16 0.65 0.001 32 0.007279600715235 0.110103860046734
12 16 0.65 0.001 33 0.011313335727873 0.214490168054894
12 16 0.65 0.001 34 -0.071425418865299 0.125197722290617
12 16 0.65 0.001 35 -0.046215703323320 0.121152385219005
12 16 0.65 0.001 36 -0.014467362039411 0.126084136211865
12 16 0.65 0.001 37 0.024340004393893 0.102087408153760
12 16 0.65 0.001 38 0.012529598069269 0.154818049223446
12 16 0.65 0.001 39 -0.020500205333330 0.199832536821431
12 16 0.65 0.001 40 -0.028154741748076 0.108602569874910
12 16 0.65 0.001 41 -0.032958815280668 0.148885851559904
12 16 0.65 0.001 42 -0.057137437297928 0.260145852057184
12 16 0.65 0.001 43 -0.040908339702991 0.118836976001037
12 16 0.65 0.001 44 -0.054350282315591 0.149184950324961
12 16 0.65 0.001 45 -0.048200609414593 0.065711075803298
12 16 0.65 0.001 46 -0.097760435302246 0.134582377214556
12 16 0.65 0.001 47 0.012547787575528 0.130611803153329
12 16 0.65 0.001 48 -0.073308424552178 0.138280856233340
12 16 0.65 0.001 49 -0.063795361176094 0.112081206862550
12 16 0.65 0.001 50 -0.118447898289556 0.098709980099535
12 16 0.70 0.001 0 -0.001825187321573 0.017499378646098
12 16 0.70 0.001 1 0.145873281844389 0.019435740528036
12 16 0.70 0.001 2 0.190444437947734 0.030000615617873
12 16 0.70 0.001 3 0.133044091265809 0.033918390222620
12 16 0.70 0.001 4 0.067367144476776 0.038759195669613
12 16 0.70 0.001 5 0.066671784050140 0.038177822166304
12 16 0.70 0.001 6 0.105805724607983 0.040585865600793
12 16 0.70 0.001 7 0.175386084545419 0.044683813206019
12 16 0.70 0.001 8 0.179704024191317 0.056100391299526
12 16 0.70 0.001 9 0.131514002817407 0.045726596653441
12 16 0.70 0.001 10 0.101471737569336 0.045209198332538
12 16 0.70 0.001 11 0.175174181379256 0.045989111671140
12 16 0.70 0.001 12 0.112957617183935 0.044233864994792
12 16 0.70 0.001 13 0.126092812211194 0.050232977858402
12 16 0.70 0.001 14 0.107339984123148 0.053218634373206
12 16 0.70 0.001 15 0.089041379204323 0.050442548852853
12 16 0.70 0.001 16 0.073129051427154 0.059868687493038
12 16 0.70 0.001 17 0.043521457273796 0.037727463156321
12 16 0.70 0.001 18 0.065327438634309 0.047229351663918
12 16 0.70 0.001 19 0.092598462517617 0.037258264907979
12 16 0.70 0.001 20 0.086415814122276 0.043061271841105
12 16 0.70 0.001 21 0.088597010640029 0.067615489500616
12 16 0.70 0.001 22 0.093043362275253 0.056455602945661
12 16 0.70 0.001 23 0.052744716920854 0.047092124011259
12 16 0.70 0.001 24 0.047307612278941 0.048649009627670
12 16 0.70 0.001 25 0.055454011551215 0.052155587798314
12 16 0.70 0.001 26 0.062499497250812 0.040229306661599
12 16 0.70 0.001 27 0.053418775114648 0.037012825701265
12 16 0.70 0.001 28 0.034847743159530 0.053598279792752
12 16 0.70 0.001 29 0.028731949752382 0.038312830524197
12 16 0.70 0.001 30 0.018843822417743 0.087159136285880
12 16 0.70 0.001 31 0.039124488414230 0.043468331656408
12 16 0.70 0.001 32 0.002839044271416 0.049071742792000
12 16 0.70 0.001 33 -0.008828394897350 0.049590812124373
12 16 0.70 0.001 34 -0.007684133021529 0.041456595594919
12 16 0.70 0.001 35 -0.013516264289778 0.043518936011784
12 16 0.70 0.001 36 0.006828058098996 0.059089382224912
12 16 0.70 0.001 37 -0.002260178222735 0.054315534162235
12 16 0.70 0.001 38 0.004089728895528 0.056036771203437
12 16 0.70 0.001 39 -0.006184707767837 0.072460567759225
12 16 0.70 0.001 40 -0.016008679410153 0.042327890826243
12 16 0.70 0.001 41 -0.029516714851982 0.055328866354402
12 16 0.70 0.001 42 -0.032455050965449 0.081185810694409
12 16 0.70 0.001 43 -0.036650558353171 0.052673243906302
12 16 0.70 0.001 44 -0.036638008619697 0.036512280765828
12 16 0.70 0.001 45 -0.065719529381621 0.034053468315094
12 16 0.70 0.001 46 -0.074988177497389 0.043472696325694
12 16 0.70 0.001 47 -0.057004558493446 0.056594464927983
12 16 0.70 0.001 48 -0.055576731905339 0.044285815207603
12 16 0.70 0.001 49 -0.064033509866836 0.045626805490190
12 16 0.70 0.001 50 -0.110818119332112 0.043866376131454
12 16 0.75 0.001 0 -0.000634018226843 0.010892078276097
12 16 0.75 0.001 1 0.102150673891457 0.015493646645885
12 16 0.75 0.001 2 0.124932261563758 0.012960432542689
12 16 0.75 0.001 3 0.082597767213999 0.018351096716381
12 16 0.75 0.001 4 0.041626318596327 0.017944478640079
12 16 0.75 0.001 5 0.038615151097464 0.026341712913563
12 16 0.75 0.001 6 0.079190971968143 0.025795453387551
12 16 0.75 0.001 7 0.138096942968624 0.031458139147714
12 16 0.75 0.001 8 0.143844704475243 0.028438620737929
12 16 0.75 0.001 9 0.103785342497888 0.027674626941151
12 16 0.75 0.001 10 0.087862849752057 0.027041638129266
12 16 0.75 0.001 11 0.133639672245735 0.025874296285308
12 16 0.75 0.001 12 0.081263132534580 0.026428105657651
12 16 0.75 0.001 13 0.119172762308761 0.030215952540829
12 16 0.75 0.001 14 0.107049155960035 0.029159456194124
12 16 0.75 0.001 15 0.089974111359761 0.032977471989139
12 16 0.75 0.001 16 0.069843498234232 0.038371353690610
12 16 0.75 0.001 17 0.041779790125826 0.026110605828230
12 16 0.75 0.001 18 0.065691298261340 0.023560157148626
12 16 0.75 0.001 19 0.084181754676681 0.018599348326028
12 16 0.75 0.001 20 0.084108469610910 0.024920410012738
12 16 0.75 0.001 21 0.078952853565833 0.025279123518593
12 16 0.75 0.001 22 0.087881010119460 0.028596420719483
12 16 0.75 0.001 23 0.054563513765397 0.028508879259639
12 16 0.75 0.001 24 0.052487920979912 0.027396064514273
12 16 0.75 0.001 25 0.054965146297736 0.030881007841055
12 16 0.75 0.001 26 0.057445722400361 0.031770631879701
12 16 0.75 0.001 27 0.055203079252583 0.024209694695203
12 16 0.75 0.001 28 0.030160002490377 0.023980758504957
12 16 0.75 0.001 29 0.028073582576991 0.029272895946595
12 16 0.75 0.001 30 0.037508468269424 0.033028241899561
12 16 0.75 0.001 31 0.036119516956992 0.020653993945100
12 16 0.75 0.001 32 0.017369003325243 0.028872347180976
12 16 0.75 0.001 33 0.000468334337202 0.032483920929890
12 16 0.75 0.001 34 -0.018281114553635 0.032994104681038
12 16 0.75 0.001 35 -0.019407713736819 0.029069892688880
12 16 0.75 0.001 36 0.001842227300457 0.033605195122237
12 16 0.75 0.001 37 0.010531969678218 0.027799469589823
12 16 0.75 0.001 38 0.003469015715505 0.026495174915543
12 16 0.75 0.001 39 -0.002021491723368 0.033223156521001
12 16 0.75 0.001 40 -0.006549687315962 0.032401292176804
12 16 0.75 0.001 41 -0.027607010385135 0.030523685929322
12 16 0.75 0.001 42 -0.027896400159083 0.036382974066015
12 16 0.75 0.001 43 -0.036660066957925 0.031230633257691
12 16 0.75 0.001 44 -0.032917320246595 0.026599770483589
12 16 0.75 0.001 45 -0.050121646564156 0.028028511407298
12 16 0.75 0.001 46 -0.066415072335730 0.023425446724902
12 16 0.75 0.001 47 -0.039550293404157 0.030259053271669
12 16 0.75 0.001 48 -0.052485718886280 0.032312724323660
12 16 0.75 0.001 49 -0.056673890320135 0.030357355458346
12 16 0.75 0.001 50 -0.098573991158527 0.032872356897374
#Ls   Lt  mu  ma  nfluxes AxialCurrent Err
