12 24 0.00 0.001 0 0.002494201722966 0.010020812500257
12 24 0.00 0.001 1 -0.015120687641666 0.014779690921506
12 24 0.00 0.001 2 -0.043711564278506 0.016215248161940
12 24 0.00 0.001 3 -0.066033960750773 0.029555180760082
12 24 0.00 0.001 4 -0.042105909331844 0.028815702900640
12 24 0.00 0.001 5 -0.017132057844067 0.035940698860944
12 24 0.00 0.001 6 0.000846335563137 0.027124952193626
12 24 0.00 0.001 7 -0.007561703807586 0.052206807531716
12 24 0.00 0.001 8 -0.023687296089023 0.040409551202666
12 24 0.00 0.001 9 -0.026594367091305 0.051333659715216
12 24 0.00 0.001 10 -0.035076366329467 0.036688820176650
12 24 0.00 0.001 11 -0.015899972426616 0.042397653450434
12 24 0.00 0.001 12 -0.001962717195081 0.045455564440368
12 24 0.00 0.001 13 0.010519094228650 0.038309200994281
12 24 0.00 0.001 14 -0.004403258129572 0.037388367297662
12 24 0.00 0.001 15 -0.025419863613527 0.041956929863977
12 24 0.00 0.001 16 -0.023317821739315 0.035187686225535
12 24 0.00 0.001 17 -0.010829245019422 0.026732573095012
12 24 0.00 0.001 18 -0.002467372441712 0.040156879220501
12 24 0.00 0.001 19 0.005315961988028 0.045162929526749
12 24 0.00 0.001 20 -0.003334473899565 0.029285955621846
12 24 0.00 0.001 21 -0.008802040859557 0.034144272802262
12 24 0.00 0.001 22 -0.011570026284602 0.035497757663915
12 24 0.00 0.001 23 -0.009517801052700 0.046641140011831
12 24 0.00 0.001 24 0.000895401007440 0.045140247005062
12 24 0.00 0.001 25 0.003132158084216 0.040057333162009
12 24 0.00 0.001 26 0.003639680883526 0.039924895646638
12 24 0.00 0.001 27 -0.002792179411784 0.038064036349901
12 24 0.00 0.001 28 -0.003599951550441 0.038204104244241
12 24 0.00 0.001 29 -0.003945721826218 0.035196373107803
12 24 0.00 0.001 30 0.018953398415349 0.033886135344467
12 24 0.00 0.001 31 0.023388746302277 0.037479192875558
12 24 0.00 0.001 32 0.012590993442971 0.034590909967731
12 24 0.00 0.001 33 0.012086424095240 0.060176285515485
12 24 0.00 0.001 34 0.007194998839432 0.052580971621853
12 24 0.00 0.001 35 0.004475887500277 0.044620902000273
12 24 0.00 0.001 36 -0.016591990130119 0.047441252910299
12 24 0.00 0.001 37 0.012203480843789 0.034596064151277
12 24 0.00 0.001 38 -0.015718359302421 0.033542199522801
12 24 0.00 0.001 39 0.011147179643517 0.063546454173455
12 24 0.00 0.001 40 -0.000180570307356 0.049270731957059
12 24 0.00 0.001 41 0.002412652743521 0.033332310817264
12 24 0.00 0.001 42 -0.016555798307251 0.034741987456499
12 24 0.00 0.001 43 0.001930546916182 0.041280146593774
12 24 0.00 0.001 44 -0.014102689245919 0.041619932139979
12 24 0.00 0.001 45 0.000360534211173 0.031580540310666
12 24 0.00 0.001 46 0.015471934047938 0.048894277278517
12 24 0.00 0.001 47 0.014117675796594 0.046188598631056
12 24 0.00 0.001 48 0.004771637448037 0.041354652301287
12 24 0.00 0.001 49 -0.005156135151831 0.026418984584858
12 24 0.00 0.001 50 -0.000214415393680 0.035823121042151
12 24 0.05 0.001 0 0.008356983201059 0.019051468030672
12 24 0.05 0.001 1 -0.091028055257448 0.027185709094489
12 24 0.05 0.001 2 -0.150479326739106 0.040807547418706
12 24 0.05 0.001 3 -0.151123995734446 0.056622496048616
12 24 0.05 0.001 4 -0.108997254456804 0.057199528214626
12 24 0.05 0.001 5 -0.073458596883750 0.064833201812167
12 24 0.05 0.001 6 -0.050613241079288 0.049720664989948
12 24 0.05 0.001 7 -0.052316940765779 0.053843119792193
12 24 0.05 0.001 8 -0.082060738335237 0.072144734236493
12 24 0.05 0.001 9 -0.080603503317163 0.068389567415437
12 24 0.05 0.001 10 -0.074368953510287 0.076760927030809
12 24 0.05 0.001 11 -0.037125574568578 0.039518324792649
12 24 0.05 0.001 12 -0.028432437433983 0.066044409962050
12 24 0.05 0.001 13 -0.020674975617858 0.061579459650389
12 24 0.05 0.001 14 0.000136103504615 0.064092052557223
12 24 0.05 0.001 15 -0.029591558216116 0.093217343834761
12 24 0.05 0.001 16 -0.025133274774657 0.094727084758440
12 24 0.05 0.001 17 -0.005194101487789 0.048747714587866
12 24 0.05 0.001 18 -0.006728854216833 0.048135257548937
12 24 0.05 0.001 19 -0.024518379980779 0.052168423658403
12 24 0.05 0.001 20 -0.030311118661624 0.071395980159620
12 24 0.05 0.001 21 -0.027768269608229 0.063181190981106
12 24 0.05 0.001 22 0.002840467913348 0.077978329847063
12 24 0.05 0.001 23 -0.013548612494989 0.067773841405232
12 24 0.05 0.001 24 -0.025095108117403 0.063086277405179
12 24 0.05 0.001 25 -0.008824039148950 0.058016117309888
12 24 0.05 0.001 26 -0.019950628854744 0.061994822373307
12 24 0.05 0.001 27 -0.013710798910822 0.060444329699439
12 24 0.05 0.001 28 0.002861039790767 0.072632632648124
12 24 0.05 0.001 29 -0.020315822735359 0.060387405097599
12 24 0.05 0.001 30 0.001104148657360 0.080878657129514
12 24 0.05 0.001 31 0.003612281076201 0.062996458895526
12 24 0.05 0.001 32 0.026463962771570 0.056859952011336
12 24 0.05 0.001 33 -0.005374701252154 0.075441672570898
12 24 0.05 0.001 34 0.013943345947615 0.072781959022155
12 24 0.05 0.001 35 -0.012912815537027 0.065200927227161
12 24 0.05 0.001 36 -0.001975171166643 0.056308328777411
12 24 0.05 0.001 37 -0.012280808491107 0.070569940437815
12 24 0.05 0.001 38 0.000377842509992 0.070783339688280
12 24 0.05 0.001 39 0.021244413489776 0.100936188947186
12 24 0.05 0.001 40 -0.011467179561688 0.075409239290951
12 24 0.05 0.001 41 0.008131695149106 0.066785260166560
12 24 0.05 0.001 42 -0.006319349496383 0.117479031763609
12 24 0.05 0.001 43 0.010037675759060 0.046626645003810
12 24 0.05 0.001 44 0.006532065038722 0.080810130373177
12 24 0.05 0.001 45 0.001348859821489 0.042021613890470
12 24 0.05 0.001 46 0.012641018301365 0.073785186285259
12 24 0.05 0.001 47 0.023443076306033 0.061592376139644
12 24 0.05 0.001 48 0.008693846562238 0.060777300546935
12 24 0.05 0.001 49 0.000400581422851 0.038518528229931
12 24 0.05 0.001 50 0.028794680390299 0.053169629572971
12 24 0.10 0.001 0 0.022998007923135 0.111897739040482
12 24 0.10 0.001 1 -0.354728792726495 0.177388848048958
12 24 0.10 0.001 2 -0.472929035230232 0.251000672602318
12 24 0.10 0.001 3 -0.323620068364666 0.284762676938009
12 24 0.10 0.001 4 -0.159393178905603 0.376637567725175
12 24 0.10 0.001 5 -0.222063197630174 0.262738513715689
12 24 0.10 0.001 6 -0.270344548809320 0.297603576705231
12 24 0.10 0.001 7 -0.256386125426528 0.346534377427644
12 24 0.10 0.001 8 -0.281494545260182 0.285580354779825
12 24 0.10 0.001 9 -0.071890244400734 0.266386596174760
12 24 0.10 0.001 10 -0.114138309789443 0.332566359266719
12 24 0.10 0.001 11 -0.180017687103170 0.358889365020069
12 24 0.10 0.001 12 -0.038127327342486 0.436519476380450
12 24 0.10 0.001 13 -0.075946875470653 0.274084984461709
12 24 0.10 0.001 14 -0.091896011000240 0.297011544625232
12 24 0.10 0.001 15 -0.129538050345832 0.483064164948821
12 24 0.10 0.001 16 -0.134776419991989 0.477976277883679
12 24 0.10 0.001 17 0.043597113545939 0.353098014142557
12 24 0.10 0.001 18 0.025813057469539 0.429824281704777
12 24 0.10 0.001 19 -0.012192362943112 0.332828163053465
12 24 0.10 0.001 20 0.013427715040204 0.376806986111605
12 24 0.10 0.001 21 -0.174974529246830 0.458704194153125
12 24 0.10 0.001 22 -0.091027246319027 0.290735330472360
12 24 0.10 0.001 23 -0.135486776860924 0.292570733198412
12 24 0.10 0.001 24 -0.006782393297857 0.426159805746525
12 24 0.10 0.001 25 -0.043537022977937 0.284834390788250
12 24 0.10 0.001 26 -0.013049762021058 0.346135790679821
12 24 0.10 0.001 27 -0.042597750553745 0.176823502686124
12 24 0.10 0.001 28 0.037172202134262 0.293876883646221
12 24 0.10 0.001 29 -0.031382708727046 0.333563754615193
12 24 0.10 0.001 30 0.003479059828766 0.673468292020177
12 24 0.10 0.001 31 -0.008375578449139 0.370495073569787
12 24 0.10 0.001 32 -0.039267342901762 0.346658108879004
12 24 0.10 0.001 33 0.047637968304787 0.503034354872133
12 24 0.10 0.001 34 0.122900482070073 0.564446763544925
12 24 0.10 0.001 35 0.024783725998629 0.362639776085324
12 24 0.10 0.001 36 -0.049926116756295 0.498066924370635
12 24 0.10 0.001 37 0.094736462529454 0.281306754179479
12 24 0.10 0.001 38 -0.214515317541037 0.387168931657550
12 24 0.10 0.001 39 -0.113119578477928 0.514454428970785
12 24 0.10 0.001 40 0.051489212551172 0.370648699224723
12 24 0.10 0.001 41 0.085547963733088 0.293313498807544
12 24 0.10 0.001 42 -0.037359959928920 0.487092361173821
12 24 0.10 0.001 43 0.042726678174317 0.259094336445081
12 24 0.10 0.001 44 0.090740161702023 0.309520134561517
12 24 0.10 0.001 45 -0.049241809003031 0.303510757260997
12 24 0.10 0.001 46 -0.068080960725338 0.341922553550504
12 24 0.10 0.001 47 -0.020538343791638 0.329036269832759
12 24 0.10 0.001 48 0.067767084864123 0.301665504772582
12 24 0.10 0.001 49 -0.032010383226585 0.477448385191662
12 24 0.10 0.001 50 -0.081184069824274 0.409123424653836
12 24 0.15 0.001 0 0.041253602189026 0.272878583761699
12 24 0.15 0.001 1 0.510914779755319 0.358991062610275
12 24 0.15 0.001 2 0.598063366478472 0.631537934744332
12 24 0.15 0.001 3 0.592074914773458 0.722920744050663
12 24 0.15 0.001 4 0.160653708071992 0.718620475438060
12 24 0.15 0.001 5 0.155705812689085 0.820876905286098
12 24 0.15 0.001 6 0.482375938776737 0.818432659307321
12 24 0.15 0.001 7 0.380690347314272 0.515265398693049
12 24 0.15 0.001 8 0.319130165720042 0.426968473339820
12 24 0.15 0.001 9 0.163152644996881 0.682154094407669
12 24 0.15 0.001 10 0.273220817928059 0.940067026062472
12 24 0.15 0.001 11 0.163150082640600 0.575990250496928
12 24 0.15 0.001 12 0.056143396845752 0.952090024982072
12 24 0.15 0.001 13 -0.009885750443919 0.453609102409284
12 24 0.15 0.001 14 0.190942723627498 0.871122280539861
12 24 0.15 0.001 15 0.010522587704277 1.070102251716173
12 24 0.15 0.001 16 0.031576757752475 0.702885474114434
12 24 0.15 0.001 17 0.003239023519647 0.976375504264715
12 24 0.15 0.001 18 -0.105799870533294 0.822304175385438
12 24 0.15 0.001 19 0.165244991821046 0.951799717424674
12 24 0.15 0.001 20 0.265018021604561 0.644213718311944
12 24 0.15 0.001 21 0.006097723355479 1.054884676499664
12 24 0.15 0.001 22 0.178128118019317 1.027268120903587
12 24 0.15 0.001 23 0.087300501323004 0.646335640158301
12 24 0.15 0.001 24 -0.122371966298260 0.958917647290324
12 24 0.15 0.001 25 0.111523644876651 0.763728575813937
12 24 0.15 0.001 26 0.238537418950818 0.736824848402583
12 24 0.15 0.001 27 0.021453186138959 0.445832233982729
12 24 0.15 0.001 28 -0.009179991443166 0.964609140924823
12 24 0.15 0.001 29 0.149995516598098 0.872877529796181
12 24 0.15 0.001 30 -0.247394663165517 1.981399734800654
12 24 0.15 0.001 31 0.023069478566086 0.756564129310769
12 24 0.15 0.001 32 0.036116039921297 0.691714759089410
12 24 0.15 0.001 33 -0.031375245434609 1.075321149260239
12 24 0.15 0.001 34 0.166195249990975 0.865239518756626
12 24 0.15 0.001 35 -0.053671728096983 0.546587044412146
12 24 0.15 0.001 36 0.239997525462172 1.329303694874725
12 24 0.15 0.001 37 0.148318070115385 0.555795321174034
12 24 0.15 0.001 38 0.162946326959202 0.958769252200938
12 24 0.15 0.001 39 -0.025827170098893 1.650320225979303
12 24 0.15 0.001 40 0.085142092554825 0.617625829680418
12 24 0.15 0.001 41 -0.084213207869285 0.746593231652904
12 24 0.15 0.001 42 -0.021252483790294 1.615957535467691
12 24 0.15 0.001 43 -0.171024301743171 0.639392807832375
12 24 0.15 0.001 44 -0.224935283455935 1.008523181239584
12 24 0.15 0.001 45 -0.127522990652250 0.586149110393109
12 24 0.15 0.001 46 -0.128073935010017 0.857595761995020
12 24 0.15 0.001 47 -0.133048854397622 0.875722929278068
12 24 0.15 0.001 48 -0.262476646930632 1.262644927784792
12 24 0.15 0.001 49 -0.318309538089013 0.990161061648415
12 24 0.15 0.001 50 -0.120868947925095 0.659932547895739
12 24 0.20 0.001 0 -0.004736736831247 0.025359234673158
12 24 0.20 0.001 1 0.119225689730364 0.034001714859866
12 24 0.20 0.001 2 0.152252933923867 0.051870293705382
12 24 0.20 0.001 3 0.077195185545836 0.054015033518103
12 24 0.20 0.001 4 0.034183464909889 0.055954215277380
12 24 0.20 0.001 5 0.035201055090154 0.091701113024150
12 24 0.20 0.001 6 0.091266197635692 0.042735324555654
12 24 0.20 0.001 7 0.106447753805855 0.065021785852457
12 24 0.20 0.001 8 0.090713363783809 0.082561089723220
12 24 0.20 0.001 9 0.033828872867192 0.077483043167455
12 24 0.20 0.001 10 0.017612530681855 0.076396184484361
12 24 0.20 0.001 11 0.053547305568329 0.081957756518809
12 24 0.20 0.001 12 0.050980312827814 0.096895159510846
12 24 0.20 0.001 13 0.062934236909324 0.071584421583794
12 24 0.20 0.001 14 0.025502807770264 0.091443124264280
12 24 0.20 0.001 15 0.047076005438220 0.101315394058095
12 24 0.20 0.001 16 0.039303323948450 0.109974645824965
12 24 0.20 0.001 17 0.019612774874344 0.075517204649001
12 24 0.20 0.001 18 0.039961284628481 0.062022651391630
12 24 0.20 0.001 19 0.063372947106832 0.042537946069782
12 24 0.20 0.001 20 0.059649171069040 0.078242160552986
12 24 0.20 0.001 21 0.042894877763358 0.079222489979655
12 24 0.20 0.001 22 0.052223355125061 0.074298145075840
12 24 0.20 0.001 23 0.034889794585315 0.070689401732251
12 24 0.20 0.001 24 0.039267120035669 0.083019142353752
12 24 0.20 0.001 25 -0.004441278216842 0.071101211241652
12 24 0.20 0.001 26 0.047740602908689 0.072959358667985
12 24 0.20 0.001 27 0.028027542455540 0.055687035671331
12 24 0.20 0.001 28 -0.005647165723562 0.096224743233798
12 24 0.20 0.001 29 0.003748060259544 0.047729060377029
12 24 0.20 0.001 30 0.014052664323584 0.127389144321564
12 24 0.20 0.001 31 0.031290458744146 0.070230865727514
12 24 0.20 0.001 32 0.020811987071509 0.077814407905810
12 24 0.20 0.001 33 0.018185300214633 0.062312672536232
12 24 0.20 0.001 34 -0.004172459109298 0.114011246201122
12 24 0.20 0.001 35 0.023865625504276 0.063063703933759
12 24 0.20 0.001 36 0.013936090384166 0.124950629467473
12 24 0.20 0.001 37 -0.003747600640107 0.081348124064795
12 24 0.20 0.001 38 0.014182548559857 0.089583351182272
12 24 0.20 0.001 39 0.011856339665424 0.134115188071024
12 24 0.20 0.001 40 -0.007823847140710 0.094249577321022
12 24 0.20 0.001 41 -0.008247682782499 0.070346663411416
12 24 0.20 0.001 42 -0.018543250088980 0.139686937319901
12 24 0.20 0.001 43 -0.028544397524614 0.056685386279467
12 24 0.20 0.001 44 -0.050332123579431 0.077679458818707
12 24 0.20 0.001 45 -0.047893759318120 0.056034495419914
12 24 0.20 0.001 46 -0.060831599203263 0.087544321109207
12 24 0.20 0.001 47 -0.029496274643932 0.085463741348686
12 24 0.20 0.001 48 -0.039864864687121 0.089421614568637
12 24 0.20 0.001 49 -0.044030208884802 0.085958105449409
12 24 0.20 0.001 50 -0.060734866085310 0.081770065729133
12 24 0.25 0.001 0 -0.000418065520348 0.014349489138304
12 24 0.25 0.001 1 0.031564902651962 0.016723177705547
12 24 0.25 0.001 2 0.015232066560107 0.021310209276677
12 24 0.25 0.001 3 -0.013854070379662 0.020676954535317
12 24 0.25 0.001 4 -0.019575584325483 0.021763064746865
12 24 0.25 0.001 5 -0.000466401033477 0.030478428434054
12 24 0.25 0.001 6 0.034605616069194 0.031437749611767
12 24 0.25 0.001 7 0.064943274030631 0.035585029159816
12 24 0.25 0.001 8 0.030876648143165 0.041157534710683
12 24 0.25 0.001 9 0.013050956380535 0.042464157225496
12 24 0.25 0.001 10 -0.008368617956764 0.037963992910286
12 24 0.25 0.001 11 0.056008827349337 0.050358020766779
12 24 0.25 0.001 12 0.036026857796316 0.048201278482690
12 24 0.25 0.001 13 0.037283559902629 0.044025463811239
12 24 0.25 0.001 14 0.016181531848016 0.049503437416614
12 24 0.25 0.001 15 0.003551008849579 0.057729075940075
12 24 0.25 0.001 16 0.005204517602614 0.041611287127656
12 24 0.25 0.001 17 0.008976076000396 0.031762375032253
12 24 0.25 0.001 18 0.025334390794130 0.025534741400856
12 24 0.25 0.001 19 0.033441657857594 0.027133994010943
12 24 0.25 0.001 20 0.038882637652347 0.032224315032092
12 24 0.25 0.001 21 0.042422303477942 0.046209266504634
12 24 0.25 0.001 22 0.037400254975892 0.042079858354966
12 24 0.25 0.001 23 0.024450037463555 0.038973963164799
12 24 0.25 0.001 24 0.022896925407250 0.032429032767091
12 24 0.25 0.001 25 0.021906916409699 0.032439291695988
12 24 0.25 0.001 26 0.034793265130418 0.041898156326832
12 24 0.25 0.001 27 0.022078290767390 0.025349547172484
12 24 0.25 0.001 28 0.002123154078319 0.037999441783309
12 24 0.25 0.001 29 0.009987378089465 0.042981427751727
12 24 0.25 0.001 30 0.020811382416092 0.061147006285639
12 24 0.25 0.001 31 -0.003078872823155 0.043804782811285
12 24 0.25 0.001 32 0.012174581865133 0.048924686001373
12 24 0.25 0.001 33 0.018474430215630 0.037764815303798
12 24 0.25 0.001 34 0.011368286493342 0.037391780351565
12 24 0.25 0.001 35 0.005834485415428 0.041078492823591
12 24 0.25 0.001 36 -0.012104508217566 0.037381900273920
12 24 0.25 0.001 37 0.005237142198762 0.046461415108836
12 24 0.25 0.001 38 -0.004355050011863 0.037999201826118
12 24 0.25 0.001 39 0.006556185092654 0.058843808985250
12 24 0.25 0.001 40 -0.003398508201148 0.044696445087062
12 24 0.25 0.001 41 -0.009656835087834 0.044926577518850
12 24 0.25 0.001 42 -0.031316763734224 0.064505051934047
12 24 0.25 0.001 43 -0.028511484736187 0.040442867770710
12 24 0.25 0.001 44 -0.025255466904506 0.039607636256285
12 24 0.25 0.001 45 -0.035666257616474 0.022667609392525
12 24 0.25 0.001 46 -0.023318970047442 0.036536743212759
12 24 0.25 0.001 47 -0.015841776884206 0.044630906990827
12 24 0.25 0.001 48 -0.026917418407896 0.049309990958948
12 24 0.25 0.001 49 -0.026624076675305 0.039093646938055
12 24 0.25 0.001 50 -0.041470358912280 0.045312325124681
12 24 0.30 0.001 0 0.000690180636463 0.013113277899621
12 24 0.30 0.001 1 -0.037580997811803 0.020251566352010
12 24 0.30 0.001 2 -0.061938024753556 0.020863720778986
12 24 0.30 0.001 3 -0.090285985523360 0.035883708867784
12 24 0.30 0.001 4 -0.064126722104317 0.031287841373933
12 24 0.30 0.001 5 -0.020945467497253 0.052372449288392
12 24 0.30 0.001 6 0.004849944774877 0.056277064076440
12 24 0.30 0.001 7 0.006078609269279 0.036152165472831
12 24 0.30 0.001 8 -0.010139359347871 0.057211621631179
12 24 0.30 0.001 9 -0.009938197697571 0.027326997403703
12 24 0.30 0.001 10 -0.026277358496051 0.063002810709061
12 24 0.30 0.001 11 0.009578404880883 0.047544431476479
12 24 0.30 0.001 12 0.024677533027956 0.054785758959731
12 24 0.30 0.001 13 0.044834026879011 0.051497509798748
12 24 0.30 0.001 14 -0.001461428906056 0.058296108109456
12 24 0.30 0.001 15 0.007187384965365 0.051366281713398
12 24 0.30 0.001 16 -0.000934198326755 0.073698118628105
12 24 0.30 0.001 17 0.021547842835882 0.043380070075344
12 24 0.30 0.001 18 0.014078724881387 0.036910336638868
12 24 0.30 0.001 19 0.025901112002343 0.029018562136930
12 24 0.30 0.001 20 0.025939461601078 0.063162075263847
12 24 0.30 0.001 21 0.010627602195465 0.057783529281331
12 24 0.30 0.001 22 -0.003301287600101 0.053705593532824
12 24 0.30 0.001 23 0.032462166259702 0.046394239154290
12 24 0.30 0.001 24 0.004321997240829 0.048325133705690
12 24 0.30 0.001 25 0.016142901714732 0.048284209423544
12 24 0.30 0.001 26 0.017667526748807 0.045118032170926
12 24 0.30 0.001 27 0.008548511990971 0.038169561614005
12 24 0.30 0.001 28 -0.000179812123884 0.063773430600555
12 24 0.30 0.001 29 0.019640139878293 0.045731080129787
12 24 0.30 0.001 30 -0.013399957868177 0.073852910012192
12 24 0.30 0.001 31 0.014651265544945 0.035773862871965
12 24 0.30 0.001 32 -0.003384586416642 0.049244733160681
12 24 0.30 0.001 33 
12 24 0.30 0.001 34 -0.005976043606817 0.051560280807150
12 24 0.30 0.001 35 0.001338913422189 0.059537644905524
12 24 0.30 0.001 36 -0.008321930354719 0.065517103947424
12 24 0.30 0.001 37 0.013650304552592 0.064203262139033
12 24 0.30 0.001 38 -0.003530646988494 0.071073592980176
12 24 0.30 0.001 39 0.006073633155507 0.056935097004549
12 24 0.30 0.001 40 -0.004267514302805 0.057591433756611
12 24 0.30 0.001 41 -0.009825738596376 0.047576701347099
12 24 0.30 0.001 42 -0.033560439000094 0.089825718985561
12 24 0.30 0.001 43 -0.033495822062579 0.032113486110181
12 24 0.30 0.001 44 -0.016674280636388 0.059730032236849
12 24 0.30 0.001 45 -0.032595306507341 0.030352993983627
12 24 0.30 0.001 46 -0.022637246893239 0.049826532767023
12 24 0.30 0.001 47 -0.022771063473933 0.053332627300596
12 24 0.30 0.001 48 -0.014577117796092 0.050158149337356
12 24 0.30 0.001 49 -0.026513423736341 0.045236367113566
12 24 0.30 0.001 50 -0.010398089221790 0.050256400896417
12 24 0.35 0.001 0 0.009624700685316 0.053683635538611
12 24 0.35 0.001 1 -0.177508406226594 0.110491286569768
12 24 0.35 0.001 2 -0.283111761696245 0.119684014570323
12 24 0.35 0.001 3 -0.269667215092055 0.128922912876581
12 24 0.35 0.001 4 -0.167347242893279 0.173249389729604
12 24 0.35 0.001 5 -0.058538520240517 0.186313782291468
12 24 0.35 0.001 6 -0.111085065530086 0.236973223571676
12 24 0.35 0.001 7 -0.059094614154420 0.125304160838123
12 24 0.35 0.001 8 -0.080704445052685 0.209033358959154
12 24 0.35 0.001 9 -0.008379477773623 0.090878080301734
12 24 0.35 0.001 10 -0.069589773251073 0.266462346607502
12 24 0.35 0.001 11 -0.010869453145424 0.167135642287051
12 24 0.35 0.001 12 -0.060271362725472 0.218545785707880
12 24 0.35 0.001 13 -0.002478404576410 0.201624134566371
12 24 0.35 0.001 14 0.012927193140567 0.174857465630408
12 24 0.35 0.001 15 0.007948772360549 0.165891973578127
12 24 0.35 0.001 16 -0.053671693366694 0.231165763055451
12 24 0.35 0.001 17 0.000864964008195 0.130346659859804
12 24 0.35 0.001 18 -0.009094480382457 0.171016189366308
12 24 0.35 0.001 19 -0.008613809871764 0.157107046713281
12 24 0.35 0.001 20 -0.038312678501049 0.172379977639827
12 24 0.35 0.001 21 0.023758616289239 0.196665819566041
12 24 0.35 0.001 22 -0.029119018511640 0.197474877413924
12 24 0.35 0.001 23 -0.027098850502454 0.221853333581982
12 24 0.35 0.001 24 0.000423964507102 0.228034462756960
12 24 0.35 0.001 25 0.031744844980458 0.213357561047075
12 24 0.35 0.001 26 -0.016319352677103 0.137381876885504
12 24 0.35 0.001 27 0.016273855655837 0.121056221209357
12 24 0.35 0.001 28 -0.005857451297605 0.210023865159423
12 24 0.35 0.001 29 0.041153533747602 0.147794059946608
12 24 0.35 0.001 30 -0.027653697582173 0.331344052874012
12 24 0.35 0.001 31 -0.006445392020014 0.092417302048102
12 24 0.35 0.001 32 -0.026320204741838 0.153564088314932
12 24 0.35 0.001 33 0.001769411049585 0.217541505752221
12 24 0.35 0.001 34 0.022945331468875 0.261819006904453
12 24 0.35 0.001 35 0.031844229800319 0.121230882929587
12 24 0.35 0.001 36 0.009112414801677 0.304205206514326
12 24 0.35 0.001 37 0.043686688014397 0.194180955594459
12 24 0.35 0.001 38 -0.027589839032148 0.214362169083312
12 24 0.35 0.001 39 0.041011867494760 0.201088977910170
12 24 0.35 0.001 40 -0.032743663290141 0.164150993586485
12 24 0.35 0.001 41 0.018188457508329 0.215453491524337
12 24 0.35 0.001 42 0.005116146803425 0.312842972241107
12 24 0.35 0.001 43 -0.005274012458210 0.151059513859739
12 24 0.35 0.001 44 0.005825913799148 0.169810377985823
12 24 0.35 0.001 45 -0.003083197822289 0.103515157024411
12 24 0.35 0.001 46 0.001440753348135 0.219240262820502
12 24 0.35 0.001 47 0.034947804178523 0.197724832089751
12 24 0.35 0.001 48 -0.043397302459219 0.242533300915813
12 24 0.35 0.001 49 -0.025847691877946 0.152527983610312
12 24 0.35 0.001 50 -0.025465984994146 0.160604152695837
12 24 0.40 0.001 0 -0.285236018815952 1.277646030678218
12 24 0.40 0.001 1 1.649351339275283 3.169210211811865
12 24 0.40 0.001 2 2.720689082412225 3.161565135458694
12 24 0.40 0.001 3 0.946108139110955 6.389024570213537
12 24 0.40 0.001 4 2.106002799851174 4.724790301720593
12 24 0.40 0.001 5 0.610457379299082 4.239228573504729
12 24 0.40 0.001 6 -0.165061576369632 4.660091902984345
12 24 0.40 0.001 7 0.439712253515048 2.869360624126219
12 24 0.40 0.001 8 0.654609795521196 4.183089723413390
12 24 0.40 0.001 9 -0.337579578225269 3.442689540934505
12 24 0.40 0.001 10 -0.650612608226828 6.252760564007707
12 24 0.40 0.001 11 -0.024604266962108 3.326567070097469
12 24 0.40 0.001 12 -0.878083502042299 7.479590946866729
12 24 0.40 0.001 13 0.996304618266154 2.902783169251586
12 24 0.40 0.001 14 -0.734280641873530 3.846680781067357
12 24 0.40 0.001 15 0.826184132887818 8.295410398993173
12 24 0.40 0.001 16 -0.483452993863821 5.191145029033724
12 24 0.40 0.001 17 -0.856872870955322 8.692016702506910
12 24 0.40 0.001 18 -0.081512354004353 5.881385461833830
12 24 0.40 0.001 19 1.115699313827446 6.920595429809342
12 24 0.40 0.001 20 1.512061470559261 3.845512910973967
12 24 0.40 0.001 21 0.387149625503000 6.966271750283517
12 24 0.40 0.001 22 1.035150009289853 4.620301217424140
12 24 0.40 0.001 23 1.852812452501386 3.316513847908373
12 24 0.40 0.001 24 2.728141135420903 6.628602839864906
12 24 0.40 0.001 25 -0.236753371891784 3.519248434559877
12 24 0.40 0.001 26 0.869831105066918 5.542498818986332
12 24 0.40 0.001 27 -0.161179411083845 4.782329917740815
12 24 0.40 0.001 28 -0.344457948424640 5.832364329156257
12 24 0.40 0.001 29 0.914433935014087 4.450483086299389
12 24 0.40 0.001 30 -2.273338890661253 10.873238812669429
12 24 0.40 0.001 31 1.350311960810074 4.768509175761731
12 24 0.40 0.001 32 -0.047074176134797 4.202943958697150
12 24 0.40 0.001 33 1.356602503415467 11.015631332982307
12 24 0.40 0.001 34 -1.627951560256537 7.980593227467280
12 24 0.40 0.001 35 0.534708259665044 4.666248922512679
12 24 0.40 0.001 36 0.835164085715604 6.676850304333514
12 24 0.40 0.001 37 -0.219296382891400 4.473079643662003
12 24 0.40 0.001 38 1.156840501767160 5.017062104048933
12 24 0.40 0.001 39 1.084768979299052 6.660857289175603
12 24 0.40 0.001 40 -0.074214986246123 4.790374715543268
12 24 0.40 0.001 41 -0.866637162990618 5.360447561555673
12 24 0.40 0.001 42 -3.401420579817834 11.970688272210181
12 24 0.40 0.001 43 0.026512359957154 3.480622809667707
12 24 0.40 0.001 44 -1.795061457923312 2.294639678337635
12 24 0.40 0.001 45 -0.195817520278796 3.988500935811354
12 24 0.40 0.001 46 -0.221887006428282 6.075622310068544
12 24 0.40 0.001 47 -0.453476351952096 4.803155456105330
12 24 0.40 0.001 48 1.846447761722545 5.680680606068050
12 24 0.40 0.001 49 1.378448375163812 4.115703489588407
12 24 0.40 0.001 50 1.103987749708953 4.981072156279742
12 24 0.45 0.001 0 -0.001824750484785 0.029624981521386
12 24 0.45 0.001 1 0.173213882232643 0.037152768974869
12 24 0.45 0.001 2 0.239851250109701 0.060191995248512
12 24 0.45 0.001 3 0.146101856941849 0.093386517573951
12 24 0.45 0.001 4 0.093282758380288 0.096471730904992
12 24 0.45 0.001 5 0.037578911192174 0.118359646611242
12 24 0.45 0.001 6 0.114539414196451 0.094443525283681
12 24 0.45 0.001 7 0.201728696352496 0.079265684694529
12 24 0.45 0.001 8 0.156746255655479 0.086070001445196
12 24 0.45 0.001 9 0.097355370146447 0.089471329867988
12 24 0.45 0.001 10 0.077227622273341 0.154065157241729
12 24 0.45 0.001 11 0.139136836106143 0.105208432387952
12 24 0.45 0.001 12 0.072376191395023 0.120880312836146
12 24 0.45 0.001 13 0.122786571061937 0.087822598731459
12 24 0.45 0.001 14 0.099414025600878 0.135745887010747
12 24 0.45 0.001 15 -0.004171297960880 0.113550041107993
12 24 0.45 0.001 16 0.025057372220690 0.154321512039571
12 24 0.45 0.001 17 0.003595676450087 0.131283494687746
12 24 0.45 0.001 18 0.021104250695193 0.088789197671752
12 24 0.45 0.001 19 0.065073786717659 0.078233144232277
12 24 0.45 0.001 20 0.118082575742158 0.091996777360525
12 24 0.45 0.001 21 0.107362703347305 0.113484107289188
12 24 0.45 0.001 22 0.108671042093113 0.085902021328865
12 24 0.45 0.001 23 0.052301654360092 0.089282929995527
12 24 0.45 0.001 24 
12 24 0.45 0.001 25 0.050545029700374 0.114285519119276
12 24 0.45 0.001 26 0.064443456414443 0.077942368775828
12 24 0.45 0.001 27 0.040746790795253 0.077825537756846
12 24 0.45 0.001 28 0.021931630215866 0.119337131595242
12 24 0.45 0.001 29 0.014452885122098 0.093292706892555
12 24 0.45 0.001 30 0.084721312758484 0.166255145889903
12 24 0.45 0.001 31 0.032871043043794 0.079175998108116
12 24 0.45 0.001 32 0.025762100538270 0.111083419911265
12 24 0.45 0.001 33 -0.026395070996906 0.184026851309785
12 24 0.45 0.001 34 -0.028575268020364 0.151601487223330
12 24 0.45 0.001 35 0.004778071909498 0.094706893445982
12 24 0.45 0.001 36 0.016817494135419 0.174317782146824
12 24 0.45 0.001 37 -0.003428182826454 0.085864488888680
12 24 0.45 0.001 38 -0.012093966001687 0.150273233945047
12 24 0.45 0.001 39 -0.022416642667377 0.181932114693769
12 24 0.45 0.001 40 -0.000132378045686 0.096783934795308
12 24 0.45 0.001 41 0.016147649966333 0.080861684198397
12 24 0.45 0.001 42 -0.085137036138918 0.172290760816226
12 24 0.45 0.001 43 -0.017570322424882 0.066666656801646
12 24 0.45 0.001 44 -0.050613787285412 0.114800838170146
12 24 0.45 0.001 45 -0.064333405395559 0.071426701779778
12 24 0.45 0.001 46 -0.071099862625776 0.104727535210385
12 24 0.45 0.001 47 -0.033525705964147 0.120426650940304
12 24 0.45 0.001 48 -0.042913839684911 0.140126641297528
12 24 0.45 0.001 49 -0.059051802757834 0.099417428514123
12 24 0.45 0.001 50 -0.073560656604245 0.091095012614029
12 24 0.50 0.001 0 0.002492219263742 0.010452764582776
12 24 0.50 0.001 1 
12 24 0.50 0.001 2 0.088904207309957 0.015163316710653
12 24 0.50 0.001 3 0.047872191047047 0.027271719027726
12 24 0.50 0.001 4 0.006110343230927 0.025104988249046
12 24 0.50 0.001 5 0.022672567009614 0.033318362635457
12 24 0.50 0.001 6 0.076153065245094 0.024341113837864
12 24 0.50 0.001 7 0.109833436381946 0.039611645170020
12 24 0.50 0.001 8 0.091539806313319 0.043565179962976
12 24 0.50 0.001 9 0.064043586459633 0.041893448465218
12 24 0.50 0.001 10 0.043845332470320 0.045294117827934
12 24 0.50 0.001 11 
12 24 0.50 0.001 12 0.079242875899543 0.040484318234183
12 24 0.50 0.001 13 0.067685168957570 0.057076067409118
12 24 0.50 0.001 14 0.077906475506673 0.044986773163943
12 24 0.50 0.001 15 0.034122045518051 0.050810569138928
12 24 0.50 0.001 16 0.033837521518003 0.040342517262148
12 24 0.50 0.001 17 0.036019373228914 0.036632251625361
12 24 0.50 0.001 18 0.051457043092015 0.035170816680458
12 24 0.50 0.001 19 0.063159332734039 0.039411287125745
12 24 0.50 0.001 20 0.062766673392161 0.033525011717983
12 24 0.50 0.001 21 0.066091654384423 0.048866518345998
12 24 0.50 0.001 22 0.078939208147560 0.039954535592837
12 24 0.50 0.001 23 0.046181327051700 0.039150554100588
12 24 0.50 0.001 24 0.039056445453973 0.034903526612746
12 24 0.50 0.001 25 0.040135167936613 0.042049106149989
12 24 0.50 0.001 26 0.048547353350589 0.040909108470610
12 24 0.50 0.001 27 0.039299810823688 0.026124329626782
12 24 0.50 0.001 28 0.015588751889342 0.041889626596125
12 24 0.50 0.001 29 0.028690560349057 0.038951929166043
12 24 0.50 0.001 30 0.040981330961848 0.055277837934332
12 24 0.50 0.001 31 0.019374550948047 0.034075397384346
12 24 0.50 0.001 32 0.005463548605186 0.037072959291538
12 24 0.50 0.001 33 0.001203978041671 0.056045970274442
12 24 0.50 0.001 34 -0.022858891779226 0.044898775026682
12 24 0.50 0.001 35 -0.004891800431856 0.039658506010378
12 24 0.50 0.001 36 -0.002444553013879 0.054220392966993
12 24 0.50 0.001 37 -0.000933211835208 0.034123647917779
12 24 0.50 0.001 38 -0.002023086175818 0.048095637453971
12 24 0.50 0.001 39 0.001331541556552 0.039526349359550
12 24 0.50 0.001 40 0.000018910709995 0.048024399352350
12 24 0.50 0.001 41 -0.018711999662030 0.043102228397567
12 24 0.50 0.001 42 -0.016613879770644 0.055022397048248
12 24 0.50 0.001 43 -0.021919355889569 0.042889713919566
12 24 0.50 0.001 44 -0.029641538848292 0.058491238986700
12 24 0.50 0.001 45 -0.044031834058316 0.028986091318084
12 24 0.50 0.001 46 -0.046578200722989 0.045172019830560
12 24 0.50 0.001 47 -0.040752569684492 0.030832976636556
12 24 0.50 0.001 48 -0.036111534466938 0.051980638592702
12 24 0.50 0.001 49 -0.040030285255327 0.036416627318330
12 24 0.50 0.001 50 -0.074329076993739 0.029900950513690
12 24 0.55 0.001 0 0.002966509485288 0.009571175106713
12 24 0.55 0.001 1 0.019586482013911 0.022884626432860
12 24 0.55 0.001 2 0.000178491344141 0.018929067030366
12 24 0.55 0.001 3 -0.024327597147707 0.023308085172288
12 24 0.55 0.001 4 -0.023389501822630 0.030861440131148
12 24 0.55 0.001 5 0.008426958976295 0.040911447192165
12 24 0.55 0.001 6 0.029675638444603 0.024360092579782
12 24 0.55 0.001 7 0.043770701623019 0.031289902216243
12 24 0.55 0.001 8 0.042024221079741 0.047433865807880
12 24 0.55 0.001 9 0.032330023823838 0.034259380420409
12 24 0.55 0.001 10 0.024762848180288 0.043356578849881
12 24 0.55 0.001 11 0.073951771112231 0.041537453451712
12 24 0.55 0.001 12 0.050288693524421 0.038670165241336
12 24 0.55 0.001 13 0.079257126627786 0.042696229193646
12 24 0.55 0.001 14 0.060837009899284 0.048135904494916
12 24 0.55 0.001 15 0.041494371694080 0.047110771524258
12 24 0.55 0.001 16 0.049691275453718 0.058459916221266
12 24 0.55 0.001 17 0.036215408822276 0.038709058399338
12 24 0.55 0.001 18 0.045076293348382 0.040657167352628
12 24 0.55 0.001 19 0.064404630615972 0.030923605441894
12 24 0.55 0.001 20 0.049987662823821 0.038279323287524
12 24 0.55 0.001 21 0.054033896225238 0.036660734124770
12 24 0.55 0.001 22 0.068873047222007 0.041639220585841
12 24 0.55 0.001 23 0.034533148087799 0.038327023102873
12 24 0.55 0.001 24 0.041219289141812 0.042108220944545
12 24 0.55 0.001 25 0.030487513249604 0.040796063667851
12 24 0.55 0.001 26 0.030897991939518 0.046688129425478
12 24 0.55 0.001 27 0.029294437306184 0.033311022079569
12 24 0.55 0.001 28 0.013536472421879 0.046554909755744
12 24 0.55 0.001 29 0.010963690053214 0.036167583692880
12 24 0.55 0.001 30 0.027936735649772 0.067291862536544
12 24 0.55 0.001 31 
12 24 0.55 0.001 32 0.009566347631572 0.032430191087889
12 24 0.55 0.001 33 -0.007745090938163 0.042893077578593
12 24 0.55 0.001 34 -0.014371465427718 0.048522121322003
12 24 0.55 0.001 35 -0.001174766672191 0.047720152715275
12 24 0.55 0.001 36 -0.005743270053603 0.038089806751139
12 24 0.55 0.001 37 -0.000886220321537 0.044719958925845
12 24 0.55 0.001 38 0.013985430703003 0.049380016037876
12 24 0.55 0.001 39 0.004568038048023 0.054036976566835
12 24 0.55 0.001 40 -0.007259907799807 0.043069099974547
12 24 0.55 0.001 41 -0.011993287619959 0.033243862182132
12 24 0.55 0.001 42 -0.025777998796423 0.064982403092266
12 24 0.55 0.001 43 -0.024343851788144 0.034136229051888
12 24 0.55 0.001 44 -0.045816704832774 0.031969311015436
12 24 0.55 0.001 45 -0.049660858308146 0.034112548763061
12 24 0.55 0.001 46 -0.039984489063361 0.029470146674521
12 24 0.55 0.001 47 -0.040251758699583 0.037455890398211
12 24 0.55 0.001 48 -0.032982128610528 0.051721536289041
12 24 0.55 0.001 49 -0.040375326690611 0.036150028102214
12 24 0.55 0.001 50 -0.057918340337059 0.050038570668296
12 24 0.60 0.001 0 0.005827751368938 0.021188553215651
12 24 0.60 0.001 1 -0.093362032081662 0.056005406877704
12 24 0.60 0.001 2 -0.155530674585078 0.059196220614824
12 24 0.60 0.001 3 -0.180162549366767 0.091156226756647
12 24 0.60 0.001 4 -0.133574906445914 0.057875299411623
12 24 0.60 0.001 5 -0.065482520792456 0.101459591425497
12 24 0.60 0.001 6 -0.022781557620917 0.084699813616910
12 24 0.60 0.001 7 -0.012835995474741 0.115989737602213
12 24 0.60 0.001 8 -0.018173240244842 0.109805463312273
12 24 0.60 0.001 9 0.026273232183849 0.063435589663538
12 24 0.60 0.001 10 -0.017648602991966 0.116437606708218
12 24 0.60 0.001 11 0.066455809809492 0.085439060427724
12 24 0.60 0.001 12 -0.009325743189406 0.106745205584758
12 24 0.60 0.001 13 0.061348692291947 0.107323435139110
12 24 0.60 0.001 14 0.051834586955036 0.076994821985471
12 24 0.60 0.001 15 0.027039117983585 0.151038693342382
12 24 0.60 0.001 16 -0.000526979514256 0.093327529776485
12 24 0.60 0.001 17 0.006774085893661 0.101409469639805
12 24 0.60 0.001 18 0.032074757772675 0.110431465837653
12 24 0.60 0.001 19 0.048134237172766 0.085371589533271
12 24 0.60 0.001 20 0.024206900683014 0.112598160458648
12 24 0.60 0.001 21 0.042091985305654 0.120539216875183
12 24 0.60 0.001 22 -0.008909878149899 0.098165294427398
12 24 0.60 0.001 23 0.023352589552189 0.119181509744857
12 24 0.60 0.001 24 0.028347919548939 0.116305253041720
12 24 0.60 0.001 25 -0.008319873324133 0.112288503828181
12 24 0.60 0.001 26 0.014808308924288 0.121125926764105
12 24 0.60 0.001 27 0.009955420662621 0.090996369433153
12 24 0.60 0.001 28 0.005360465556401 0.102484212897345
12 24 0.60 0.001 29 0.010489557580606 0.057753505670070
12 24 0.60 0.001 30 0.043301544387085 0.190553367567104
12 24 0.60 0.001 31 0.019976787193523 0.068844897282543
12 24 0.60 0.001 32 0.009950378944011 0.077179123750944
12 24 0.60 0.001 33 -0.000607942363942 0.141004428783855
12 24 0.60 0.001 34 -0.003887568115631 0.122168607370167
12 24 0.60 0.001 35 0.000704600147424 0.097007211497025
12 24 0.60 0.001 36 -0.010119272000937 0.121712933193770
12 24 0.60 0.001 37 0.019586744781072 0.061489731673082
12 24 0.60 0.001 38 -0.021593736919375 0.141394493830692
12 24 0.60 0.001 39 0.022948771532486 0.160437835011265
12 24 0.60 0.001 40 -0.021578295609864 0.080963187562423
12 24 0.60 0.001 41 0.013801936850744 0.104473019608346
12 24 0.60 0.001 42 -0.025573246407772 0.146774031970859
12 24 0.60 0.001 43 -0.019461538450525 0.085959791842461
12 24 0.60 0.001 44 0.004335002484248 0.131618864890049
12 24 0.60 0.001 45 -0.002714587138117 0.084011784030761
12 24 0.60 0.001 46 -0.034100236132528 0.091573050955133
12 24 0.60 0.001 47 -0.022631397046245 0.118276594622538
12 24 0.60 0.001 48 -0.015613620192886 0.115926672260063
12 24 0.60 0.001 49 -0.041936746457752 0.128829001760511
12 24 0.60 0.001 50 -0.027027597393968 0.132672620175179
12 24 0.65 0.001 0 0.894228949937498 3.112086360714754
12 24 0.65 0.001 1 -1.672196973210610 7.328887697555076
12 24 0.65 0.001 2 -3.958840080785769 8.013326872544086
12 24 0.65 0.001 3 -3.950253613695892 9.838730581996867
12 24 0.65 0.001 4 -4.123244873380562 7.712907911029040
12 24 0.65 0.001 5 0.026337717656180 10.656010244327394
12 24 0.65 0.001 6 2.019453533902933 11.118755876890404
12 24 0.65 0.001 7 -0.838220886261857 7.862722487110148
12 24 0.65 0.001 8 0.206499452394376 9.991284678888846
12 24 0.65 0.001 9 -0.752519462633373 8.044625326121015
12 24 0.65 0.001 10 0.430014513055903 13.350625063603864
12 24 0.65 0.001 11 0.135316970762341 9.121253067416276
12 24 0.65 0.001 12 -10.644256551277167 19.119729518976968
12 24 0.65 0.001 13 -0.574074555342614 9.090392302881641
12 24 0.65 0.001 14 -1.446269551268897 11.356779215990798
12 24 0.65 0.001 15 -2.864076902518624 19.066778170577440
12 24 0.65 0.001 16 4.911482256935351 7.445141963153601
12 24 0.65 0.001 17 -5.481037099509187 17.101424976234888
12 24 0.65 0.001 18 -2.155640583900029 15.678662578242180
12 24 0.65 0.001 19 3.409182421754565 10.987418006320567
12 24 0.65 0.001 20 0.497217897046943 7.129612413285878
12 24 0.65 0.001 21 1.327865390638882 11.140516663272626
12 24 0.65 0.001 22 -5.555728797050137 11.480686910781474
12 24 0.65 0.001 23 0.765910761783088 8.289062703093009
12 24 0.65 0.001 24 -1.576330623147438 11.739959217653258
12 24 0.65 0.001 25 1.442726989954849 10.013772339473919
12 24 0.65 0.001 26 4.479828074153516 11.823902295631846
12 24 0.65 0.001 27 -0.990781037936057 11.554141694860153
12 24 0.65 0.001 28 -1.617710913547028 11.574291822174022
12 24 0.65 0.001 29 0.672648514097256 8.264128527443701
12 24 0.65 0.001 30 -6.726734008625137 25.197436606634298
12 24 0.65 0.001 31 -8.139195597073854 12.921074471041337
12 24 0.65 0.001 32 1.981219723374449 9.962779094460263
12 24 0.65 0.001 33 -0.839297997899187 18.207044354403529
12 24 0.65 0.001 34 -2.164943088107044 16.933903003328354
12 24 0.65 0.001 35 0.796048875394003 11.065073151632021
12 24 0.65 0.001 36 -0.789972034600882 17.670856126141896
12 24 0.65 0.001 37 1.949806456430429 8.491807759640956
12 24 0.65 0.001 38 0.760204199131380 16.345980425392327
12 24 0.65 0.001 39 1.812696528445994 13.391470627555668
12 24 0.65 0.001 40 2.514879516631569 11.650240851943879
12 24 0.65 0.001 41 -0.483014767043875 11.922094913605243
12 24 0.65 0.001 42 -0.815762559300339 22.250680620276444
12 24 0.65 0.001 43 1.630483771919142 12.398970863809261
12 24 0.65 0.001 44 -0.653689913425092 14.508663793643992
12 24 0.65 0.001 45 -1.056257698720987 9.220977637857997
12 24 0.65 0.001 46 1.371994829841762 13.377720157526644
12 24 0.65 0.001 47 -0.582672252597371 10.728224981076028
12 24 0.65 0.001 48 0.897984693340957 18.354163184478782
12 24 0.65 0.001 49 -2.069715105426047 9.428359069663399
12 24 0.65 0.001 50 4.717224803380506 11.547693502244821
12 24 0.70 0.001 0 -0.017358118859232 0.031848362239278
12 24 0.70 0.001 1 0.247511160784851 0.079899862353746
12 24 0.70 0.001 2 0.318928876698687 0.063721502091881
12 24 0.70 0.001 3 0.241642458244341 0.108702934186935
12 24 0.70 0.001 4 0.123828863072187 0.132015142876929
12 24 0.70 0.001 5 0.164666930829283 0.153791554539637
12 24 0.70 0.001 6 0.141948368600062 0.128659652978523
12 24 0.70 0.001 7 0.194064048009104 0.103038412811328
12 24 0.70 0.001 8 0.244064493146093 0.189009364922914
12 24 0.70 0.001 9 0.122789539479222 0.119311854832578
12 24 0.70 0.001 10 0.149402876043997 0.138506604583366
12 24 0.70 0.001 11 0.206357222937337 0.153981484260029
12 24 0.70 0.001 12 0.132918519263967 0.178766422487426
12 24 0.70 0.001 13 0.119510528001973 0.123712766950384
12 24 0.70 0.001 14 0.150423246202800 0.151099450593406
12 24 0.70 0.001 15 0.076309156161078 0.194181120584573
12 24 0.70 0.001 16 0.088113837729637 0.151444227038969
12 24 0.70 0.001 17 0.058663849232845 0.138227213020162
12 24 0.70 0.001 18 0.105149962333950 0.096647363544111
12 24 0.70 0.001 19 0.092978448191920 0.146195026953924
12 24 0.70 0.001 20 0.078755919998115 0.127623576479545
12 24 0.70 0.001 21 0.097725300122313 0.129879354043623
12 24 0.70 0.001 22 0.101945274239585 0.199447732133864
12 24 0.70 0.001 23 0.084301454876364 0.174518206984248
12 24 0.70 0.001 24 0.053863254429266 0.161894578298259
12 24 0.70 0.001 25 0.037016005254041 0.156297173937275
12 24 0.70 0.001 26 0.113600246235485 0.175592433036728
12 24 0.70 0.001 27 0.068712621900322 0.098283508670910
12 24 0.70 0.001 28 0.037027666828075 0.128788064681691
12 24 0.70 0.001 29 0.019668336341316 0.115701973664172
12 24 0.70 0.001 30 0.096486341955105 0.328055322446126
12 24 0.70 0.001 31 0.018357152797046 0.165554385872782
12 24 0.70 0.001 32 0.000817607344629 0.144607520035844
12 24 0.70 0.001 33 -0.035249451565420 0.241822702201390
12 24 0.70 0.001 34 -0.033907727718377 0.129137900790995
12 24 0.70 0.001 35 -0.078821360668973 0.152960109753794
12 24 0.70 0.001 36 -0.009993840102478 0.156321537493329
12 24 0.70 0.001 37 0.073362386809640 0.106192122620793
12 24 0.70 0.001 38 -0.016720054741691 0.164685196394173
12 24 0.70 0.001 39 -0.049953027234876 0.260448853817668
12 24 0.70 0.001 40 0.006549302894063 0.143919911723432
12 24 0.70 0.001 41 0.012839904523429 0.134837690983139
12 24 0.70 0.001 42 -0.036393349198526 0.291810660754909
12 24 0.70 0.001 43 -0.034397855323060 0.126693239618968
12 24 0.70 0.001 44 -0.086138881990614 0.127054307362239
12 24 0.70 0.001 45 -0.044719066008120 0.091372589756088
12 24 0.70 0.001 46 -0.060491982396233 0.102246031018069
12 24 0.70 0.001 47 -0.090235794920480 0.155305835079343
12 24 0.70 0.001 48 -0.055149509030627 0.193645825884833
12 24 0.70 0.001 49 -0.063881400432061 0.117920641687242
12 24 0.70 0.001 50 -0.146220715860104 0.153566661974845
12 24 0.75 0.001 0 0.000367606716757 0.013174133858360
12 24 0.75 0.001 1 0.115699591228547 0.013644030849575
12 24 0.75 0.001 2 0.154160684291078 0.023123601462732
12 24 0.75 0.001 3 0.099257743179568 0.032122385699594
12 24 0.75 0.001 4 0.058890553577691 0.036854588402490
12 24 0.75 0.001 5 0.051454534935360 0.040357833188892
12 24 0.75 0.001 6 0.088381659551688 0.034481200825952
12 24 0.75 0.001 7 0.143664776367906 0.054289431770838
12 24 0.75 0.001 8 0.138833312559300 0.038946926651296
12 24 0.75 0.001 9 0.107726723185067 0.035515440461454
12 24 0.75 0.001 10 0.083411124616253 0.037285851268604
12 24 0.75 0.001 11 0.150469712222252 0.044566144363501
12 24 0.75 0.001 12 0.093695752549351 0.058656162299373
12 24 0.75 0.001 13 0.109919799341066 0.043519160291397
12 24 0.75 0.001 14 0.099849992125550 0.044444146450821
12 24 0.75 0.001 15 0.098169866654293 0.056446723849021
12 24 0.75 0.001 16 0.061905845527237 0.053780199070045
12 24 0.75 0.001 17 0.044506353456539 0.054951755768470
12 24 0.75 0.001 18 0.063214029465863 0.031253847969798
12 24 0.75 0.001 19 0.090179194412336 0.031936261360680
12 24 0.75 0.001 20 0.094033473042663 0.039634249306665
12 24 0.75 0.001 21 0.083195182492079 0.037346469286003
12 24 0.75 0.001 22 0.101218995199699 0.057479540120120
12 24 0.75 0.001 23 
12 24 0.75 0.001 24 0.043727324138188 0.036595852205765
12 24 0.75 0.001 25 0.049623811162841 0.038791870192579
12 24 0.75 0.001 26 0.064384116528370 0.040463656720946
12 24 0.75 0.001 27 0.048288481372057 0.030177579373192
12 24 0.75 0.001 28 0.028221468151273 0.045129469835263
12 24 0.75 0.001 29 0.035496686257521 0.032354037505758
12 24 0.75 0.001 30 0.046232561049064 0.077351967173411
12 24 0.75 0.001 31 0.029989124956255 0.050125356470032
12 24 0.75 0.001 32 0.003667980985441 0.033795347061993
12 24 0.75 0.001 33 
12 24 0.75 0.001 34 -0.021810497473666 0.043008175657114
12 24 0.75 0.001 35 0.003113958498822 0.044870660593575
12 24 0.75 0.001 36 -0.004343127258489 0.039864689283264
12 24 0.75 0.001 37 0.002311569683711 0.051304754724320
12 24 0.75 0.001 38 0.001178118543186 0.052349594141805
12 24 0.75 0.001 39 -0.009888088053711 0.043740063502469
12 24 0.75 0.001 40 -0.012726662570014 0.045891441030919
12 24 0.75 0.001 41 -0.012297396451816 0.052746478094527
12 24 0.75 0.001 42 -0.029023432498620 0.072389632172952
12 24 0.75 0.001 43 -0.034718924626613 0.049688300562202
12 24 0.75 0.001 44 -0.062559991419297 0.048651821636390
12 24 0.75 0.001 45 -0.063736581326667 0.030104723144307
12 24 0.75 0.001 46 -0.056774229830610 0.044938642678435
12 24 0.75 0.001 47 -0.034225929860212 0.038615873913681
12 24 0.75 0.001 48 -0.052052019786853 0.051596300491702
12 24 0.75 0.001 49 -0.067005598351038 0.037892925908531
12 24 0.75 0.001 50 -0.089735563145158 0.044966303862072
#Ls   Lt  mu  ma  nfluxes AxialCurrent Err
