16 16 0.00 0.001 0 0.000001130286443 0.010031635367176
16 16 0.00 0.001 1 -0.006665812846687 0.010849784158167
16 16 0.00 0.001 2 -0.021875101049069 0.009368203010515
16 16 0.00 0.001 3 -0.039549110159014 0.010249371446320
16 16 0.00 0.001 4 -0.046173028805304 0.011425322809097
16 16 0.00 0.001 5 -0.043810446270382 0.012156000573043
16 16 0.00 0.001 6 -0.029983459414121 0.010370824939514
16 16 0.00 0.001 7 -0.008011017631519 0.014058980420218
16 16 0.00 0.001 8 nan nan
16 16 0.00 0.001 9 -0.002427100568231 0.016033013261606
16 16 0.00 0.001 10 -0.019200211877577 0.014950001440921
16 16 0.00 0.001 11 -0.034765428236429 0.013643398810842
16 16 0.00 0.001 12 -0.044209778377904 0.022356921473760
16 16 0.00 0.001 13 -0.035240668066698 0.020761030664578
16 16 0.00 0.001 14 -0.023147979608250 0.020626774694989
16 16 0.00 0.001 15 -0.003993930332888 0.014068653006648
16 16 0.00 0.001 16 -0.000828053035409 0.017272383517370
16 16 0.00 0.001 17 0.008580424306649 0.012614485324638
16 16 0.00 0.001 18 -0.009575974146439 0.016723478071428
16 16 0.00 0.001 19 -0.021509196786167 0.019083263465516
16 16 0.00 0.001 20 -0.026895335087867 0.016619712938937
16 16 0.00 0.001 21 -0.028012300831436 0.013448715734269
16 16 0.00 0.001 22 -0.021953320517654 0.019368779234664
16 16 0.00 0.001 23 -0.010200024916592 0.022016923268864
16 16 0.00 0.001 24 0.001129574381690 0.019913006348462
16 16 0.00 0.001 25 0.000147339273046 0.015421526971221
16 16 0.00 0.001 26 0.001709589053169 0.024060409302848
16 16 0.00 0.001 27 nan nan
16 16 0.00 0.001 28 nan nan
16 16 0.00 0.001 29 -0.014748456909758 0.015708913506565
16 16 0.00 0.001 30 -0.004908071625269 0.018263027565174
16 16 0.00 0.001 31 nan nan
16 16 0.00 0.001 32 -0.000545487657686 0.013752730063125
16 16 0.00 0.001 33 0.003847756083251 0.015875187978667
16 16 0.00 0.001 34 0.003511489887250 0.017318631173900
16 16 0.00 0.001 35 nan nan
16 16 0.00 0.001 36 -0.005937351406078 0.020003728867551
16 16 0.00 0.001 37 nan nan
16 16 0.00 0.001 38 -0.008074175471208 0.024968587422483
16 16 0.00 0.001 39 -0.004151279208035 0.023882120236709
16 16 0.00 0.001 40 -0.000664478438644 0.021411309038850
16 16 0.00 0.001 41 0.005374833843276 0.019590715005200
16 16 0.00 0.001 42 0.001161354163184 0.016640024796364
16 16 0.00 0.001 43 nan nan
16 16 0.00 0.001 44 -0.006094713376695 0.017262983839300
16 16 0.00 0.001 45 nan nan
16 16 0.00 0.001 46 -0.005822231332110 0.018088075366579
16 16 0.00 0.001 47 -0.000685629538611 0.019170384406584
16 16 0.00 0.001 48 nan nan
16 16 0.00 0.001 49 0.002426380639438 0.017742652983508
16 16 0.00 0.001 50 nan nan
16 16 0.05 0.001 0 0.000742133541383 0.011675848229844
16 16 0.05 0.001 1 nan nan
16 16 0.05 0.001 2 nan nan
16 16 0.05 0.001 3 -0.111225190687001 0.012649854058941
16 16 0.05 0.001 4 -0.107446822571278 0.012837060384276
16 16 0.05 0.001 5 nan nan
16 16 0.05 0.001 6 -0.039726821574094 0.010897923128580
16 16 0.05 0.001 7 -0.062758304496209 0.016931671515848
16 16 0.05 0.001 8 nan nan
16 16 0.05 0.001 9 -0.030965289828644 0.018648294148532
16 16 0.05 0.001 10 -0.049255035667898 0.019495330064558
16 16 0.05 0.001 11 -0.066486056762065 0.023162038447773
16 16 0.05 0.001 12 -0.059060893677697 0.017787744318017
16 16 0.05 0.001 13 nan nan
16 16 0.05 0.001 14 nan nan
16 16 0.05 0.001 15 -0.038494978487627 0.020634171385171
16 16 0.05 0.001 16 nan nan
16 16 0.05 0.001 17 -0.008960111714737 0.015179324368919
16 16 0.05 0.001 18 nan nan
16 16 0.05 0.001 19 nan nan
16 16 0.05 0.001 20 -0.074253778724965 0.023008259814443
16 16 0.05 0.001 21 nan nan
16 16 0.05 0.001 22 nan nan
16 16 0.05 0.001 23 nan nan
16 16 0.05 0.001 24 -0.006048497743807 0.022205450465371
16 16 0.05 0.001 25 nan nan
16 16 0.05 0.001 26 -0.006443670686298 0.023328512977100
16 16 0.05 0.001 27 -0.016082215457054 0.022200627628822
16 16 0.05 0.001 28 -0.016056428123836 0.020812420549222
16 16 0.05 0.001 29 -0.009295729306205 0.025481361963190
16 16 0.05 0.001 30 0.010896143943239 0.022836049921954
16 16 0.05 0.001 31 -0.005279598815136 0.019341322475984
16 16 0.05 0.001 32 nan nan
16 16 0.05 0.001 33 0.007070980286107 0.017826693193004
16 16 0.05 0.001 34 nan nan
16 16 0.05 0.001 35 nan nan
16 16 0.05 0.001 36 -0.013055398444071 0.019432372863613
16 16 0.05 0.001 37 -0.011071026948307 0.020488424960670
16 16 0.05 0.001 38 nan nan
16 16 0.05 0.001 39 -0.022350785492635 0.030358588790926
16 16 0.05 0.001 40 -0.016703611086832 0.028019460768555
16 16 0.05 0.001 41 0.001179489539051 0.019926704241509
16 16 0.05 0.001 42 0.002939963297253 0.017875879325919
16 16 0.05 0.001 43 0.000548545719610 0.019560325481119
16 16 0.05 0.001 44 nan nan
16 16 0.05 0.001 45 -0.009699118186101 0.019261325533597
16 16 0.05 0.001 46 nan nan
16 16 0.05 0.001 47 -0.005302528896253 0.014897667945075
16 16 0.05 0.001 48 -0.001263022334052 0.025935396986373
16 16 0.05 0.001 49 -0.000046145762104 0.020037052477773
16 16 0.05 0.001 50 -0.008775047433752 0.025821200853094
16 16 0.10 0.001 0 -0.000618281334773 0.011468000495873
16 16 0.10 0.001 1 -0.102396012115132 0.017510449901115
16 16 0.10 0.001 2 nan nan
16 16 0.10 0.001 3 -0.214842583897092 0.023194631877669
16 16 0.10 0.001 4 nan nan
16 16 0.10 0.001 5 -0.162505435958989 0.025817790433755
16 16 0.10 0.001 6 nan nan
16 16 0.10 0.001 7 nan nan
16 16 0.10 0.001 8 -0.174666881202664 0.024922144965751
16 16 0.10 0.001 9 nan nan
16 16 0.10 0.001 10 -0.088267235180824 0.035892028825339
16 16 0.10 0.001 11 nan nan
16 16 0.10 0.001 12 -0.091221854697461 0.040182282583010
16 16 0.10 0.001 13 nan nan
16 16 0.10 0.001 14 -0.194607543133336 0.045308793405809
16 16 0.10 0.001 15 nan nan
16 16 0.10 0.001 16 -0.033237613883699 0.021440731408214
16 16 0.10 0.001 17 nan nan
16 16 0.10 0.001 18 nan nan
16 16 0.10 0.001 19 nan nan
16 16 0.10 0.001 20 nan nan
16 16 0.10 0.001 21 -0.050191902495901 0.041740749959781
16 16 0.10 0.001 22 nan nan
16 16 0.10 0.001 23 nan nan
16 16 0.10 0.001 24 nan nan
16 16 0.10 0.001 25 -0.007512630939494 0.037662852211633
16 16 0.10 0.001 26 nan nan
16 16 0.10 0.001 27 -0.013678371865079 0.040148933420203
16 16 0.10 0.001 28 -0.018394898329747 0.065635524186869
16 16 0.10 0.001 29 nan nan
16 16 0.10 0.001 30 nan nan
16 16 0.10 0.001 31 -0.002595800106539 0.024906727129563
16 16 0.10 0.001 32 0.000227223664939 0.022355381426453
16 16 0.10 0.001 33 nan nan
16 16 0.10 0.001 34 nan nan
16 16 0.10 0.001 35 -0.020858319392995 0.033707537025472
16 16 0.10 0.001 36 nan nan
16 16 0.10 0.001 37 nan nan
16 16 0.10 0.001 38 nan nan
16 16 0.10 0.001 39 nan nan
16 16 0.10 0.001 40 nan nan
16 16 0.10 0.001 41 nan nan
16 16 0.10 0.001 42 nan nan
16 16 0.10 0.001 43 -0.001537788434884 0.027230780671415
16 16 0.10 0.001 44 nan nan
16 16 0.10 0.001 45 -0.013810297057823 0.044843582343719
16 16 0.10 0.001 46 -0.012510410375765 0.040822162260415
16 16 0.10 0.001 47 nan nan
16 16 0.10 0.001 48 -0.012174973341451 0.043563678363234
16 16 0.10 0.001 49 nan nan
16 16 0.10 0.001 50 -0.022553559820596 0.050189998444830
16 16 0.15 0.001 0 nan nan
16 16 0.15 0.001 1 nan nan
16 16 0.15 0.001 2 -0.443279425610256 0.073682779120842
16 16 0.15 0.001 3 -0.258247954626194 0.078384180978772
16 16 0.15 0.001 4 -0.235667973843213 0.088005998782945
16 16 0.15 0.001 5 -0.161838296498285 0.099302149741458
16 16 0.15 0.001 6 nan nan
16 16 0.15 0.001 7 -0.062269592628950 0.122206763263319
16 16 0.15 0.001 8 nan nan
16 16 0.15 0.001 9 nan nan
16 16 0.15 0.001 10 nan nan
16 16 0.15 0.001 11 nan nan
16 16 0.15 0.001 12 -0.225111213468330 0.177772189693716
16 16 0.15 0.001 13 -0.406503915656735 0.175184966705375
16 16 0.15 0.001 14 -0.126352381858327 0.128044236772661
16 16 0.15 0.001 15 nan nan
16 16 0.15 0.001 16 -0.040386436346029 0.104375776452231
16 16 0.15 0.001 17 -0.122360988294800 0.134816736468126
16 16 0.15 0.001 18 nan nan
16 16 0.15 0.001 19 nan nan
16 16 0.15 0.001 20 -0.091570218013660 0.150380717687570
16 16 0.15 0.001 21 nan nan
16 16 0.15 0.001 22 -0.073386516684088 0.115833438578884
16 16 0.15 0.001 23 nan nan
16 16 0.15 0.001 24 nan nan
16 16 0.15 0.001 25 nan nan
16 16 0.15 0.001 26 -0.012344699663645 0.098868960776234
16 16 0.15 0.001 27 -0.045788824058315 0.176202905156737
16 16 0.15 0.001 28 -0.038337531089417 0.150177644248466
16 16 0.15 0.001 29 nan nan
16 16 0.15 0.001 30 nan nan
16 16 0.15 0.001 31 0.004334235587928 0.087428434675483
16 16 0.15 0.001 32 0.005099177709726 0.128580891074107
16 16 0.15 0.001 33 -0.028122007374428 0.132313554260802
16 16 0.15 0.001 34 nan nan
16 16 0.15 0.001 35 nan nan
16 16 0.15 0.001 36 -0.083328073872229 0.159531168525114
16 16 0.15 0.001 37 nan nan
16 16 0.15 0.001 38 nan nan
16 16 0.15 0.001 39 nan nan
16 16 0.15 0.001 40 -0.035831781234319 0.222140163800555
16 16 0.15 0.001 41 nan nan
16 16 0.15 0.001 42 0.014837987709925 0.084347504993631
16 16 0.15 0.001 43 0.012179010866120 0.078594315136003
16 16 0.15 0.001 44 -0.030473233259833 0.149926848413210
16 16 0.15 0.001 45 nan nan
16 16 0.15 0.001 46 -0.024287017134686 0.154185672659603
16 16 0.15 0.001 47 nan nan
16 16 0.15 0.001 48 -0.054709954826411 0.148841363043355
16 16 0.15 0.001 49 -0.049267150325739 0.179135057240594
16 16 0.15 0.001 50 -0.000821507511586 0.146075006373955
16 16 0.20 0.001 0 nan nan
16 16 0.20 0.001 1 0.614747397515421 6.226527027517133
16 16 0.20 0.001 2 nan nan
16 16 0.20 0.001 3 nan nan
16 16 0.20 0.001 4 nan nan
16 16 0.20 0.001 5 1.643120720138018 18.889226066814736
16 16 0.20 0.001 6 0.096937926095866 19.985389577214377
16 16 0.20 0.001 7 nan nan
16 16 0.20 0.001 8 -0.386040431513967 13.104261715673443
16 16 0.20 0.001 9 0.720116676523976 12.651043334504481
16 16 0.20 0.001 10 1.004080303459957 10.890877421162173
16 16 0.20 0.001 11 nan nan
16 16 0.20 0.001 12 nan nan
16 16 0.20 0.001 13 nan nan
16 16 0.20 0.001 14 -1.727004121244290 12.036374243139097
16 16 0.20 0.001 15 nan nan
16 16 0.20 0.001 16 -4.303171895679825 13.115252246275647
16 16 0.20 0.001 17 nan nan
16 16 0.20 0.001 18 nan nan
16 16 0.20 0.001 19 nan nan
16 16 0.20 0.001 20 nan nan
16 16 0.20 0.001 21 1.493353084790650 12.272480765361099
16 16 0.20 0.001 22 nan nan
16 16 0.20 0.001 23 2.168239188913817 8.058683864373693
16 16 0.20 0.001 24 nan nan
16 16 0.20 0.001 25 nan nan
16 16 0.20 0.001 26 nan nan
16 16 0.20 0.001 27 -0.719356492027649 10.458705689554119
16 16 0.20 0.001 28 -4.734776335880778 15.175094397069168
16 16 0.20 0.001 29 -2.087707767124362 10.092328972230254
16 16 0.20 0.001 30 2.559089058958240 18.040588532641397
16 16 0.20 0.001 31 nan nan
16 16 0.20 0.001 32 nan nan
16 16 0.20 0.001 33 nan nan
16 16 0.20 0.001 34 3.054552636493697 19.371964481223763
16 16 0.20 0.001 35 nan nan
16 16 0.20 0.001 36 0.023407455016043 17.846755382403387
16 16 0.20 0.001 37 -2.349419195472743 11.117422913807527
16 16 0.20 0.001 38 -0.677064757939955 11.556228264005492
16 16 0.20 0.001 39 nan nan
16 16 0.20 0.001 40 -0.338145271330955 33.606930078793241
16 16 0.20 0.001 41 nan nan
16 16 0.20 0.001 42 -0.435238280899391 12.898458418186234
16 16 0.20 0.001 43 -1.764603592698188 10.745030832758124
16 16 0.20 0.001 44 0.724048400904775 22.286911040083666
16 16 0.20 0.001 45 2.032061758495933 11.060144007320087
16 16 0.20 0.001 46 -2.873234731427201 11.745722235565228
16 16 0.20 0.001 47 -0.748467280537055 6.470884912702893
16 16 0.20 0.001 48 nan nan
16 16 0.20 0.001 49 nan nan
16 16 0.20 0.001 50 -0.528755063716677 14.035972830931925
16 16 0.25 0.001 0 -0.003531810285763 0.027658700994087
16 16 0.25 0.001 1 nan nan
16 16 0.25 0.001 2 0.185727198308980 0.051215219953481
16 16 0.25 0.001 3 nan nan
16 16 0.25 0.001 4 0.402596452375927 0.081797938952160
16 16 0.25 0.001 5 0.068130568711546 0.055848079497476
16 16 0.25 0.001 6 nan nan
16 16 0.25 0.001 7 0.086665694030362 0.072106668177945
16 16 0.25 0.001 8 nan nan
16 16 0.25 0.001 9 nan nan
16 16 0.25 0.001 10 nan nan
16 16 0.25 0.001 11 0.171122736526065 0.086322195158610
16 16 0.25 0.001 12 nan nan
16 16 0.25 0.001 13 nan nan
16 16 0.25 0.001 14 0.063344700735165 0.098280763358830
16 16 0.25 0.001 15 nan nan
16 16 0.25 0.001 16 nan nan
16 16 0.25 0.001 17 0.102058584448614 0.096289383181161
16 16 0.25 0.001 18 0.385943052151157 0.105851578741122
16 16 0.25 0.001 19 0.069440543755253 0.131854298324027
16 16 0.25 0.001 20 0.113286234309511 0.100061826599598
16 16 0.25 0.001 21 nan nan
16 16 0.25 0.001 22 nan nan
16 16 0.25 0.001 23 0.235389346893650 0.102726732692311
16 16 0.25 0.001 24 0.064631097242930 0.116348394962363
16 16 0.25 0.001 25 0.059383815076467 0.072399860081978
16 16 0.25 0.001 26 nan nan
16 16 0.25 0.001 27 nan nan
16 16 0.25 0.001 28 nan nan
16 16 0.25 0.001 29 0.134323775366330 0.154712360296053
16 16 0.25 0.001 30 0.143619143262897 0.133843106045372
16 16 0.25 0.001 31 0.099485943628568 0.105506204650011
16 16 0.25 0.001 32 0.136927948541608 0.078035737593667
16 16 0.25 0.001 33 0.042909953550398 0.073707826154586
16 16 0.25 0.001 34 0.229182571590969 0.114696754451316
16 16 0.25 0.001 35 nan nan
16 16 0.25 0.001 36 0.086719645538268 0.093053225691224
16 16 0.25 0.001 37 nan nan
16 16 0.25 0.001 38 nan nan
16 16 0.25 0.001 39 nan nan
16 16 0.25 0.001 40 0.220250432036903 0.201068718441229
16 16 0.25 0.001 41 nan nan
16 16 0.25 0.001 42 nan nan
16 16 0.25 0.001 43 0.031593539699091 0.046939719839742
16 16 0.25 0.001 44 nan nan
16 16 0.25 0.001 45 nan nan
16 16 0.25 0.001 46 nan nan
16 16 0.25 0.001 47 nan nan
16 16 0.25 0.001 48 0.106108011564797 0.115979681619962
16 16 0.25 0.001 49 0.013751144332780 0.087690043737414
16 16 0.25 0.001 50 nan nan
16 16 0.30 0.001 0 0.001234377094793 0.009082300812219
16 16 0.30 0.001 1 nan nan
16 16 0.30 0.001 2 0.089348768297458 0.014906142631466
16 16 0.30 0.001 3 nan nan
16 16 0.30 0.001 4 0.186079590608178 0.021378418015229
16 16 0.30 0.001 5 0.019643656192356 0.019760312206245
16 16 0.30 0.001 6 nan nan
16 16 0.30 0.001 7 0.044189432530798 0.021591921298430
16 16 0.30 0.001 8 0.263583780793279 0.020723788488488
16 16 0.30 0.001 9 0.099460056351667 0.027016904432924
16 16 0.30 0.001 10 0.115937126220490 0.028840538785661
16 16 0.30 0.001 11 nan nan
16 16 0.30 0.001 12 nan nan
16 16 0.30 0.001 13 0.048773653024205 0.038828453866983
16 16 0.30 0.001 14 0.044400319152975 0.035971220646914
16 16 0.30 0.001 15 0.109200623676707 0.027371885914033
16 16 0.30 0.001 16 0.280412027608882 0.034967221905274
16 16 0.30 0.001 17 0.310162132746265 0.036777556537311
16 16 0.30 0.001 18 0.080501616126986 0.030753035992923
16 16 0.30 0.001 19 0.063348678284615 0.046821973582222
16 16 0.30 0.001 20 nan nan
16 16 0.30 0.001 21 0.037355696345309 0.037734467822588
16 16 0.30 0.001 22 0.047258252317216 0.026328401832023
16 16 0.30 0.001 23 0.027410571222893 0.037079334857923
16 16 0.30 0.001 24 0.052782534137823 0.035061488915776
16 16 0.30 0.001 25 0.213271283365943 0.035238164570849
16 16 0.30 0.001 26 nan nan
16 16 0.30 0.001 27 nan nan
16 16 0.30 0.001 28 0.174808589247841 0.046816706856087
16 16 0.30 0.001 29 nan nan
16 16 0.30 0.001 30 0.034562549870285 0.024624299258658
16 16 0.30 0.001 31 0.018356752259348 0.019169975424621
16 16 0.30 0.001 32 0.029116992580858 0.026392623935229
16 16 0.30 0.001 33 0.032206246541501 0.023392682227562
16 16 0.30 0.001 34 nan nan
16 16 0.30 0.001 35 0.054238369897925 0.029301727168841
16 16 0.30 0.001 36 0.198400327521549 0.044649137722080
16 16 0.30 0.001 37 nan nan
16 16 0.30 0.001 38 0.019989365283723 0.029206280964229
16 16 0.30 0.001 39 0.028593812325721 0.033797878600695
16 16 0.30 0.001 40 0.157472298275845 0.046410017103432
16 16 0.30 0.001 41 0.031579890598083 0.034290436229306
16 16 0.30 0.001 42 nan nan
16 16 0.30 0.001 43 0.029496844535137 0.016314021475649
16 16 0.30 0.001 44 nan nan
16 16 0.30 0.001 45 0.152176625692823 0.041071455543609
16 16 0.30 0.001 46 0.029217050295159 0.030182825783686
16 16 0.30 0.001 47 nan nan
16 16 0.30 0.001 48 nan nan
16 16 0.30 0.001 49 nan nan
16 16 0.30 0.001 50 nan nan
16 16 0.35 0.001 0 -0.000557386941224 0.005715133363528
16 16 0.35 0.001 1 0.035352829039434 0.009014997213793
16 16 0.35 0.001 2 nan nan
16 16 0.35 0.001 3 0.126870858869573 0.011564653356715
16 16 0.35 0.001 4 0.016044132705838 0.010574606806078
16 16 0.35 0.001 5 -0.000566396260179 0.012849107847787
16 16 0.35 0.001 6 nan nan
16 16 0.35 0.001 7 0.122264342425750 0.014678522756698
16 16 0.35 0.001 8 0.039958531150650 0.012161001355826
16 16 0.35 0.001 9 0.061459181088070 0.016576376999265
16 16 0.35 0.001 10 nan nan
16 16 0.35 0.001 11 0.247585657950645 0.021580278874261
16 16 0.35 0.001 12 0.045552500424576 0.017010934732653
16 16 0.35 0.001 13 0.022290653410396 0.017055232887022
16 16 0.35 0.001 14 0.032372045253914 0.014565412951092
16 16 0.35 0.001 15 0.081268336369897 0.026245162039967
16 16 0.35 0.001 16 0.050074861716292 0.017446173654662
16 16 0.35 0.001 17 0.248573019922608 0.021844786636642
16 16 0.35 0.001 18 nan nan
16 16 0.35 0.001 19 0.057786866414231 0.020240788417262
16 16 0.35 0.001 20 nan nan
16 16 0.35 0.001 21 nan nan
16 16 0.35 0.001 22 0.191024440315763 0.023568759246706
16 16 0.35 0.001 23 0.031324156814236 0.022794751023521
16 16 0.35 0.001 24 0.194079137508436 0.023243000662951
16 16 0.35 0.001 25 0.196543711985189 0.024197829841086
16 16 0.35 0.001 26 0.052347435937353 0.016962298858500
16 16 0.35 0.001 27 0.040198715012973 0.020850490283872
16 16 0.35 0.001 28 0.029942148244390 0.015829947756041
16 16 0.35 0.001 29 0.150301509111095 0.025766816706620
16 16 0.35 0.001 30 0.039654925464985 0.019917182491437
16 16 0.35 0.001 31 0.021547294173051 0.015168300078038
16 16 0.35 0.001 32 0.031111638920178 0.015952032986958
16 16 0.35 0.001 33 0.153365423848164 0.015905926022770
16 16 0.35 0.001 34 nan nan
16 16 0.35 0.001 35 0.045226771661935 0.017556716103342
16 16 0.35 0.001 36 0.038272339104749 0.018637783979564
16 16 0.35 0.001 37 nan nan
16 16 0.35 0.001 38 0.019231370074586 0.022008571527543
16 16 0.35 0.001 39 0.026221649692358 0.019486643119811
16 16 0.35 0.001 40 nan nan
16 16 0.35 0.001 41 nan nan
16 16 0.35 0.001 42 0.033737614858515 0.020170584323484
16 16 0.35 0.001 43 nan nan
16 16 0.35 0.001 44 nan nan
16 16 0.35 0.001 45 nan nan
16 16 0.35 0.001 46 nan nan
16 16 0.35 0.001 47 0.018848367102050 0.013929080507555
16 16 0.35 0.001 48 0.022004769173657 0.024581300514871
16 16 0.35 0.001 49 0.021795923512232 0.021809533192770
16 16 0.35 0.001 50 0.025387234466215 0.023352994620219
16 16 0.40 0.001 0 0.000550326354086 0.006146820819810
16 16 0.40 0.001 1 0.019519291858471 0.008497633574572
16 16 0.40 0.001 2 nan nan
16 16 0.40 0.001 3 nan nan
16 16 0.40 0.001 4 0.041076987247415 0.010011188764840
16 16 0.40 0.001 5 -0.018074647008207 0.009016243620969
16 16 0.40 0.001 6 nan nan
16 16 0.40 0.001 7 0.005992170912209 0.013767160154634
16 16 0.40 0.001 8 0.104820942283173 0.010736577838461
16 16 0.40 0.001 9 0.137261957116225 0.013734281544692
16 16 0.40 0.001 10 nan nan
16 16 0.40 0.001 11 0.018779064738525 0.009928738300030
16 16 0.40 0.001 12 0.009674039123497 0.012478551952908
16 16 0.40 0.001 13 0.000163396016556 0.016969530672386
16 16 0.40 0.001 14 0.128519027034513 0.022310113723308
16 16 0.40 0.001 15 0.052760976098633 0.013234593718210
16 16 0.40 0.001 16 nan nan
16 16 0.40 0.001 17 0.049029594072878 0.020037574184785
16 16 0.40 0.001 18 0.055199293651276 0.018391838208158
16 16 0.40 0.001 19 0.194409509016143 0.021576753360912
16 16 0.40 0.001 20 0.183427624857493 0.021088035070873
16 16 0.40 0.001 21 0.021594654284133 0.017339230847266
16 16 0.40 0.001 22 nan nan
16 16 0.40 0.001 23 0.024628085824302 0.019360905747878
16 16 0.40 0.001 24 0.037491109734285 0.014358764887378
16 16 0.40 0.001 25 0.051171941261944 0.023815591445649
16 16 0.40 0.001 26 0.192446104170909 0.019916520009622
16 16 0.40 0.001 27 nan nan
16 16 0.40 0.001 28 0.171319646166109 0.021146240765990
16 16 0.40 0.001 29 0.035682843962257 0.013192883787131
16 16 0.40 0.001 30 0.054584371266190 0.012920322059663
16 16 0.40 0.001 31 0.027570701072733 0.012791845497925
16 16 0.40 0.001 32 0.033375377625085 0.015269613928871
16 16 0.40 0.001 33 0.039027682079367 0.012603107599613
16 16 0.40 0.001 34 0.037879214937944 0.015761040880880
16 16 0.40 0.001 35 nan nan
16 16 0.40 0.001 36 nan nan
16 16 0.40 0.001 37 nan nan
16 16 0.40 0.001 38 0.016967282912583 0.015248502653576
16 16 0.40 0.001 39 nan nan
16 16 0.40 0.001 40 0.033318429468227 0.019753734353861
16 16 0.40 0.001 41 0.034461757322776 0.016513161623671
16 16 0.40 0.001 42 0.032866776781540 0.017152580423512
16 16 0.40 0.001 43 nan nan
16 16 0.40 0.001 44 nan nan
16 16 0.40 0.001 45 nan nan
16 16 0.40 0.001 46 0.017092276090941 0.020189746731535
16 16 0.40 0.001 47 0.092442425316801 0.019831967070750
16 16 0.40 0.001 48 nan nan
16 16 0.40 0.001 49 nan nan
16 16 0.40 0.001 50 nan nan
16 16 0.45 0.001 0 0.000238983204174 0.006310131088400
16 16 0.45 0.001 1 nan nan
16 16 0.45 0.001 2 nan nan
16 16 0.45 0.001 3 -0.025156686184436 0.011267733715139
16 16 0.45 0.001 4 nan nan
16 16 0.45 0.001 5 -0.018459431867725 0.014668018092255
16 16 0.45 0.001 6 -0.001863823784199 0.014325697702768
16 16 0.45 0.001 7 nan nan
16 16 0.45 0.001 8 0.007792768538717 0.014082680485680
16 16 0.45 0.001 9 0.012172170097542 0.012960099574401
16 16 0.45 0.001 10 0.007912165312950 0.013888823494141
16 16 0.45 0.001 11 -0.006933652045127 0.014700900893444
16 16 0.45 0.001 12 -0.013402290974685 0.019725078109286
16 16 0.45 0.001 13 nan nan
16 16 0.45 0.001 14 0.003823467517719 0.021729800794985
16 16 0.45 0.001 15 0.027787963094833 0.019839314154793
16 16 0.45 0.001 16 0.020538557056020 0.020098691221533
16 16 0.45 0.001 17 nan nan
16 16 0.45 0.001 18 nan nan
16 16 0.45 0.001 19 0.148788737172809 0.024376133638346
16 16 0.45 0.001 20 nan nan
16 16 0.45 0.001 21 0.016807665801831 0.017474578922246
16 16 0.45 0.001 22 0.013838748160111 0.020313238563618
16 16 0.45 0.001 23 nan nan
16 16 0.45 0.001 24 0.150180718465602 0.023932135154265
16 16 0.45 0.001 25 0.174306013454154 0.024068416470570
16 16 0.45 0.001 26 0.180489361643638 0.024756956408397
16 16 0.45 0.001 27 0.045499042260932 0.018011892505949
16 16 0.45 0.001 28 0.037852423555745 0.021370864000035
16 16 0.45 0.001 29 0.031589136760750 0.018584816508684
16 16 0.45 0.001 30 nan nan
16 16 0.45 0.001 31 0.027329760243934 0.013167112833040
16 16 0.45 0.001 32 0.036863607824022 0.016355779975120
16 16 0.45 0.001 33 0.041533380696740 0.018351196305002
16 16 0.45 0.001 34 0.039238199595081 0.013285930095533
16 16 0.45 0.001 35 nan nan
16 16 0.45 0.001 36 0.030392806162205 0.013250806356147
16 16 0.45 0.001 37 nan nan
16 16 0.45 0.001 38 0.017246354998785 0.026747694176976
16 16 0.45 0.001 39 0.015967989679602 0.025021702392338
16 16 0.45 0.001 40 0.115938407198692 0.028102187415995
16 16 0.45 0.001 41 nan nan
16 16 0.45 0.001 42 0.131170988739815 0.020746354529577
16 16 0.45 0.001 43 nan nan
16 16 0.45 0.001 44 0.026177922004705 0.016228568726247
16 16 0.45 0.001 45 0.027270114390016 0.013107101920924
16 16 0.45 0.001 46 0.013382122976469 0.022915417704220
16 16 0.45 0.001 47 0.015929950357040 0.017416563231627
16 16 0.45 0.001 48 0.083653424849686 0.026858511532054
16 16 0.45 0.001 49 nan nan
16 16 0.45 0.001 50 0.021834459271317 0.021181136113596
16 16 0.50 0.001 0 0.003875729151335 0.010582312805917
16 16 0.50 0.001 1 -0.027168116231623 0.013104850136935
16 16 0.50 0.001 2 -0.057846536409880 0.013666085657119
16 16 0.50 0.001 3 -0.082861746639314 0.024296238886262
16 16 0.50 0.001 4 -0.082651941579932 0.016342603120239
16 16 0.50 0.001 5 -0.070868867581520 0.025443162407362
16 16 0.50 0.001 6 -0.049102068484242 0.030338828389764
16 16 0.50 0.001 7 nan nan
16 16 0.50 0.001 8 -0.056475957024821 0.024163301642811
16 16 0.50 0.001 9 -0.074263471840110 0.039530765673038
16 16 0.50 0.001 10 -0.042370914379015 0.035792028640074
16 16 0.50 0.001 11 nan nan
16 16 0.50 0.001 12 nan nan
16 16 0.50 0.001 13 -0.044618003174669 0.047119560281698
16 16 0.50 0.001 14 nan nan
16 16 0.50 0.001 15 nan nan
16 16 0.50 0.001 16 nan nan
16 16 0.50 0.001 17 nan nan
16 16 0.50 0.001 18 0.100310975460256 0.041554870288135
16 16 0.50 0.001 19 0.089852646241711 0.046427404495331
16 16 0.50 0.001 20 -0.003059404053608 0.050865199537505
16 16 0.50 0.001 21 -0.007028637965488 0.044834646535486
16 16 0.50 0.001 22 0.094373547938330 0.052693800359670
16 16 0.50 0.001 23 0.009606087900652 0.033201219708075
16 16 0.50 0.001 24 0.115581791251338 0.053872352513280
16 16 0.50 0.001 25 nan nan
16 16 0.50 0.001 26 nan nan
16 16 0.50 0.001 27 0.028077606390258 0.033309588760039
16 16 0.50 0.001 28 nan nan
16 16 0.50 0.001 29 0.010753209726653 0.058723849544964
16 16 0.50 0.001 30 nan nan
16 16 0.50 0.001 31 nan nan
16 16 0.50 0.001 32 nan nan
16 16 0.50 0.001 33 0.041420127302922 0.018189173024239
16 16 0.50 0.001 34 0.035001394409651 0.022366485041740
16 16 0.50 0.001 35 nan nan
16 16 0.50 0.001 36 nan nan
16 16 0.50 0.001 37 0.010758021987709 0.029375261958258
16 16 0.50 0.001 38 0.002629307106584 0.027581081537255
16 16 0.50 0.001 39 nan nan
16 16 0.50 0.001 40 nan nan
16 16 0.50 0.001 41 nan nan
16 16 0.50 0.001 42 nan nan
16 16 0.50 0.001 43 nan nan
16 16 0.50 0.001 44 0.031050051030321 0.030206509426797
16 16 0.50 0.001 45 0.012634252884968 0.035576821691970
16 16 0.50 0.001 46 nan nan
16 16 0.50 0.001 47 nan nan
16 16 0.50 0.001 48 0.017177990783993 0.040661431474354
16 16 0.50 0.001 49 0.072400782160398 0.045940419940178
16 16 0.50 0.001 50 nan nan
16 16 0.55 0.001 0 -0.007476600351813 0.049761088835562
16 16 0.55 0.001 1 -0.099584310943970 0.050418297528292
16 16 0.55 0.001 2 -0.390691235145563 0.094011084406782
16 16 0.55 0.001 3 -0.263922836598688 0.063059362432424
16 16 0.55 0.001 4 -0.219239487287546 0.109046962313581
16 16 0.55 0.001 5 -0.135207076834781 0.136065130334603
16 16 0.55 0.001 6 -0.135641641984131 0.116708729061196
16 16 0.55 0.001 7 -0.287545745724200 0.155438769204073
16 16 0.55 0.001 8 -0.383582677067798 0.127096333810907
16 16 0.55 0.001 9 -0.179675409101185 0.142589683305277
16 16 0.55 0.001 10 -0.125539302076240 0.132055110362183
16 16 0.55 0.001 11 -0.161860895512694 0.177534928301505
16 16 0.55 0.001 12 -0.136759670509180 0.176353001165179
16 16 0.55 0.001 13 -0.162541891623565 0.194777026377933
16 16 0.55 0.001 14 -0.137765533042977 0.167090625417975
16 16 0.55 0.001 15 -0.011565846544583 0.161226834251599
16 16 0.55 0.001 16 -0.028333188702686 0.129788843188331
16 16 0.55 0.001 17 -0.043467947469456 0.170303319203233
16 16 0.55 0.001 18 nan nan
16 16 0.55 0.001 19 -0.062392827804608 0.126945798733460
16 16 0.55 0.001 20 nan nan
16 16 0.55 0.001 21 nan nan
16 16 0.55 0.001 22 0.022167237762029 0.123020595165951
16 16 0.55 0.001 23 0.009387373746536 0.160103502620125
16 16 0.55 0.001 24 -0.053967064164181 0.155023950572864
16 16 0.55 0.001 25 nan nan
16 16 0.55 0.001 26 0.065540520620407 0.135480550152980
16 16 0.55 0.001 27 nan nan
16 16 0.55 0.001 28 0.041496787751852 0.179520479890256
16 16 0.55 0.001 29 0.147405383242025 0.218299028794226
16 16 0.55 0.001 30 nan nan
16 16 0.55 0.001 31 nan nan
16 16 0.55 0.001 32 nan nan
16 16 0.55 0.001 33 nan nan
16 16 0.55 0.001 34 0.038334018306033 0.196903065561948
16 16 0.55 0.001 35 0.012782690889043 0.212279493321969
16 16 0.55 0.001 36 -0.052801171739851 0.139445791703719
16 16 0.55 0.001 37 0.031225573391936 0.160837965879133
16 16 0.55 0.001 38 0.053758948296710 0.168560840513392
16 16 0.55 0.001 39 -0.019075344580115 0.146551382430027
16 16 0.55 0.001 40 0.019111362039655 0.178125174842934
16 16 0.55 0.001 41 0.017314786330769 0.177548039564020
16 16 0.55 0.001 42 0.041604568777410 0.093026959770575
16 16 0.55 0.001 43 0.018049757204997 0.093420480542842
16 16 0.55 0.001 44 0.051536714658588 0.138197940307734
16 16 0.55 0.001 45 -0.003371339106769 0.201196951656419
16 16 0.55 0.001 46 0.031768555409817 0.176439648233967
16 16 0.55 0.001 47 nan nan
16 16 0.55 0.001 48 nan nan
16 16 0.55 0.001 49 nan nan
16 16 0.55 0.001 50 0.029312986521502 0.155887570833319
16 16 0.60 0.001 0 0.128991316734677 0.553855871317185
16 16 0.60 0.001 1 1.201590539660824 0.918280233892138
16 16 0.60 0.001 2 nan nan
16 16 0.60 0.001 3 1.301251264010822 1.400869076533351
16 16 0.60 0.001 4 2.007095192343472 1.611408894536144
16 16 0.60 0.001 5 0.180633135048243 1.624912118364350
16 16 0.60 0.001 6 nan nan
16 16 0.60 0.001 7 1.685707151587662 2.423147069155907
16 16 0.60 0.001 8 nan nan
16 16 0.60 0.001 9 nan nan
16 16 0.60 0.001 10 nan nan
16 16 0.60 0.001 11 nan nan
16 16 0.60 0.001 12 0.306470100668433 1.913868055846326
16 16 0.60 0.001 13 1.043953738865415 1.400864554250798
16 16 0.60 0.001 14 nan nan
16 16 0.60 0.001 15 0.132093605270862 1.433632419215445
16 16 0.60 0.001 16 0.516748869955093 1.509481995661425
16 16 0.60 0.001 17 0.195455986322213 1.287532169851479
16 16 0.60 0.001 18 nan nan
16 16 0.60 0.001 19 nan nan
16 16 0.60 0.001 20 nan nan
16 16 0.60 0.001 21 0.349145794690334 1.236489425880349
16 16 0.60 0.001 22 nan nan
16 16 0.60 0.001 23 nan nan
16 16 0.60 0.001 24 nan nan
16 16 0.60 0.001 25 nan nan
16 16 0.60 0.001 26 0.034599167519535 0.813202758060485
16 16 0.60 0.001 27 0.107775394878859 0.961758786650588
16 16 0.60 0.001 28 0.699556476985253 2.072725440800569
16 16 0.60 0.001 29 nan nan
16 16 0.60 0.001 30 0.457395724331874 2.033494112213087
16 16 0.60 0.001 31 -0.128642599850605 1.693843931089296
16 16 0.60 0.001 32 0.120693643917318 1.448957532674356
16 16 0.60 0.001 33 nan nan
16 16 0.60 0.001 34 0.674727522199044 2.162851559720417
16 16 0.60 0.001 35 nan nan
16 16 0.60 0.001 36 0.878644402011788 2.465102728781138
16 16 0.60 0.001 37 0.670213858523294 1.245594055001880
16 16 0.60 0.001 38 0.429485834712407 1.911520192033029
16 16 0.60 0.001 39 -0.298554944446943 0.983539006128131
16 16 0.60 0.001 40 nan nan
16 16 0.60 0.001 41 nan nan
16 16 0.60 0.001 42 nan nan
16 16 0.60 0.001 43 0.303548577259124 1.196841443715707
16 16 0.60 0.001 44 nan nan
16 16 0.60 0.001 45 nan nan
16 16 0.60 0.001 46 nan nan
16 16 0.60 0.001 47 0.096227901254753 1.109509310738864
16 16 0.60 0.001 48 nan nan
16 16 0.60 0.001 49 nan nan
16 16 0.60 0.001 50 nan nan
16 16 0.65 0.001 0 nan nan
16 16 0.65 0.001 1 nan nan
16 16 0.65 0.001 2 0.199995643112197 0.039825336383832
16 16 0.65 0.001 3 0.203259931743360 0.040010664263049
16 16 0.65 0.001 4 0.155869946045155 0.053024124192307
16 16 0.65 0.001 5 nan nan
16 16 0.65 0.001 6 nan nan
16 16 0.65 0.001 7 0.363551460807512 0.065035164778092
16 16 0.65 0.001 8 nan nan
16 16 0.65 0.001 9 0.614802508592804 0.076128324648957
16 16 0.65 0.001 10 0.705204351975793 0.082817126953741
16 16 0.65 0.001 11 0.225311373802416 0.053717733876489
16 16 0.65 0.001 12 nan nan
16 16 0.65 0.001 13 0.120020969024687 0.070639585769553
16 16 0.65 0.001 14 nan nan
16 16 0.65 0.001 15 nan nan
16 16 0.65 0.001 16 0.115410265718572 0.082851462680496
16 16 0.65 0.001 17 0.142207899942762 0.064634327779863
16 16 0.65 0.001 18 0.142046187130896 0.078687549247601
16 16 0.65 0.001 19 nan nan
16 16 0.65 0.001 20 nan nan
16 16 0.65 0.001 21 0.093003945972915 0.079121880560990
16 16 0.65 0.001 22 0.092343073035275 0.083060601187045
16 16 0.65 0.001 23 nan nan
16 16 0.65 0.001 24 0.080753100108936 0.111641488052987
16 16 0.65 0.001 25 nan nan
16 16 0.65 0.001 26 0.088879904684408 0.064050195734870
16 16 0.65 0.001 27 0.085854146299072 0.074741844978516
16 16 0.65 0.001 28 0.092977675498535 0.075158171110359
16 16 0.65 0.001 29 nan nan
16 16 0.65 0.001 30 nan nan
16 16 0.65 0.001 31 nan nan
16 16 0.65 0.001 32 nan nan
16 16 0.65 0.001 33 0.056086984178151 0.059637157398758
16 16 0.65 0.001 34 0.353971274480785 0.071185245501213
16 16 0.65 0.001 35 nan nan
16 16 0.65 0.001 36 0.087058309095964 0.104292985923589
16 16 0.65 0.001 37 nan nan
16 16 0.65 0.001 38 0.040345794700552 0.086885021045212
16 16 0.65 0.001 39 0.275913372184190 0.094865222141335
16 16 0.65 0.001 40 0.094277434594163 0.111364497577277
16 16 0.65 0.001 41 nan nan
16 16 0.65 0.001 42 0.072314676959622 0.041204845369346
16 16 0.65 0.001 43 nan nan
16 16 0.65 0.001 44 0.066775832758078 0.062776673459319
16 16 0.65 0.001 45 0.084995031907735 0.072597361855748
16 16 0.65 0.001 46 nan nan
16 16 0.65 0.001 47 nan nan
16 16 0.65 0.001 48 0.182873914174672 0.092844673557792
16 16 0.65 0.001 49 nan nan
16 16 0.65 0.001 50 0.021286177678197 0.074523457705994
16 16 0.70 0.001 0 0.001192256763479 0.011712386045685
16 16 0.70 0.001 1 nan nan
16 16 0.70 0.001 2 nan nan
16 16 0.70 0.001 3 0.119104073246506 0.015110244046441
16 16 0.70 0.001 4 0.243535199124886 0.015699658190195
16 16 0.70 0.001 5 0.054320235763756 0.018843206593457
16 16 0.70 0.001 6 0.184886220843177 0.021780400852093
16 16 0.70 0.001 7 0.047799639709616 0.017148807496631
16 16 0.70 0.001 8 0.079584469590488 0.014797168507158
16 16 0.70 0.001 9 nan nan
16 16 0.70 0.001 10 0.140981298977262 0.021666782670331
16 16 0.70 0.001 11 0.141317155169906 0.026150091701445
16 16 0.70 0.001 12 0.111592032169096 0.026236118896866
16 16 0.70 0.001 13 nan nan
16 16 0.70 0.001 14 0.086237651543150 0.034153026836895
16 16 0.70 0.001 15 nan nan
16 16 0.70 0.001 16 0.408485034950587 0.029534871420720
16 16 0.70 0.001 17 0.447043108381350 0.028256413386212
16 16 0.70 0.001 18 0.128202896377983 0.027242414158319
16 16 0.70 0.001 19 nan nan
16 16 0.70 0.001 20 0.109703260372745 0.032387783109049
16 16 0.70 0.001 21 nan nan
16 16 0.70 0.001 22 0.371545885181576 0.038923939553579
16 16 0.70 0.001 23 0.062774178914692 0.028808322884463
16 16 0.70 0.001 24 0.091501591833299 0.028826845850840
16 16 0.70 0.001 25 nan nan
16 16 0.70 0.001 26 0.096885903898017 0.029019888271226
16 16 0.70 0.001 27 0.090231552928284 0.035894757979321
16 16 0.70 0.001 28 nan nan
16 16 0.70 0.001 29 0.070994234285842 0.021968053594375
16 16 0.70 0.001 30 nan nan
16 16 0.70 0.001 31 nan nan
16 16 0.70 0.001 32 0.061075842324745 0.018159641757043
16 16 0.70 0.001 33 nan nan
16 16 0.70 0.001 34 0.071544900713405 0.024486335528141
16 16 0.70 0.001 35 nan nan
16 16 0.70 0.001 36 0.326427610480703 0.031032432843434
16 16 0.70 0.001 37 nan nan
16 16 0.70 0.001 38 nan nan
16 16 0.70 0.001 39 0.052867687223634 0.033615028186282
16 16 0.70 0.001 40 0.060459440244100 0.021469411945548
16 16 0.70 0.001 41 nan nan
16 16 0.70 0.001 42 nan nan
16 16 0.70 0.001 43 0.061412559000554 0.021767216541686
16 16 0.70 0.001 44 nan nan
16 16 0.70 0.001 45 0.069321544610727 0.027129306995194
16 16 0.70 0.001 46 0.199620259393568 0.032583488691004
16 16 0.70 0.001 47 0.038405224370318 0.026679641224571
16 16 0.70 0.001 48 0.040060150583727 0.026918468566128
16 16 0.70 0.001 49 nan nan
16 16 0.70 0.001 50 0.048606736175456 0.031587822435936
16 16 0.75 0.001 0 -0.001488278726842 0.010260258022850
16 16 0.75 0.001 1 nan nan
16 16 0.75 0.001 2 nan nan
16 16 0.75 0.001 3 0.079800806780011 0.009334931124606
16 16 0.75 0.001 4 0.175469994131602 0.009823144500042
16 16 0.75 0.001 5 nan nan
16 16 0.75 0.001 6 0.135951961881936 0.012367492852832
16 16 0.75 0.001 7 0.033987890581222 0.011558804269799
16 16 0.75 0.001 8 0.057685596328999 0.009528832773233
16 16 0.75 0.001 9 nan nan
16 16 0.75 0.001 10 0.110051501665524 0.013316433109784
16 16 0.75 0.001 11 nan nan
16 16 0.75 0.001 12 0.088454198723039 0.013481707036893
16 16 0.75 0.001 13 nan nan
16 16 0.75 0.001 14 0.314636606304748 0.021327271729727
16 16 0.75 0.001 15 0.117330402194261 0.016060711540707
16 16 0.75 0.001 16 0.356330800836546 0.018131320905790
16 16 0.75 0.001 17 nan nan
16 16 0.75 0.001 18 nan nan
16 16 0.75 0.001 19 nan nan
16 16 0.75 0.001 20 nan nan
16 16 0.75 0.001 21 0.078741387942871 0.019368032904687
16 16 0.75 0.001 22 nan nan
16 16 0.75 0.001 23 nan nan
16 16 0.75 0.001 24 0.335985639899161 0.019074725948431
16 16 0.75 0.001 25 0.353985618254221 0.018026053332263
16 16 0.75 0.001 26 nan nan
16 16 0.75 0.001 27 0.355289833201476 0.023787464012053
16 16 0.75 0.001 28 nan nan
16 16 0.75 0.001 29 nan nan
16 16 0.75 0.001 30 nan nan
16 16 0.75 0.001 31 0.252386584330889 0.013451628360940
16 16 0.75 0.001 32 0.059638442663844 0.012767200178492
16 16 0.75 0.001 33 nan nan
16 16 0.75 0.001 34 0.298098808530586 0.013914670710048
16 16 0.75 0.001 35 0.079814188230186 0.015232719827268
16 16 0.75 0.001 36 nan nan
16 16 0.75 0.001 37 0.072267176943845 0.016819145396898
16 16 0.75 0.001 38 nan nan
16 16 0.75 0.001 39 nan nan
16 16 0.75 0.001 40 0.240222573089439 0.021622150406778
16 16 0.75 0.001 41 nan nan
16 16 0.75 0.001 42 0.240166399537103 0.015782205771664
16 16 0.75 0.001 43 0.056054706790431 0.013760902371585
16 16 0.75 0.001 44 0.227659552249522 0.017465701709659
16 16 0.75 0.001 45 0.233999484661354 0.017315493920573
16 16 0.75 0.001 46 0.036630286780049 0.016846266400686
16 16 0.75 0.001 47 nan nan
16 16 0.75 0.001 48 0.037694057698425 0.020009999341171
16 16 0.75 0.001 49 nan nan
16 16 0.75 0.001 50 0.162600449497661 0.021050554360880
#Ls   Lt  mu  ma  nfluxes AxialCurrent Err
