#Ls   Lt  mu  ma  nfluxes AxialCurrent Err
24 16 0.75 0.001 0 0.000422583251090 0.003476801589708
24 16 0.75 0.001 1 0.024560730851669 0.003806970658614
24 16 0.75 0.001 2 
24 16 0.75 0.001 3 0.052256670821435 0.003536690327713
24 16 0.75 0.001 4 
24 16 0.75 0.001 5 
24 16 0.75 0.001 6 0.028189210679005 0.004428006534569
24 16 0.75 0.001 7 0.015385014280741 0.003835266144261
24 16 0.75 0.001 8 0.006767744909506 0.003607751600059
24 16 0.75 0.001 9 0.005998548732745 0.002636811788238
24 16 0.75 0.001 10 
24 16 0.75 0.001 11 0.024566130210840 0.004548606613455
24 16 0.75 0.001 12 0.038436490038100 0.003250460912393
24 16 0.75 0.001 13 0.053758937771948 0.004886935382524
24 16 0.75 0.001 14 0.065142366778975 0.005698227655564
24 16 0.75 0.001 15 0.070564466067631 0.006775416012044
24 16 0.75 0.001 16 0.069175096816219 0.005301950829552
24 16 0.75 0.001 17 0.063173031561793 0.006159300304099
24 16 0.75 0.001 18 0.053482066961287 0.006259058884187
24 16 0.75 0.001 19 0.044167425385657 0.006248186444019
24 16 0.75 0.001 20 
24 16 0.75 0.001 21 0.039246614625346 0.007393513736652
24 16 0.75 0.001 22 0.043832963022388 0.006473857844663
24 16 0.75 0.001 23 
24 16 0.75 0.001 24 0.069314311312081 0.006166462012892
24 16 0.75 0.001 25 
24 16 0.75 0.001 26 
24 16 0.75 0.001 27 
24 16 0.75 0.001 28 0.092722045073065 0.006295178564450
24 16 0.75 0.001 29 0.084348332194865 0.007336035833967
24 16 0.75 0.001 30 0.077576297345787 0.008011352354142
24 16 0.75 0.001 31 0.068270332416045 0.008306738783208
24 16 0.75 0.001 32 0.061793134902598 0.008746407137386
24 16 0.75 0.001 33 0.062911536185249 0.008476347816100
24 16 0.75 0.001 34 0.067228605157486 0.008522584437251
24 16 0.75 0.001 35 
24 16 0.75 0.001 36 
24 16 0.75 0.001 37 0.092205725814548 0.007571330364565
24 16 0.75 0.001 38 
24 16 0.75 0.001 39 0.102323909986042 0.008070724910259
24 16 0.75 0.001 40 0.100299936846077 0.008132481757138
24 16 0.75 0.001 41 0.094992083520127 0.008860853509300
24 16 0.75 0.001 42 
24 16 0.75 0.001 43 
24 16 0.75 0.001 44 0.072386080185137 0.009872374818209
24 16 0.75 0.001 45 0.073433764222018 0.010916961399723
24 16 0.75 0.001 46 0.101023409347671 0.009275829360275
24 16 0.75 0.001 47 0.073350851629322 0.008974426925635
24 16 0.75 0.001 48 0.082152698998313 0.009785456217309
24 16 0.75 0.001 49 0.086869697287817 0.010168117659703
24 16 0.75 0.001 50 0.093423708478897 0.006997954131783
