12 10 0.00 0.001 0 
12 10 0.00 0.001 1 
12 10 0.00 0.001 2 
12 10 0.00 0.001 3 
12 10 0.00 0.001 4 
12 10 0.00 0.001 5 
12 10 0.00 0.001 6 
12 10 0.00 0.001 7 
12 10 0.00 0.001 8 
12 10 0.00 0.001 9 
12 10 0.00 0.001 10 
12 10 0.00 0.001 11 
12 10 0.00 0.001 12 
12 10 0.00 0.001 13 
12 10 0.00 0.001 14 
12 10 0.00 0.001 15 
12 10 0.00 0.001 16 
12 10 0.00 0.001 17 
12 10 0.00 0.001 18 
12 10 0.00 0.001 19 
12 10 0.00 0.001 20 
12 10 0.00 0.001 21 
12 10 0.00 0.001 22 
12 10 0.00 0.001 23 
12 10 0.00 0.001 24 
12 10 0.00 0.001 25 
12 10 0.00 0.001 26 
12 10 0.00 0.001 27 
12 10 0.00 0.001 28 
12 10 0.00 0.001 29 
12 10 0.00 0.001 30 
12 10 0.00 0.001 31 
12 10 0.00 0.001 32 
12 10 0.00 0.01 0 
12 10 0.00 0.01 1 
12 10 0.00 0.01 2 
12 10 0.00 0.01 3 
12 10 0.00 0.01 4 
12 10 0.00 0.01 5 
12 10 0.00 0.01 6 
12 10 0.00 0.01 7 
12 10 0.00 0.01 8 
12 10 0.00 0.01 9 
12 10 0.00 0.01 10 
12 10 0.00 0.01 11 
12 10 0.00 0.01 12 
12 10 0.00 0.01 13 
12 10 0.00 0.01 14 
12 10 0.00 0.01 15 
12 10 0.00 0.01 16 
12 10 0.00 0.01 17 
12 10 0.00 0.01 18 
12 10 0.00 0.01 19 
12 10 0.00 0.01 20 
12 10 0.00 0.01 21 
12 10 0.00 0.01 22 
12 10 0.00 0.01 23 
12 10 0.00 0.01 24 
12 10 0.00 0.01 25 
12 10 0.00 0.01 26 
12 10 0.00 0.01 27 
12 10 0.00 0.01 28 
12 10 0.00 0.01 29 
12 10 0.00 0.01 30 
12 10 0.00 0.01 31 
12 10 0.00 0.01 32 
12 10 0.00 0.0001 0 
12 10 0.00 0.0001 1 
12 10 0.00 0.0001 2 
12 10 0.00 0.0001 3 
12 10 0.00 0.0001 4 
12 10 0.00 0.0001 5 
12 10 0.00 0.0001 6 
12 10 0.00 0.0001 7 
12 10 0.00 0.0001 8 
12 10 0.00 0.0001 9 
12 10 0.00 0.0001 10 
12 10 0.00 0.0001 11 
12 10 0.00 0.0001 12 
12 10 0.00 0.0001 13 
12 10 0.00 0.0001 14 
12 10 0.00 0.0001 15 
12 10 0.00 0.0001 16 
12 10 0.00 0.0001 17 
12 10 0.00 0.0001 18 
12 10 0.00 0.0001 19 
12 10 0.00 0.0001 20 
12 10 0.00 0.0001 21 
12 10 0.00 0.0001 22 
12 10 0.00 0.0001 23 
12 10 0.00 0.0001 24 
12 10 0.00 0.0001 25 
12 10 0.00 0.0001 26 
12 10 0.00 0.0001 27 
12 10 0.00 0.0001 28 
12 10 0.00 0.0001 29 
12 10 0.00 0.0001 30 
12 10 0.00 0.0001 31 
12 10 0.00 0.0001 32 
12 10 0.10 0.001 0 
12 10 0.10 0.001 1 
12 10 0.10 0.001 2 
12 10 0.10 0.001 3 
12 10 0.10 0.001 4 
12 10 0.10 0.001 5 
12 10 0.10 0.001 6 
12 10 0.10 0.001 7 
12 10 0.10 0.001 8 
12 10 0.10 0.001 9 
12 10 0.10 0.001 10 
12 10 0.10 0.001 11 
12 10 0.10 0.001 12 
12 10 0.10 0.001 13 
12 10 0.10 0.001 14 
12 10 0.10 0.001 15 
12 10 0.10 0.001 16 
12 10 0.10 0.001 17 
12 10 0.10 0.001 18 
12 10 0.10 0.001 19 
12 10 0.10 0.001 20 
12 10 0.10 0.001 21 
12 10 0.10 0.001 22 
12 10 0.10 0.001 23 
12 10 0.10 0.001 24 
12 10 0.10 0.001 25 
12 10 0.10 0.001 26 
12 10 0.10 0.001 27 
12 10 0.10 0.001 28 
12 10 0.10 0.001 29 
12 10 0.10 0.001 30 
12 10 0.10 0.001 31 
12 10 0.10 0.001 32 
12 10 0.10 0.01 0 
12 10 0.10 0.01 1 
12 10 0.10 0.01 2 
12 10 0.10 0.01 3 
12 10 0.10 0.01 4 
12 10 0.10 0.01 5 
12 10 0.10 0.01 6 
12 10 0.10 0.01 7 
12 10 0.10 0.01 8 
12 10 0.10 0.01 9 
12 10 0.10 0.01 10 
12 10 0.10 0.01 11 
12 10 0.10 0.01 12 
12 10 0.10 0.01 13 
12 10 0.10 0.01 14 
12 10 0.10 0.01 15 
12 10 0.10 0.01 16 
12 10 0.10 0.01 17 
12 10 0.10 0.01 18 
12 10 0.10 0.01 19 
12 10 0.10 0.01 20 
12 10 0.10 0.01 21 
12 10 0.10 0.01 22 
12 10 0.10 0.01 23 
12 10 0.10 0.01 24 
12 10 0.10 0.01 25 
12 10 0.10 0.01 26 
12 10 0.10 0.01 27 
12 10 0.10 0.01 28 
12 10 0.10 0.01 29 
12 10 0.10 0.01 30 
12 10 0.10 0.01 31 
12 10 0.10 0.01 32 
12 10 0.10 0.0001 0 
12 10 0.10 0.0001 1 
12 10 0.10 0.0001 2 
12 10 0.10 0.0001 3 
12 10 0.10 0.0001 4 
12 10 0.10 0.0001 5 
12 10 0.10 0.0001 6 
12 10 0.10 0.0001 7 
12 10 0.10 0.0001 8 
12 10 0.10 0.0001 9 
12 10 0.10 0.0001 10 
12 10 0.10 0.0001 11 
12 10 0.10 0.0001 12 
12 10 0.10 0.0001 13 
12 10 0.10 0.0001 14 
12 10 0.10 0.0001 15 
12 10 0.10 0.0001 16 
12 10 0.10 0.0001 17 
12 10 0.10 0.0001 18 
12 10 0.10 0.0001 19 
12 10 0.10 0.0001 20 
12 10 0.10 0.0001 21 
12 10 0.10 0.0001 22 
12 10 0.10 0.0001 23 
12 10 0.10 0.0001 24 
12 10 0.10 0.0001 25 
12 10 0.10 0.0001 26 
12 10 0.10 0.0001 27 
12 10 0.10 0.0001 28 
12 10 0.10 0.0001 29 
12 10 0.10 0.0001 30 
12 10 0.10 0.0001 31 
12 10 0.10 0.0001 32 
12 10 0.20 0.001 0 
12 10 0.20 0.001 1 
12 10 0.20 0.001 2 
12 10 0.20 0.001 3 
12 10 0.20 0.001 4 
12 10 0.20 0.001 5 
12 10 0.20 0.001 6 
12 10 0.20 0.001 7 
12 10 0.20 0.001 8 
12 10 0.20 0.001 9 
12 10 0.20 0.001 10 
12 10 0.20 0.001 11 
12 10 0.20 0.001 12 
12 10 0.20 0.001 13 
12 10 0.20 0.001 14 
12 10 0.20 0.001 15 
12 10 0.20 0.001 16 
12 10 0.20 0.001 17 
12 10 0.20 0.001 18 
12 10 0.20 0.001 19 
12 10 0.20 0.001 20 
12 10 0.20 0.001 21 
12 10 0.20 0.001 22 
12 10 0.20 0.001 23 
12 10 0.20 0.001 24 
12 10 0.20 0.001 25 
12 10 0.20 0.001 26 
12 10 0.20 0.001 27 
12 10 0.20 0.001 28 
12 10 0.20 0.001 29 
12 10 0.20 0.001 30 
12 10 0.20 0.001 31 
12 10 0.20 0.001 32 
12 10 0.20 0.01 0 
12 10 0.20 0.01 1 
12 10 0.20 0.01 2 
12 10 0.20 0.01 3 
12 10 0.20 0.01 4 
12 10 0.20 0.01 5 
12 10 0.20 0.01 6 
12 10 0.20 0.01 7 
12 10 0.20 0.01 8 
12 10 0.20 0.01 9 
12 10 0.20 0.01 10 
12 10 0.20 0.01 11 
12 10 0.20 0.01 12 
12 10 0.20 0.01 13 
12 10 0.20 0.01 14 
12 10 0.20 0.01 15 
12 10 0.20 0.01 16 
12 10 0.20 0.01 17 
12 10 0.20 0.01 18 
12 10 0.20 0.01 19 
12 10 0.20 0.01 20 
12 10 0.20 0.01 21 
12 10 0.20 0.01 22 
12 10 0.20 0.01 23 
12 10 0.20 0.01 24 
12 10 0.20 0.01 25 
12 10 0.20 0.01 26 
12 10 0.20 0.01 27 
12 10 0.20 0.01 28 
12 10 0.20 0.01 29 
12 10 0.20 0.01 30 
12 10 0.20 0.01 31 
12 10 0.20 0.01 32 
12 10 0.20 0.0001 0 
12 10 0.20 0.0001 1 
12 10 0.20 0.0001 2 
12 10 0.20 0.0001 3 
12 10 0.20 0.0001 4 
12 10 0.20 0.0001 5 
12 10 0.20 0.0001 6 
12 10 0.20 0.0001 7 
12 10 0.20 0.0001 8 
12 10 0.20 0.0001 9 
12 10 0.20 0.0001 10 
12 10 0.20 0.0001 11 
12 10 0.20 0.0001 12 
12 10 0.20 0.0001 13 
12 10 0.20 0.0001 14 
12 10 0.20 0.0001 15 
12 10 0.20 0.0001 16 
12 10 0.20 0.0001 17 
12 10 0.20 0.0001 18 
12 10 0.20 0.0001 19 
12 10 0.20 0.0001 20 
12 10 0.20 0.0001 21 
12 10 0.20 0.0001 22 
12 10 0.20 0.0001 23 
12 10 0.20 0.0001 24 
12 10 0.20 0.0001 25 
12 10 0.20 0.0001 26 
12 10 0.20 0.0001 27 
12 10 0.20 0.0001 28 
12 10 0.20 0.0001 29 
12 10 0.20 0.0001 30 
12 10 0.20 0.0001 31 
12 10 0.20 0.0001 32 
12 10 0.30 0.001 0 
12 10 0.30 0.001 1 
12 10 0.30 0.001 2 
12 10 0.30 0.001 3 
12 10 0.30 0.001 4 
12 10 0.30 0.001 5 
12 10 0.30 0.001 6 
12 10 0.30 0.001 7 
12 10 0.30 0.001 8 
12 10 0.30 0.001 9 
12 10 0.30 0.001 10 
12 10 0.30 0.001 11 
12 10 0.30 0.001 12 
12 10 0.30 0.001 13 
12 10 0.30 0.001 14 
12 10 0.30 0.001 15 
12 10 0.30 0.001 16 
12 10 0.30 0.001 17 
12 10 0.30 0.001 18 
12 10 0.30 0.001 19 
12 10 0.30 0.001 20 
12 10 0.30 0.001 21 
12 10 0.30 0.001 22 
12 10 0.30 0.001 23 
12 10 0.30 0.001 24 
12 10 0.30 0.001 25 
12 10 0.30 0.001 26 
12 10 0.30 0.001 27 
12 10 0.30 0.001 28 
12 10 0.30 0.001 29 
12 10 0.30 0.001 30 
12 10 0.30 0.001 31 
12 10 0.30 0.001 32 
12 10 0.30 0.01 0 
12 10 0.30 0.01 1 
12 10 0.30 0.01 2 
12 10 0.30 0.01 3 
12 10 0.30 0.01 4 
12 10 0.30 0.01 5 
12 10 0.30 0.01 6 
12 10 0.30 0.01 7 
12 10 0.30 0.01 8 
12 10 0.30 0.01 9 
12 10 0.30 0.01 10 
12 10 0.30 0.01 11 
12 10 0.30 0.01 12 
12 10 0.30 0.01 13 
12 10 0.30 0.01 14 
12 10 0.30 0.01 15 
12 10 0.30 0.01 16 
12 10 0.30 0.01 17 
12 10 0.30 0.01 18 
12 10 0.30 0.01 19 
12 10 0.30 0.01 20 
12 10 0.30 0.01 21 
12 10 0.30 0.01 22 
12 10 0.30 0.01 23 
12 10 0.30 0.01 24 
12 10 0.30 0.01 25 
12 10 0.30 0.01 26 
12 10 0.30 0.01 27 
12 10 0.30 0.01 28 
12 10 0.30 0.01 29 
12 10 0.30 0.01 30 
12 10 0.30 0.01 31 
12 10 0.30 0.01 32 
12 10 0.30 0.0001 0 
12 10 0.30 0.0001 1 
12 10 0.30 0.0001 2 
12 10 0.30 0.0001 3 
12 10 0.30 0.0001 4 
12 10 0.30 0.0001 5 
12 10 0.30 0.0001 6 
12 10 0.30 0.0001 7 
12 10 0.30 0.0001 8 
12 10 0.30 0.0001 9 
12 10 0.30 0.0001 10 
12 10 0.30 0.0001 11 
12 10 0.30 0.0001 12 
12 10 0.30 0.0001 13 
12 10 0.30 0.0001 14 
12 10 0.30 0.0001 15 
12 10 0.30 0.0001 16 
12 10 0.30 0.0001 17 
12 10 0.30 0.0001 18 
12 10 0.30 0.0001 19 
12 10 0.30 0.0001 20 
12 10 0.30 0.0001 21 
12 10 0.30 0.0001 22 
12 10 0.30 0.0001 23 
12 10 0.30 0.0001 24 
12 10 0.30 0.0001 25 
12 10 0.30 0.0001 26 
12 10 0.30 0.0001 27 
12 10 0.30 0.0001 28 
12 10 0.30 0.0001 29 
12 10 0.30 0.0001 30 
12 10 0.30 0.0001 31 
12 10 0.30 0.0001 32 
12 10 0.40 0.001 0 
12 10 0.40 0.001 1 
12 10 0.40 0.001 2 
12 10 0.40 0.001 3 
12 10 0.40 0.001 4 
12 10 0.40 0.001 5 
12 10 0.40 0.001 6 
12 10 0.40 0.001 7 
12 10 0.40 0.001 8 
12 10 0.40 0.001 9 
12 10 0.40 0.001 10 
12 10 0.40 0.001 11 
12 10 0.40 0.001 12 
12 10 0.40 0.001 13 
12 10 0.40 0.001 14 
12 10 0.40 0.001 15 
12 10 0.40 0.001 16 
12 10 0.40 0.001 17 
12 10 0.40 0.001 18 
12 10 0.40 0.001 19 
12 10 0.40 0.001 20 
12 10 0.40 0.001 21 
12 10 0.40 0.001 22 
12 10 0.40 0.001 23 
12 10 0.40 0.001 24 
12 10 0.40 0.001 25 
12 10 0.40 0.001 26 
12 10 0.40 0.001 27 
12 10 0.40 0.001 28 
12 10 0.40 0.001 29 
12 10 0.40 0.001 30 
12 10 0.40 0.001 31 
12 10 0.40 0.001 32 
12 10 0.40 0.01 0 
12 10 0.40 0.01 1 
12 10 0.40 0.01 2 
12 10 0.40 0.01 3 
12 10 0.40 0.01 4 
12 10 0.40 0.01 5 
12 10 0.40 0.01 6 
12 10 0.40 0.01 7 
12 10 0.40 0.01 8 
12 10 0.40 0.01 9 
12 10 0.40 0.01 10 
12 10 0.40 0.01 11 
12 10 0.40 0.01 12 
12 10 0.40 0.01 13 
12 10 0.40 0.01 14 
12 10 0.40 0.01 15 
12 10 0.40 0.01 16 
12 10 0.40 0.01 17 
12 10 0.40 0.01 18 
12 10 0.40 0.01 19 
12 10 0.40 0.01 20 
12 10 0.40 0.01 21 
12 10 0.40 0.01 22 
12 10 0.40 0.01 23 
12 10 0.40 0.01 24 
12 10 0.40 0.01 25 
12 10 0.40 0.01 26 
12 10 0.40 0.01 27 
12 10 0.40 0.01 28 
12 10 0.40 0.01 29 
12 10 0.40 0.01 30 
12 10 0.40 0.01 31 
12 10 0.40 0.01 32 
12 10 0.40 0.0001 0 
12 10 0.40 0.0001 1 
12 10 0.40 0.0001 2 
12 10 0.40 0.0001 3 
12 10 0.40 0.0001 4 
12 10 0.40 0.0001 5 
12 10 0.40 0.0001 6 
12 10 0.40 0.0001 7 
12 10 0.40 0.0001 8 
12 10 0.40 0.0001 9 
12 10 0.40 0.0001 10 
12 10 0.40 0.0001 11 
12 10 0.40 0.0001 12 
12 10 0.40 0.0001 13 
12 10 0.40 0.0001 14 
12 10 0.40 0.0001 15 
12 10 0.40 0.0001 16 
12 10 0.40 0.0001 17 
12 10 0.40 0.0001 18 
12 10 0.40 0.0001 19 
12 10 0.40 0.0001 20 
12 10 0.40 0.0001 21 
12 10 0.40 0.0001 22 
12 10 0.40 0.0001 23 
12 10 0.40 0.0001 24 
12 10 0.40 0.0001 25 
12 10 0.40 0.0001 26 
12 10 0.40 0.0001 27 
12 10 0.40 0.0001 28 
12 10 0.40 0.0001 29 
12 10 0.40 0.0001 30 
12 10 0.40 0.0001 31 
12 10 0.40 0.0001 32 
12 10 0.50 0.001 0 
12 10 0.50 0.001 1 
12 10 0.50 0.001 2 
12 10 0.50 0.001 3 
12 10 0.50 0.001 4 
12 10 0.50 0.001 5 
12 10 0.50 0.001 6 
12 10 0.50 0.001 7 
12 10 0.50 0.001 8 
12 10 0.50 0.001 9 
12 10 0.50 0.001 10 
12 10 0.50 0.001 11 
12 10 0.50 0.001 12 
12 10 0.50 0.001 13 
12 10 0.50 0.001 14 
12 10 0.50 0.001 15 
12 10 0.50 0.001 16 
12 10 0.50 0.001 17 
12 10 0.50 0.001 18 
12 10 0.50 0.001 19 
12 10 0.50 0.001 20 
12 10 0.50 0.001 21 
12 10 0.50 0.001 22 
12 10 0.50 0.001 23 
12 10 0.50 0.001 24 
12 10 0.50 0.001 25 
12 10 0.50 0.001 26 
12 10 0.50 0.001 27 
12 10 0.50 0.001 28 
12 10 0.50 0.001 29 
12 10 0.50 0.001 30 
12 10 0.50 0.001 31 
