#Ls   Lt  mu  ma  nfluxes AxialCurrent Err
12 24 0.00 0.001 0 0.000013329182410 0.001885029588592
12 24 0.00 0.001 1 -0.013476111946780 0.001984447931626
12 24 0.00 0.001 2 -0.047770320531815 0.001675803902317
12 24 0.00 0.001 3 -0.065354625118043 0.001318806244846
12 24 0.00 0.001 4 -0.048918045059152 0.001427433520974
12 24 0.00 0.001 5 -0.020274467539928 0.001674481323661
12 24 0.00 0.001 6 0.002386883583479 0.001838981637007
12 24 0.00 0.001 7 nan nan
12 24 0.00 0.001 8 nan nan
12 24 0.00 0.001 9 nan nan
12 24 0.00 0.001 10 nan nan
12 24 0.00 0.001 11 -0.009006687502710 0.001642264917087
12 24 0.00 0.001 12 nan nan
12 24 0.00 0.001 13 nan nan
12 24 0.00 0.001 14 -0.010376273286516 0.001712879893797
12 24 0.00 0.001 15 -0.020699483816260 0.001848724657236
12 24 0.00 0.001 16 nan nan
12 24 0.00 0.001 17 -0.012223631229537 0.001275742625798
12 24 0.00 0.001 18 nan nan
12 24 0.00 0.001 19 0.002864707946509 0.001207902644888
12 24 0.00 0.001 20 -0.000173783048683 0.001189201799848
12 24 0.00 0.001 21 nan nan
12 24 0.00 0.001 22 nan nan
12 24 0.00 0.001 23 nan nan
12 24 0.00 0.001 24 nan nan
12 24 0.00 0.001 25 0.004958502159917 0.001096217559714
12 24 0.00 0.001 26 0.001471662223704 0.001220472431352
12 24 0.00 0.001 27 nan nan
12 24 0.00 0.001 28 nan nan
12 24 0.00 0.001 29 -0.006867337213720 0.001350464642327
12 24 0.00 0.001 30 0.000141226673815 0.001359970858638
12 24 0.00 0.001 31 0.002133779776598 0.001221488074748
12 24 0.00 0.001 32 nan nan
12 24 0.00 0.001 33 nan nan
12 24 0.00 0.001 34 -0.000773909689482 0.001101597384357
12 24 0.00 0.001 35 0.000160193728146 0.001433937483186
12 24 0.00 0.001 36 nan nan
12 24 0.00 0.001 37 -0.001550699954998 0.001200445933255
12 24 0.00 0.001 38 nan nan
12 24 0.00 0.001 39 0.005149229764458 0.001066896134637
12 24 0.00 0.001 40 0.002086019134446 0.000995256764730
12 24 0.00 0.001 41 nan nan
12 24 0.00 0.001 42 nan nan
12 24 0.00 0.001 43 nan nan
12 24 0.00 0.001 44 -0.009397716095111 0.001380005729748
12 24 0.00 0.001 45 0.000349381826514 0.001138086246126
12 24 0.00 0.001 46 0.001145218831256 0.001116441378341
12 24 0.00 0.001 47 nan nan
12 24 0.00 0.001 48 nan nan
12 24 0.00 0.001 49 nan nan
12 24 0.00 0.001 50 -0.002366499936153 0.001442418831899
12 24 0.00 0.001 51 nan nan
12 24 0.00 0.001 52 0.000412569711602 0.001283615645672
12 24 0.00 0.001 53 nan nan
12 24 0.00 0.001 54 -0.000448182303702 0.001142024459548
12 24 0.00 0.001 55 -0.013593716481378 0.001184087153441
12 24 0.00 0.001 56 nan nan
12 24 0.00 0.001 57 nan nan
12 24 0.00 0.001 58 nan nan
12 24 0.00 0.001 59 nan nan
12 24 0.00 0.001 60 nan nan
12 24 0.00 0.001 61 -0.007206285414203 0.001969295965056
12 24 0.00 0.001 62 -0.037216475714138 0.001498589350595
12 24 0.00 0.001 63 nan nan
12 24 0.00 0.001 64 -0.025430131454311 0.001888054955285
12 24 0.00 0.001 65 nan nan
12 24 0.00 0.001 66 0.001179840690673 0.001901832542651
12 24 0.00 0.001 67 nan nan
12 24 0.00 0.001 68 nan nan
12 24 0.00 0.001 69 nan nan
12 24 0.00 0.001 70 nan nan
12 24 0.00 0.001 71 -0.013944425489785 0.001594987147274
12 24 0.00 0.001 72 -0.000356877544236 0.002049418949079
12 24 0.00 0.001 73 nan nan
12 24 0.00 0.001 74 nan nan
12 24 0.00 0.001 75 nan nan
12 24 0.00 0.001 76 nan nan
12 24 0.00 0.001 77 nan nan
12 24 0.00 0.001 78 nan nan
12 24 0.00 0.001 79 nan nan
12 24 0.00 0.001 80 nan nan
12 24 0.00 0.001 81 nan nan
12 24 0.00 0.001 82 nan nan
12 24 0.00 0.001 83 nan nan
12 24 0.00 0.001 84 nan nan
12 24 0.00 0.001 85 nan nan
12 24 0.00 0.001 86 nan nan
12 24 0.00 0.001 87 nan nan
12 24 0.00 0.001 88 nan nan
12 24 0.00 0.001 89 nan nan
12 24 0.00 0.001 90 nan nan
12 24 0.00 0.001 91 nan nan
12 24 0.00 0.001 92 nan nan
12 24 0.00 0.001 93 nan nan
12 24 0.00 0.001 94 nan nan
12 24 0.00 0.001 95 nan nan
12 24 0.00 0.001 96 nan nan
12 24 0.00 0.001 97 nan nan
12 24 0.00 0.001 98 nan nan
12 24 0.00 0.001 99 nan nan
12 24 0.00 0.001 100 nan nan
12 24 0.00 0.001 101 nan nan
12 24 0.00 0.001 102 nan nan
12 24 0.00 0.001 103 nan nan
12 24 0.00 0.001 104 nan nan
12 24 0.00 0.001 105 nan nan
12 24 0.00 0.001 106 nan nan
12 24 0.00 0.001 107 nan nan
12 24 0.00 0.001 108 nan nan
12 24 0.00 0.001 109 nan nan
12 24 0.00 0.001 110 nan nan
12 24 0.00 0.001 111 nan nan
12 24 0.00 0.001 112 nan nan
12 24 0.00 0.001 113 nan nan
12 24 0.00 0.001 114 nan nan
12 24 0.00 0.001 115 nan nan
12 24 0.00 0.001 116 nan nan
12 24 0.00 0.001 117 nan nan
12 24 0.00 0.001 118 nan nan
12 24 0.00 0.001 119 nan nan
12 24 0.00 0.001 120 nan nan
12 24 0.00 0.001 121 nan nan
12 24 0.00 0.001 122 nan nan
12 24 0.00 0.001 123 nan nan
12 24 0.00 0.001 124 nan nan
12 24 0.00 0.001 125 nan nan
12 24 0.00 0.001 126 nan nan
12 24 0.00 0.001 127 nan nan
12 24 0.00 0.001 128 nan nan
12 24 0.00 0.001 129 nan nan
12 24 0.00 0.001 130 nan nan
12 24 0.00 0.001 131 nan nan
12 24 0.00 0.001 132 nan nan
12 24 0.00 0.001 133 nan nan
12 24 0.00 0.001 134 nan nan
12 24 0.00 0.001 135 nan nan
12 24 0.00 0.001 136 nan nan
12 24 0.00 0.001 137 nan nan
12 24 0.00 0.001 138 nan nan
12 24 0.00 0.001 139 nan nan
12 24 0.00 0.001 140 nan nan
12 24 0.00 0.001 141 nan nan
12 24 0.00 0.001 142 nan nan
12 24 0.00 0.001 143 nan nan
12 24 0.00 0.001 144 nan nan
12 24 0.00 0.001 145 nan nan
12 24 0.00 0.001 146 nan nan
12 24 0.00 0.001 147 nan nan
12 24 0.00 0.001 148 nan nan
12 24 0.00 0.001 149 nan nan
12 24 0.00 0.001 150 nan nan
12 24 0.00 0.001 151 nan nan
12 24 0.00 0.001 152 nan nan
12 24 0.00 0.001 153 nan nan
12 24 0.00 0.001 154 nan nan
12 24 0.00 0.001 155 nan nan
12 24 0.00 0.001 156 nan nan
12 24 0.00 0.001 157 nan nan
12 24 0.00 0.001 158 nan nan
12 24 0.00 0.001 159 nan nan
12 24 0.00 0.001 160 nan nan
12 24 0.00 0.001 161 nan nan
12 24 0.00 0.001 162 nan nan
12 24 0.00 0.001 163 nan nan
12 24 0.00 0.001 164 nan nan
12 24 0.00 0.001 165 nan nan
12 24 0.00 0.001 166 nan nan
12 24 0.00 0.001 167 nan nan
12 24 0.00 0.001 168 nan nan
12 24 0.00 0.001 169 nan nan
12 24 0.00 0.001 170 nan nan
12 24 0.00 0.001 171 nan nan
12 24 0.00 0.001 172 nan nan
12 24 0.00 0.001 173 nan nan
12 24 0.00 0.001 174 nan nan
12 24 0.00 0.001 175 nan nan
12 24 0.00 0.001 176 nan nan
12 24 0.00 0.001 177 nan nan
12 24 0.00 0.001 178 nan nan
12 24 0.00 0.001 179 nan nan
12 24 0.00 0.001 180 nan nan
12 24 0.00 0.001 181 nan nan
12 24 0.00 0.001 182 nan nan
12 24 0.00 0.001 183 nan nan
12 24 0.00 0.001 184 nan nan
12 24 0.00 0.001 185 nan nan
12 24 0.00 0.001 186 nan nan
12 24 0.00 0.001 187 nan nan
12 24 0.00 0.001 188 nan nan
12 24 0.00 0.001 189 nan nan
12 24 0.00 0.001 190 nan nan
12 24 0.00 0.001 191 nan nan
12 24 0.00 0.001 192 nan nan
12 24 0.00 0.001 193 nan nan
12 24 0.00 0.001 194 nan nan
12 24 0.00 0.001 195 nan nan
12 24 0.00 0.001 196 nan nan
12 24 0.00 0.001 197 nan nan
12 24 0.00 0.001 198 nan nan
12 24 0.00 0.001 199 nan nan
12 24 0.00 0.001 200 nan nan
12 24 0.00 0.001 201 nan nan
12 24 0.00 0.001 202 nan nan
12 24 0.00 0.001 203 nan nan
12 24 0.00 0.001 204 nan nan
12 24 0.00 0.001 205 nan nan
12 24 0.00 0.001 206 nan nan
12 24 0.00 0.001 207 nan nan
12 24 0.00 0.001 208 nan nan
12 24 0.00 0.001 209 nan nan
12 24 0.00 0.001 210 nan nan
12 24 0.00 0.001 211 nan nan
12 24 0.00 0.001 212 nan nan
12 24 0.00 0.001 213 nan nan
12 24 0.00 0.001 214 nan nan
12 24 0.00 0.001 215 nan nan
12 24 0.00 0.001 216 nan nan
12 24 0.00 0.001 217 nan nan
12 24 0.00 0.001 218 nan nan
12 24 0.00 0.001 219 nan nan
12 24 0.00 0.001 220 nan nan
12 24 0.00 0.001 221 nan nan
12 24 0.00 0.001 222 nan nan
12 24 0.00 0.001 223 nan nan
12 24 0.00 0.001 224 nan nan
12 24 0.00 0.001 225 nan nan
12 24 0.00 0.001 226 nan nan
12 24 0.00 0.001 227 nan nan
12 24 0.00 0.001 228 nan nan
12 24 0.00 0.001 229 nan nan
12 24 0.00 0.001 230 nan nan
12 24 0.00 0.001 231 nan nan
12 24 0.00 0.001 232 nan nan
12 24 0.00 0.001 233 nan nan
12 24 0.00 0.001 234 nan nan
12 24 0.00 0.001 235 nan nan
12 24 0.00 0.001 236 nan nan
12 24 0.00 0.001 237 nan nan
12 24 0.00 0.001 238 nan nan
12 24 0.00 0.001 239 nan nan
12 24 0.00 0.001 240 nan nan
12 24 0.00 0.001 241 nan nan
12 24 0.00 0.001 242 nan nan
12 24 0.00 0.001 243 nan nan
12 24 0.00 0.001 244 nan nan
12 24 0.00 0.001 245 nan nan
12 24 0.00 0.001 246 nan nan
12 24 0.00 0.001 247 nan nan
12 24 0.00 0.001 248 nan nan
12 24 0.00 0.001 249 nan nan
12 24 0.00 0.001 250 nan nan
12 24 0.00 0.001 251 nan nan
12 24 0.00 0.001 252 nan nan
12 24 0.00 0.001 253 nan nan
12 24 0.00 0.001 254 nan nan
12 24 0.00 0.001 255 nan nan
12 24 0.00 0.001 256 nan nan
12 24 0.00 0.001 257 nan nan
12 24 0.00 0.001 258 nan nan
12 24 0.00 0.001 259 nan nan
12 24 0.00 0.001 260 nan nan
12 24 0.00 0.001 261 nan nan
12 24 0.00 0.001 262 nan nan
12 24 0.00 0.001 263 nan nan
12 24 0.00 0.001 264 nan nan
12 24 0.00 0.001 265 nan nan
12 24 0.00 0.001 266 nan nan
12 24 0.00 0.001 267 nan nan
12 24 0.00 0.001 268 nan nan
12 24 0.00 0.001 269 nan nan
12 24 0.00 0.001 270 nan nan
12 24 0.00 0.001 271 nan nan
12 24 0.00 0.001 272 nan nan
12 24 0.00 0.001 273 nan nan
12 24 0.00 0.001 274 nan nan
12 24 0.00 0.001 275 nan nan
12 24 0.00 0.001 276 nan nan
12 24 0.00 0.001 277 nan nan
12 24 0.00 0.001 278 nan nan
12 24 0.00 0.001 279 nan nan
12 24 0.00 0.001 280 nan nan
12 24 0.00 0.001 281 nan nan
12 24 0.00 0.001 282 nan nan
12 24 0.00 0.001 283 nan nan
12 24 0.00 0.001 284 nan nan
12 24 0.00 0.001 285 nan nan
12 24 0.00 0.001 286 nan nan
12 24 0.00 0.001 287 nan nan
12 24 0.00 0.001 288 nan nan
