12 16 0.00 0.001 0 0.000570640777421 0.001912044288920
12 16 0.00 0.001 1 -0.001637012275003 0.001992600002720
12 16 0.00 0.001 2 -0.002683282769552 0.001830014707264
12 16 0.00 0.001 3 -0.000002311647494 0.001699521789511
12 16 0.00 0.001 4 0.002329396938185 0.001313563027944
12 16 0.00 0.001 5 0.002601428926454 0.001437276376077
12 16 0.00 0.001 6 0.002834905876924 0.001143106446976
12 16 0.00 0.001 7 0.000085245667329 0.001630489127961
12 16 0.00 0.001 8 0.001651119858480 0.001514087985487
12 16 0.00 0.001 9 0.002432995823240 0.001484871135300
12 16 0.00 0.001 10 0.002329390608281 0.001381028793178
12 16 0.00 0.001 11 -0.004000366477910 0.002033792170384
12 16 0.00 0.001 12 -0.001831710001333 0.001578113090577
12 16 0.00 0.001 13 0.000645014622659 0.001853733341218
12 16 0.00 0.001 14 -0.007073931161350 0.001698577163104
12 16 0.00 0.001 15 -0.002099529552994 0.001357985840336
12 16 0.00 0.001 16 0.000208888768285 0.001284291145126
12 16 0.00 0.001 17 -0.011526799381528 0.001389761560519
12 16 0.00 0.001 18 -0.001087191944688 0.001385197744406
12 16 0.00 0.001 19 -0.000887671899588 0.001277182129009
12 16 0.00 0.001 20 -0.000488611638368 0.001297222479445
12 16 0.00 0.001 21 0.001474244942220 0.001165603554503
12 16 0.00 0.001 22 -0.000781706714772 0.001147572931949
12 16 0.00 0.001 23 -0.000941070592920 0.001242324684552
12 16 0.00 0.001 24 -0.002386849044280 0.001124024023824
12 16 0.00 0.001 25 -0.000280153823036 0.001161472788444
12 16 0.00 0.001 26 -0.000561432849955 0.000996289502397
12 16 0.00 0.001 27 -0.000454186278237 0.000945707078336
12 16 0.00 0.001 28 -0.008790438782956 0.001262998003319
12 16 0.00 0.001 29 -0.003770868390376 0.001086916957256
12 16 0.00 0.001 30 -0.000800185398897 0.000935128830075
12 16 0.00 0.001 31 -0.000326442661267 0.000942771984315
12 16 0.00 0.001 32 nan nan
12 16 0.00 0.001 33 -0.000523393675242 0.000849306341316
12 16 0.00 0.001 34 0.001468670027711 0.000848287695550
12 16 0.00 0.001 35 nan nan
12 16 0.00 0.001 36 nan nan
12 16 0.00 0.001 37 -0.000498005174435 0.000761730761349
12 16 0.00 0.001 38 0.001239959676058 0.000927780633995
12 16 0.00 0.001 39 -0.000842279075717 0.000808088180814
12 16 0.00 0.001 40 -0.000895478032572 0.000896220394505
12 16 0.00 0.001 41 -0.000587016518044 0.000983135753836
12 16 0.00 0.001 42 nan nan
12 16 0.00 0.001 43 0.000420152354892 0.000873753345839
12 16 0.00 0.001 44 -0.000035247729348 0.000843998148107
12 16 0.00 0.001 45 -0.000203074629750 0.001314081738246
12 16 0.00 0.001 46 0.000560709786030 0.001091296395106
12 16 0.00 0.001 47 nan nan
12 16 0.00 0.001 48 0.001788116523107 0.001049373215884
12 16 0.00 0.001 49 -0.000524932383364 0.001252513625590
12 16 0.00 0.001 50 0.001429794850793 0.001188687096700
12 16 0.00 0.001 51 -0.000808198355923 0.001239094732822
12 16 0.00 0.001 52 -0.000902385636491 0.001164468990679
12 16 0.00 0.001 53 -0.000998378253380 0.001322098307143
12 16 0.00 0.001 54 0.001796797821793 0.001464934431080
12 16 0.00 0.001 55 -0.000275850690894 0.001345461965024
12 16 0.00 0.001 56 0.001964235751601 0.001552321535928
12 16 0.00 0.001 57 -0.001289228719294 0.001219084842056
12 16 0.00 0.001 58 -0.001297136393903 0.001528670846550
12 16 0.00 0.001 59 -0.000333281178744 0.001540923655336
12 16 0.00 0.001 60 0.001684558415898 0.001579748101509
12 16 0.00 0.001 61 -0.002684213559240 0.001637331999804
12 16 0.00 0.001 62 -0.003197122568348 0.001461172030879
12 16 0.00 0.001 63 -0.041849293232157 0.001693974603387
12 16 0.00 0.001 64 -0.002079927091211 0.001626421099356
12 16 0.00 0.001 65 -0.002574940369791 0.001822511526020
12 16 0.00 0.001 66 -0.002622691812489 0.001688478030466
12 16 0.00 0.001 67 -0.000405194346099 0.001371029680905
12 16 0.00 0.001 68 -0.001919720559611 0.001691084394847
12 16 0.00 0.001 69 -0.000666315910901 0.001402337223225
12 16 0.00 0.001 70 -0.044161154922824 0.001849018921652
12 16 0.00 0.001 71 0.000265145389696 0.001448727314851
12 16 0.00 0.001 72 -0.000483001436819 0.001740937933338
12 16 0.00 0.001 73 nan nan
12 16 0.00 0.001 74 nan nan
12 16 0.00 0.001 75 nan nan
12 16 0.00 0.001 76 nan nan
12 16 0.00 0.001 77 nan nan
12 16 0.00 0.001 78 nan nan
12 16 0.00 0.001 79 nan nan
12 16 0.00 0.001 80 nan nan
12 16 0.00 0.001 81 nan nan
12 16 0.00 0.001 82 nan nan
12 16 0.00 0.001 83 nan nan
12 16 0.00 0.001 84 nan nan
12 16 0.00 0.001 85 nan nan
12 16 0.00 0.001 86 nan nan
12 16 0.00 0.001 87 nan nan
12 16 0.00 0.001 88 nan nan
12 16 0.00 0.001 89 nan nan
12 16 0.00 0.001 90 nan nan
12 16 0.00 0.001 91 nan nan
12 16 0.00 0.001 92 nan nan
12 16 0.00 0.001 93 nan nan
12 16 0.00 0.001 94 nan nan
12 16 0.00 0.001 95 nan nan
12 16 0.00 0.001 96 nan nan
12 16 0.00 0.001 97 nan nan
12 16 0.00 0.001 98 nan nan
12 16 0.00 0.001 99 nan nan
12 16 0.00 0.001 100 nan nan
12 16 0.00 0.001 101 nan nan
12 16 0.00 0.001 102 nan nan
12 16 0.00 0.001 103 nan nan
12 16 0.00 0.001 104 nan nan
12 16 0.00 0.001 105 nan nan
12 16 0.00 0.001 106 nan nan
12 16 0.00 0.001 107 nan nan
12 16 0.00 0.001 108 nan nan
12 16 0.00 0.001 109 nan nan
12 16 0.00 0.001 110 nan nan
12 16 0.00 0.001 111 nan nan
12 16 0.00 0.001 112 nan nan
12 16 0.00 0.001 113 nan nan
12 16 0.00 0.001 114 nan nan
12 16 0.00 0.001 115 nan nan
12 16 0.00 0.001 116 nan nan
12 16 0.00 0.001 117 nan nan
12 16 0.00 0.001 118 nan nan
12 16 0.00 0.001 119 nan nan
12 16 0.00 0.001 120 nan nan
12 16 0.00 0.001 121 nan nan
12 16 0.00 0.001 122 nan nan
12 16 0.00 0.001 123 nan nan
12 16 0.00 0.001 124 nan nan
12 16 0.00 0.001 125 nan nan
12 16 0.00 0.001 126 nan nan
12 16 0.00 0.001 127 nan nan
12 16 0.00 0.001 128 nan nan
12 16 0.00 0.001 129 nan nan
12 16 0.00 0.001 130 nan nan
12 16 0.00 0.001 131 nan nan
12 16 0.00 0.001 132 nan nan
12 16 0.00 0.001 133 nan nan
12 16 0.00 0.001 134 nan nan
12 16 0.00 0.001 135 nan nan
12 16 0.00 0.001 136 nan nan
12 16 0.00 0.001 137 nan nan
12 16 0.00 0.001 138 nan nan
12 16 0.00 0.001 139 nan nan
12 16 0.00 0.001 140 nan nan
12 16 0.00 0.001 141 nan nan
12 16 0.00 0.001 142 nan nan
12 16 0.00 0.001 143 nan nan
12 16 0.00 0.001 144 nan nan
12 16 0.00 0.001 145 nan nan
12 16 0.00 0.001 146 nan nan
12 16 0.00 0.001 147 nan nan
12 16 0.00 0.001 148 nan nan
12 16 0.00 0.001 149 nan nan
12 16 0.00 0.001 150 nan nan
12 16 0.00 0.001 151 nan nan
12 16 0.00 0.001 152 nan nan
12 16 0.00 0.001 153 nan nan
12 16 0.00 0.001 154 nan nan
12 16 0.00 0.001 155 nan nan
12 16 0.00 0.001 156 nan nan
12 16 0.00 0.001 157 nan nan
12 16 0.00 0.001 158 nan nan
12 16 0.00 0.001 159 nan nan
12 16 0.00 0.001 160 nan nan
12 16 0.00 0.001 161 nan nan
12 16 0.00 0.001 162 nan nan
12 16 0.00 0.001 163 nan nan
12 16 0.00 0.001 164 nan nan
12 16 0.00 0.001 165 nan nan
12 16 0.00 0.001 166 nan nan
12 16 0.00 0.001 167 nan nan
12 16 0.00 0.001 168 nan nan
12 16 0.00 0.001 169 nan nan
12 16 0.00 0.001 170 nan nan
12 16 0.00 0.001 171 nan nan
12 16 0.00 0.001 172 nan nan
12 16 0.00 0.001 173 nan nan
12 16 0.00 0.001 174 nan nan
12 16 0.00 0.001 175 nan nan
12 16 0.00 0.001 176 nan nan
12 16 0.00 0.001 177 nan nan
12 16 0.00 0.001 178 nan nan
12 16 0.00 0.001 179 nan nan
12 16 0.00 0.001 180 nan nan
12 16 0.00 0.001 181 nan nan
12 16 0.00 0.001 182 nan nan
12 16 0.00 0.001 183 nan nan
12 16 0.00 0.001 184 nan nan
12 16 0.00 0.001 185 nan nan
12 16 0.00 0.001 186 nan nan
12 16 0.00 0.001 187 nan nan
12 16 0.00 0.001 188 nan nan
12 16 0.00 0.001 189 nan nan
12 16 0.00 0.001 190 nan nan
12 16 0.00 0.001 191 nan nan
12 16 0.00 0.001 192 nan nan
12 16 0.00 0.001 193 nan nan
12 16 0.00 0.001 194 nan nan
12 16 0.00 0.001 195 nan nan
12 16 0.00 0.001 196 nan nan
12 16 0.00 0.001 197 nan nan
12 16 0.00 0.001 198 nan nan
12 16 0.00 0.001 199 nan nan
12 16 0.00 0.001 200 nan nan
12 16 0.00 0.001 201 nan nan
12 16 0.00 0.001 202 nan nan
12 16 0.00 0.001 203 nan nan
12 16 0.00 0.001 204 nan nan
12 16 0.00 0.001 205 nan nan
12 16 0.00 0.001 206 nan nan
12 16 0.00 0.001 207 nan nan
12 16 0.00 0.001 208 nan nan
12 16 0.00 0.001 209 nan nan
12 16 0.00 0.001 210 nan nan
12 16 0.00 0.001 211 nan nan
12 16 0.00 0.001 212 nan nan
12 16 0.00 0.001 213 nan nan
12 16 0.00 0.001 214 nan nan
12 16 0.00 0.001 215 nan nan
12 16 0.00 0.001 216 nan nan
12 16 0.00 0.001 217 nan nan
12 16 0.00 0.001 218 nan nan
12 16 0.00 0.001 219 nan nan
12 16 0.00 0.001 220 nan nan
12 16 0.00 0.001 221 nan nan
12 16 0.00 0.001 222 nan nan
12 16 0.00 0.001 223 nan nan
12 16 0.00 0.001 224 nan nan
12 16 0.00 0.001 225 nan nan
12 16 0.00 0.001 226 nan nan
12 16 0.00 0.001 227 nan nan
12 16 0.00 0.001 228 nan nan
12 16 0.00 0.001 229 nan nan
12 16 0.00 0.001 230 nan nan
12 16 0.00 0.001 231 nan nan
12 16 0.00 0.001 232 nan nan
12 16 0.00 0.001 233 nan nan
12 16 0.00 0.001 234 nan nan
12 16 0.00 0.001 235 nan nan
12 16 0.00 0.001 236 nan nan
12 16 0.00 0.001 237 nan nan
12 16 0.00 0.001 238 nan nan
12 16 0.00 0.001 239 nan nan
12 16 0.00 0.001 240 nan nan
12 16 0.00 0.001 241 nan nan
12 16 0.00 0.001 242 nan nan
12 16 0.00 0.001 243 nan nan
12 16 0.00 0.001 244 nan nan
12 16 0.00 0.001 245 nan nan
12 16 0.00 0.001 246 nan nan
12 16 0.00 0.001 247 nan nan
12 16 0.00 0.001 248 nan nan
12 16 0.00 0.001 249 nan nan
12 16 0.00 0.001 250 nan nan
12 16 0.00 0.001 251 nan nan
12 16 0.00 0.001 252 nan nan
12 16 0.00 0.001 253 nan nan
12 16 0.00 0.001 254 nan nan
12 16 0.00 0.001 255 nan nan
12 16 0.00 0.001 256 nan nan
12 16 0.00 0.001 257 nan nan
12 16 0.00 0.001 258 nan nan
12 16 0.00 0.001 259 nan nan
12 16 0.00 0.001 260 nan nan
12 16 0.00 0.001 261 nan nan
12 16 0.00 0.001 262 nan nan
12 16 0.00 0.001 263 nan nan
12 16 0.00 0.001 264 nan nan
12 16 0.00 0.001 265 nan nan
12 16 0.00 0.001 266 nan nan
12 16 0.00 0.001 267 nan nan
12 16 0.00 0.001 268 nan nan
12 16 0.00 0.001 269 nan nan
12 16 0.00 0.001 270 nan nan
12 16 0.00 0.001 271 nan nan
12 16 0.00 0.001 272 nan nan
12 16 0.00 0.001 273 nan nan
12 16 0.00 0.001 274 nan nan
12 16 0.00 0.001 275 nan nan
12 16 0.00 0.001 276 nan nan
12 16 0.00 0.001 277 nan nan
12 16 0.00 0.001 278 nan nan
12 16 0.00 0.001 279 nan nan
12 16 0.00 0.001 280 nan nan
12 16 0.00 0.001 281 nan nan
12 16 0.00 0.001 282 nan nan
12 16 0.00 0.001 283 nan nan
12 16 0.00 0.001 284 nan nan
12 16 0.00 0.001 285 nan nan
12 16 0.00 0.001 286 nan nan
12 16 0.00 0.001 287 nan nan
12 16 0.00 0.001 288 nan nan
12 16 0.05 0.001 0 0.000600898142969 0.001966841528721
12 16 0.05 0.001 1 nan nan
12 16 0.05 0.001 2 0.000540511843853 0.001734660520214
12 16 0.05 0.001 3 0.001200141601889 0.002086601981100
12 16 0.05 0.001 4 0.002074973066120 0.001374310241682
12 16 0.05 0.001 5 -0.101685292773892 0.001783677221293
12 16 0.05 0.001 6 -0.118971590167544 0.001740641450840
12 16 0.05 0.001 7 0.002197590015846 0.001165656741106
12 16 0.05 0.001 8 -0.160681835178414 0.001756000616969
12 16 0.05 0.001 9 0.003007204731686 0.001252787940301
12 16 0.05 0.001 10 -0.002561423109801 0.001359146668880
12 16 0.05 0.001 11 nan nan
12 16 0.05 0.001 12 0.001342497487234 0.001740203152419
12 16 0.05 0.001 13 -0.001461172181492 0.001360751945208
12 16 0.05 0.001 14 0.001203534725454 0.001478615427449
12 16 0.05 0.001 15 -0.002296123051686 0.001373405198326
12 16 0.05 0.001 16 -0.020698891017503 0.001679735869854
12 16 0.05 0.001 17 0.001199223165751 0.001338021094869
12 16 0.05 0.001 18 0.001441244992418 0.001526762541982
12 16 0.05 0.001 19 -0.001852019215503 0.001198413891857
12 16 0.05 0.001 20 -0.000310308082035 0.001317419595529
12 16 0.05 0.001 21 -0.047224293270686 0.001576401269381
12 16 0.05 0.001 22 -0.000911325951569 0.001165144608030
12 16 0.05 0.001 23 -0.000575222620015 0.001107022318147
12 16 0.05 0.001 24 -0.009372281121232 0.001358907251325
12 16 0.05 0.001 25 -0.000146576490543 0.001166898286639
12 16 0.05 0.001 26 -0.000360415044822 0.000968013988580
12 16 0.05 0.001 27 -0.008002878211180 0.001337535260115
12 16 0.05 0.001 28 nan nan
12 16 0.05 0.001 29 -0.001073078724954 0.000897390741621
12 16 0.05 0.001 30 -0.000060976455498 0.000868283482193
12 16 0.05 0.001 31 -0.000306892252767 0.000956267934151
12 16 0.05 0.001 32 -0.005885276489157 0.001203531790150
12 16 0.05 0.001 33 0.001066539560662 0.000813572227626
12 16 0.05 0.001 34 nan nan
12 16 0.05 0.001 35 -0.000251878858264 0.000882407502681
12 16 0.05 0.001 36 0.000491649025148 0.001217158272160
12 16 0.05 0.001 37 -0.000134073406207 0.000724457282388
12 16 0.05 0.001 38 nan nan
12 16 0.05 0.001 39 0.000024314448708 0.000775705597069
12 16 0.05 0.001 40 0.000405843630025 0.001044612031071
12 16 0.05 0.001 41 -0.000589336383293 0.001013190982034
12 16 0.05 0.001 42 0.000390841024797 0.000912194375335
12 16 0.05 0.001 43 -0.001333415160329 0.000987816099723
12 16 0.05 0.001 44 -0.000301247156943 0.001192180540485
12 16 0.05 0.001 45 0.000267174578713 0.001136580392389
12 16 0.05 0.001 46 0.000011400571218 0.001008015073614
12 16 0.05 0.001 47 -0.000443825994182 0.001077039391893
12 16 0.05 0.001 48 -0.000891664971534 0.001138470656716
12 16 0.05 0.001 49 -0.001564739977747 0.001254166781913
12 16 0.05 0.001 50 0.036418343788328 0.001576076991817
12 16 0.05 0.001 51 -0.000826268452367 0.001250963837943
12 16 0.05 0.001 52 nan nan
12 16 0.05 0.001 53 nan nan
12 16 0.05 0.001 54 -0.001143750714222 0.001134269795035
12 16 0.05 0.001 55 -0.000343490463725 0.001373787618924
12 16 0.05 0.001 56 0.001219118959039 0.001495308943941
12 16 0.05 0.001 57 -0.000087274528192 0.001163324425023
12 16 0.05 0.001 58 -0.001725524150270 0.001349672397094
12 16 0.05 0.001 59 -0.000322474067927 0.001590831235353
12 16 0.05 0.001 60 0.000001768217080 0.001684128459435
12 16 0.05 0.001 61 0.002365329978365 0.001463482516918
12 16 0.05 0.001 62 -0.002007941809065 0.001750028588684
12 16 0.05 0.001 63 -0.001509358701455 0.001651242250250
12 16 0.05 0.001 64 -0.001563881026009 0.001728744416795
12 16 0.05 0.001 65 -0.001014455081537 0.001689342809427
12 16 0.05 0.001 66 0.000135011887682 0.001857704165555
12 16 0.05 0.001 67 -0.001570657392304 0.001760058692444
12 16 0.05 0.001 68 -0.003893197633445 0.001627451073739
12 16 0.05 0.001 69 -0.000492476854991 0.001778214160792
12 16 0.05 0.001 70 -0.000399352946186 0.001700318157534
12 16 0.05 0.001 71 0.068586345997283 0.002033026004278
12 16 0.05 0.001 72 -0.003685170768249 0.001530932716756
12 16 0.05 0.001 73 nan nan
12 16 0.05 0.001 74 nan nan
12 16 0.05 0.001 75 nan nan
12 16 0.05 0.001 76 nan nan
12 16 0.05 0.001 77 nan nan
12 16 0.05 0.001 78 nan nan
12 16 0.05 0.001 79 nan nan
12 16 0.05 0.001 80 nan nan
12 16 0.05 0.001 81 nan nan
12 16 0.05 0.001 82 nan nan
12 16 0.05 0.001 83 nan nan
12 16 0.05 0.001 84 nan nan
12 16 0.05 0.001 85 nan nan
12 16 0.05 0.001 86 nan nan
12 16 0.05 0.001 87 nan nan
12 16 0.05 0.001 88 nan nan
12 16 0.05 0.001 89 nan nan
12 16 0.05 0.001 90 nan nan
12 16 0.05 0.001 91 nan nan
12 16 0.05 0.001 92 nan nan
12 16 0.05 0.001 93 nan nan
12 16 0.05 0.001 94 nan nan
12 16 0.05 0.001 95 nan nan
12 16 0.05 0.001 96 nan nan
12 16 0.05 0.001 97 nan nan
12 16 0.05 0.001 98 nan nan
12 16 0.05 0.001 99 nan nan
12 16 0.05 0.001 100 nan nan
12 16 0.05 0.001 101 nan nan
12 16 0.05 0.001 102 nan nan
12 16 0.05 0.001 103 nan nan
12 16 0.05 0.001 104 nan nan
12 16 0.05 0.001 105 nan nan
12 16 0.05 0.001 106 nan nan
12 16 0.05 0.001 107 nan nan
12 16 0.05 0.001 108 nan nan
12 16 0.05 0.001 109 nan nan
12 16 0.05 0.001 110 nan nan
12 16 0.05 0.001 111 nan nan
12 16 0.05 0.001 112 nan nan
12 16 0.05 0.001 113 nan nan
12 16 0.05 0.001 114 nan nan
12 16 0.05 0.001 115 nan nan
12 16 0.05 0.001 116 nan nan
12 16 0.05 0.001 117 nan nan
12 16 0.05 0.001 118 nan nan
12 16 0.05 0.001 119 nan nan
12 16 0.05 0.001 120 nan nan
12 16 0.05 0.001 121 nan nan
12 16 0.05 0.001 122 nan nan
12 16 0.05 0.001 123 nan nan
12 16 0.05 0.001 124 nan nan
12 16 0.05 0.001 125 nan nan
12 16 0.05 0.001 126 nan nan
12 16 0.05 0.001 127 nan nan
12 16 0.05 0.001 128 nan nan
12 16 0.05 0.001 129 nan nan
12 16 0.05 0.001 130 nan nan
12 16 0.05 0.001 131 nan nan
12 16 0.05 0.001 132 nan nan
12 16 0.05 0.001 133 nan nan
12 16 0.05 0.001 134 nan nan
12 16 0.05 0.001 135 nan nan
12 16 0.05 0.001 136 nan nan
12 16 0.05 0.001 137 nan nan
12 16 0.05 0.001 138 nan nan
12 16 0.05 0.001 139 nan nan
12 16 0.05 0.001 140 nan nan
12 16 0.05 0.001 141 nan nan
12 16 0.05 0.001 142 nan nan
12 16 0.05 0.001 143 nan nan
12 16 0.05 0.001 144 nan nan
12 16 0.05 0.001 145 nan nan
12 16 0.05 0.001 146 nan nan
12 16 0.05 0.001 147 nan nan
12 16 0.05 0.001 148 nan nan
12 16 0.05 0.001 149 nan nan
12 16 0.05 0.001 150 nan nan
12 16 0.05 0.001 151 nan nan
12 16 0.05 0.001 152 nan nan
12 16 0.05 0.001 153 nan nan
12 16 0.05 0.001 154 nan nan
12 16 0.05 0.001 155 nan nan
12 16 0.05 0.001 156 nan nan
12 16 0.05 0.001 157 nan nan
12 16 0.05 0.001 158 nan nan
12 16 0.05 0.001 159 nan nan
12 16 0.05 0.001 160 nan nan
12 16 0.05 0.001 161 nan nan
12 16 0.05 0.001 162 nan nan
12 16 0.05 0.001 163 nan nan
12 16 0.05 0.001 164 nan nan
12 16 0.05 0.001 165 nan nan
12 16 0.05 0.001 166 nan nan
12 16 0.05 0.001 167 nan nan
12 16 0.05 0.001 168 nan nan
12 16 0.05 0.001 169 nan nan
12 16 0.05 0.001 170 nan nan
12 16 0.05 0.001 171 nan nan
12 16 0.05 0.001 172 nan nan
12 16 0.05 0.001 173 nan nan
12 16 0.05 0.001 174 nan nan
12 16 0.05 0.001 175 nan nan
12 16 0.05 0.001 176 nan nan
12 16 0.05 0.001 177 nan nan
12 16 0.05 0.001 178 nan nan
12 16 0.05 0.001 179 nan nan
12 16 0.05 0.001 180 nan nan
12 16 0.05 0.001 181 nan nan
12 16 0.05 0.001 182 nan nan
12 16 0.05 0.001 183 nan nan
12 16 0.05 0.001 184 nan nan
12 16 0.05 0.001 185 nan nan
12 16 0.05 0.001 186 nan nan
12 16 0.05 0.001 187 nan nan
12 16 0.05 0.001 188 nan nan
12 16 0.05 0.001 189 nan nan
12 16 0.05 0.001 190 nan nan
12 16 0.05 0.001 191 nan nan
12 16 0.05 0.001 192 nan nan
12 16 0.05 0.001 193 nan nan
12 16 0.05 0.001 194 nan nan
12 16 0.05 0.001 195 nan nan
12 16 0.05 0.001 196 nan nan
12 16 0.05 0.001 197 nan nan
12 16 0.05 0.001 198 nan nan
12 16 0.05 0.001 199 nan nan
12 16 0.05 0.001 200 nan nan
12 16 0.05 0.001 201 nan nan
12 16 0.05 0.001 202 nan nan
12 16 0.05 0.001 203 nan nan
12 16 0.05 0.001 204 nan nan
12 16 0.05 0.001 205 nan nan
12 16 0.05 0.001 206 nan nan
12 16 0.05 0.001 207 nan nan
12 16 0.05 0.001 208 nan nan
12 16 0.05 0.001 209 nan nan
12 16 0.05 0.001 210 nan nan
12 16 0.05 0.001 211 nan nan
12 16 0.05 0.001 212 nan nan
12 16 0.05 0.001 213 nan nan
12 16 0.05 0.001 214 nan nan
12 16 0.05 0.001 215 nan nan
12 16 0.05 0.001 216 nan nan
12 16 0.05 0.001 217 nan nan
12 16 0.05 0.001 218 nan nan
12 16 0.05 0.001 219 nan nan
12 16 0.05 0.001 220 nan nan
12 16 0.05 0.001 221 nan nan
12 16 0.05 0.001 222 nan nan
12 16 0.05 0.001 223 nan nan
12 16 0.05 0.001 224 nan nan
12 16 0.05 0.001 225 nan nan
12 16 0.05 0.001 226 nan nan
12 16 0.05 0.001 227 nan nan
12 16 0.05 0.001 228 nan nan
12 16 0.05 0.001 229 nan nan
12 16 0.05 0.001 230 nan nan
12 16 0.05 0.001 231 nan nan
12 16 0.05 0.001 232 nan nan
12 16 0.05 0.001 233 nan nan
12 16 0.05 0.001 234 nan nan
12 16 0.05 0.001 235 nan nan
12 16 0.05 0.001 236 nan nan
12 16 0.05 0.001 237 nan nan
12 16 0.05 0.001 238 nan nan
12 16 0.05 0.001 239 nan nan
12 16 0.05 0.001 240 nan nan
12 16 0.05 0.001 241 nan nan
12 16 0.05 0.001 242 nan nan
12 16 0.05 0.001 243 nan nan
12 16 0.05 0.001 244 nan nan
12 16 0.05 0.001 245 nan nan
12 16 0.05 0.001 246 nan nan
12 16 0.05 0.001 247 nan nan
12 16 0.05 0.001 248 nan nan
12 16 0.05 0.001 249 nan nan
12 16 0.05 0.001 250 nan nan
12 16 0.05 0.001 251 nan nan
12 16 0.05 0.001 252 nan nan
12 16 0.05 0.001 253 nan nan
12 16 0.05 0.001 254 nan nan
12 16 0.05 0.001 255 nan nan
12 16 0.05 0.001 256 nan nan
12 16 0.05 0.001 257 nan nan
12 16 0.05 0.001 258 nan nan
12 16 0.05 0.001 259 nan nan
12 16 0.05 0.001 260 nan nan
12 16 0.05 0.001 261 nan nan
12 16 0.05 0.001 262 nan nan
12 16 0.05 0.001 263 nan nan
12 16 0.05 0.001 264 nan nan
12 16 0.05 0.001 265 nan nan
12 16 0.05 0.001 266 nan nan
12 16 0.05 0.001 267 nan nan
12 16 0.05 0.001 268 nan nan
12 16 0.05 0.001 269 nan nan
12 16 0.05 0.001 270 nan nan
12 16 0.05 0.001 271 nan nan
12 16 0.05 0.001 272 nan nan
12 16 0.05 0.001 273 nan nan
12 16 0.05 0.001 274 nan nan
12 16 0.05 0.001 275 nan nan
12 16 0.05 0.001 276 nan nan
12 16 0.05 0.001 277 nan nan
12 16 0.05 0.001 278 nan nan
12 16 0.05 0.001 279 nan nan
12 16 0.05 0.001 280 nan nan
12 16 0.05 0.001 281 nan nan
12 16 0.05 0.001 282 nan nan
12 16 0.05 0.001 283 nan nan
12 16 0.05 0.001 284 nan nan
12 16 0.05 0.001 285 nan nan
12 16 0.05 0.001 286 nan nan
12 16 0.05 0.001 287 nan nan
12 16 0.05 0.001 288 nan nan
12 16 0.10 0.001 0 0.003835982653542 0.002873935985186
12 16 0.10 0.001 1 0.000091760844500 0.002098536603512
12 16 0.10 0.001 2 0.002715326519728 0.002342088250855
12 16 0.10 0.001 3 -0.002865652540441 0.002128490214872
12 16 0.10 0.001 4 0.001989173822998 0.001638144456705
12 16 0.10 0.001 5 0.002393259342837 0.001816429898160
12 16 0.10 0.001 6 0.000317859871430 0.001727484139933
12 16 0.10 0.001 7 -0.333179125467467 0.002005896155316
12 16 0.10 0.001 8 0.002588752384785 0.001587285040918
12 16 0.10 0.001 9 0.002863427503944 0.001433560199228
12 16 0.10 0.001 10 0.001693089349002 0.001598482506294
12 16 0.10 0.001 11 0.003761440399986 0.001729793989849
12 16 0.10 0.001 12 0.001162664788363 0.002001855345113
12 16 0.10 0.001 13 0.000967892736786 0.001813916121888
12 16 0.10 0.001 14 -0.003470805784762 0.001567050015898
12 16 0.10 0.001 15 0.000788632061497 0.001777571214973
12 16 0.10 0.001 16 0.000347028436055 0.001598670858110
12 16 0.10 0.001 17 -0.002364235269737 0.001500523919107
12 16 0.10 0.001 18 0.002473654392920 0.001325634451056
12 16 0.10 0.001 19 -0.000478992160515 0.001478023828756
12 16 0.10 0.001 20 0.002470676352601 0.001142106889158
12 16 0.10 0.001 21 -0.000479384226355 0.001498644407956
12 16 0.10 0.001 22 -0.000648934447617 0.001544784724506
12 16 0.10 0.001 23 -0.000639944058599 0.001391676694447
12 16 0.10 0.001 24 -0.000436795579538 0.001315336646389
12 16 0.10 0.001 25 -0.000123421113735 0.001222606005519
12 16 0.10 0.001 26 nan nan
12 16 0.10 0.001 27 -0.001021767811410 0.001024599626812
12 16 0.10 0.001 28 -0.000446363511161 0.001023123046376
12 16 0.10 0.001 29 -0.000026049597438 0.000928782665552
12 16 0.10 0.001 30 -0.000079057154267 0.000923310075142
12 16 0.10 0.001 31 -0.000401363073444 0.001010418723558
12 16 0.10 0.001 32 -0.000111182299228 0.000927707473036
12 16 0.10 0.001 33 -0.000562151563168 0.000885102077150
12 16 0.10 0.001 34 nan nan
12 16 0.10 0.001 35 -0.000335853906635 0.000911214021700
12 16 0.10 0.001 36 -0.000223538607002 0.000808206084946
12 16 0.10 0.001 37 -0.000323929854766 0.000803725941464
12 16 0.10 0.001 38 -0.000710087045264 0.000747266881588
12 16 0.10 0.001 39 0.000115568962542 0.000824675902149
12 16 0.10 0.001 40 -0.000072491558116 0.000872834003100
12 16 0.10 0.001 41 0.001432455570271 0.001020986187598
12 16 0.10 0.001 42 0.000658099606936 0.000855362848107
12 16 0.10 0.001 43 0.000503038121479 0.000979539307524
12 16 0.10 0.001 44 -0.000927034263179 0.000996130829258
12 16 0.10 0.001 45 0.000223100378838 0.001244767088805
12 16 0.10 0.001 46 nan nan
12 16 0.10 0.001 47 -0.000155221870288 0.001347422988539
12 16 0.10 0.001 48 -0.000833697841556 0.001223198062292
12 16 0.10 0.001 49 -0.001200061976177 0.001302795148153
12 16 0.10 0.001 50 -0.001162858754218 0.001370041574111
12 16 0.10 0.001 51 -0.001022250146516 0.001354319590906
12 16 0.10 0.001 52 0.000904325734573 0.001228324370286
12 16 0.10 0.001 53 0.001014781459369 0.001315199492657
12 16 0.10 0.001 54 -0.000852978768479 0.001401655146001
12 16 0.10 0.001 55 0.000092923775943 0.001738732501222
12 16 0.10 0.001 56 -0.002056141967295 0.001427091632086
12 16 0.10 0.001 57 0.000171406473717 0.001330646734153
12 16 0.10 0.001 58 -0.001672842511520 0.001492209125745
12 16 0.10 0.001 59 0.001554916346565 0.001836371961257
12 16 0.10 0.001 60 0.001779777424210 0.002100895585638
12 16 0.10 0.001 61 0.162747279810730 0.001977450635244
12 16 0.10 0.001 62 0.000910544286501 0.002047439222777
12 16 0.10 0.001 63 -0.001236804123544 0.001919137830623
12 16 0.10 0.001 64 -0.001018483489823 0.002035221341355
12 16 0.10 0.001 65 -0.002281735514814 0.002023304464853
12 16 0.10 0.001 66 0.000858567285114 0.002167100551605
12 16 0.10 0.001 67 0.191789846814273 0.001662082963951
12 16 0.10 0.001 68 -0.000125575326758 0.002188599228153
12 16 0.10 0.001 69 -0.000187652307927 0.002069028526172
12 16 0.10 0.001 70 0.000750836419771 0.001935397470101
12 16 0.10 0.001 71 0.001440887155526 0.001780491967985
12 16 0.10 0.001 72 0.000300581328801 0.002394424939397
12 16 0.10 0.001 73 nan nan
12 16 0.10 0.001 74 nan nan
12 16 0.10 0.001 75 nan nan
12 16 0.10 0.001 76 nan nan
12 16 0.10 0.001 77 nan nan
12 16 0.10 0.001 78 nan nan
12 16 0.10 0.001 79 nan nan
12 16 0.10 0.001 80 nan nan
12 16 0.10 0.001 81 nan nan
12 16 0.10 0.001 82 nan nan
12 16 0.10 0.001 83 nan nan
12 16 0.10 0.001 84 nan nan
12 16 0.10 0.001 85 nan nan
12 16 0.10 0.001 86 nan nan
12 16 0.10 0.001 87 nan nan
12 16 0.10 0.001 88 nan nan
12 16 0.10 0.001 89 nan nan
12 16 0.10 0.001 90 nan nan
12 16 0.10 0.001 91 nan nan
12 16 0.10 0.001 92 nan nan
12 16 0.10 0.001 93 nan nan
12 16 0.10 0.001 94 nan nan
12 16 0.10 0.001 95 nan nan
12 16 0.10 0.001 96 nan nan
12 16 0.10 0.001 97 nan nan
12 16 0.10 0.001 98 nan nan
12 16 0.10 0.001 99 nan nan
12 16 0.10 0.001 100 nan nan
12 16 0.10 0.001 101 nan nan
12 16 0.10 0.001 102 nan nan
12 16 0.10 0.001 103 nan nan
12 16 0.10 0.001 104 nan nan
12 16 0.10 0.001 105 nan nan
12 16 0.10 0.001 106 nan nan
12 16 0.10 0.001 107 nan nan
12 16 0.10 0.001 108 nan nan
12 16 0.10 0.001 109 nan nan
12 16 0.10 0.001 110 nan nan
12 16 0.10 0.001 111 nan nan
12 16 0.10 0.001 112 nan nan
12 16 0.10 0.001 113 nan nan
12 16 0.10 0.001 114 nan nan
12 16 0.10 0.001 115 nan nan
12 16 0.10 0.001 116 nan nan
12 16 0.10 0.001 117 nan nan
12 16 0.10 0.001 118 nan nan
12 16 0.10 0.001 119 nan nan
12 16 0.10 0.001 120 nan nan
12 16 0.10 0.001 121 nan nan
12 16 0.10 0.001 122 nan nan
12 16 0.10 0.001 123 nan nan
12 16 0.10 0.001 124 nan nan
12 16 0.10 0.001 125 nan nan
12 16 0.10 0.001 126 nan nan
12 16 0.10 0.001 127 nan nan
12 16 0.10 0.001 128 nan nan
12 16 0.10 0.001 129 nan nan
12 16 0.10 0.001 130 nan nan
12 16 0.10 0.001 131 nan nan
12 16 0.10 0.001 132 nan nan
12 16 0.10 0.001 133 nan nan
12 16 0.10 0.001 134 nan nan
12 16 0.10 0.001 135 nan nan
12 16 0.10 0.001 136 nan nan
12 16 0.10 0.001 137 nan nan
12 16 0.10 0.001 138 nan nan
12 16 0.10 0.001 139 nan nan
12 16 0.10 0.001 140 nan nan
12 16 0.10 0.001 141 nan nan
12 16 0.10 0.001 142 nan nan
12 16 0.10 0.001 143 nan nan
12 16 0.10 0.001 144 nan nan
12 16 0.10 0.001 145 nan nan
12 16 0.10 0.001 146 nan nan
12 16 0.10 0.001 147 nan nan
12 16 0.10 0.001 148 nan nan
12 16 0.10 0.001 149 nan nan
12 16 0.10 0.001 150 nan nan
12 16 0.10 0.001 151 nan nan
12 16 0.10 0.001 152 nan nan
12 16 0.10 0.001 153 nan nan
12 16 0.10 0.001 154 nan nan
12 16 0.10 0.001 155 nan nan
12 16 0.10 0.001 156 nan nan
12 16 0.10 0.001 157 nan nan
12 16 0.10 0.001 158 nan nan
12 16 0.10 0.001 159 nan nan
12 16 0.10 0.001 160 nan nan
12 16 0.10 0.001 161 nan nan
12 16 0.10 0.001 162 nan nan
12 16 0.10 0.001 163 nan nan
12 16 0.10 0.001 164 nan nan
12 16 0.10 0.001 165 nan nan
12 16 0.10 0.001 166 nan nan
12 16 0.10 0.001 167 nan nan
12 16 0.10 0.001 168 nan nan
12 16 0.10 0.001 169 nan nan
12 16 0.10 0.001 170 nan nan
12 16 0.10 0.001 171 nan nan
12 16 0.10 0.001 172 nan nan
12 16 0.10 0.001 173 nan nan
12 16 0.10 0.001 174 nan nan
12 16 0.10 0.001 175 nan nan
12 16 0.10 0.001 176 nan nan
12 16 0.10 0.001 177 nan nan
12 16 0.10 0.001 178 nan nan
12 16 0.10 0.001 179 nan nan
12 16 0.10 0.001 180 nan nan
12 16 0.10 0.001 181 nan nan
12 16 0.10 0.001 182 nan nan
12 16 0.10 0.001 183 nan nan
12 16 0.10 0.001 184 nan nan
12 16 0.10 0.001 185 nan nan
12 16 0.10 0.001 186 nan nan
12 16 0.10 0.001 187 nan nan
12 16 0.10 0.001 188 nan nan
12 16 0.10 0.001 189 nan nan
12 16 0.10 0.001 190 nan nan
12 16 0.10 0.001 191 nan nan
12 16 0.10 0.001 192 nan nan
12 16 0.10 0.001 193 nan nan
12 16 0.10 0.001 194 nan nan
12 16 0.10 0.001 195 nan nan
12 16 0.10 0.001 196 nan nan
12 16 0.10 0.001 197 nan nan
12 16 0.10 0.001 198 nan nan
12 16 0.10 0.001 199 nan nan
12 16 0.10 0.001 200 nan nan
12 16 0.10 0.001 201 nan nan
12 16 0.10 0.001 202 nan nan
12 16 0.10 0.001 203 nan nan
12 16 0.10 0.001 204 nan nan
12 16 0.10 0.001 205 nan nan
12 16 0.10 0.001 206 nan nan
12 16 0.10 0.001 207 nan nan
12 16 0.10 0.001 208 nan nan
12 16 0.10 0.001 209 nan nan
12 16 0.10 0.001 210 nan nan
12 16 0.10 0.001 211 nan nan
12 16 0.10 0.001 212 nan nan
12 16 0.10 0.001 213 nan nan
12 16 0.10 0.001 214 nan nan
12 16 0.10 0.001 215 nan nan
12 16 0.10 0.001 216 nan nan
12 16 0.10 0.001 217 nan nan
12 16 0.10 0.001 218 nan nan
12 16 0.10 0.001 219 nan nan
12 16 0.10 0.001 220 nan nan
12 16 0.10 0.001 221 nan nan
12 16 0.10 0.001 222 nan nan
12 16 0.10 0.001 223 nan nan
12 16 0.10 0.001 224 nan nan
12 16 0.10 0.001 225 nan nan
12 16 0.10 0.001 226 nan nan
12 16 0.10 0.001 227 nan nan
12 16 0.10 0.001 228 nan nan
12 16 0.10 0.001 229 nan nan
12 16 0.10 0.001 230 nan nan
12 16 0.10 0.001 231 nan nan
12 16 0.10 0.001 232 nan nan
12 16 0.10 0.001 233 nan nan
12 16 0.10 0.001 234 nan nan
12 16 0.10 0.001 235 nan nan
12 16 0.10 0.001 236 nan nan
12 16 0.10 0.001 237 nan nan
12 16 0.10 0.001 238 nan nan
12 16 0.10 0.001 239 nan nan
12 16 0.10 0.001 240 nan nan
12 16 0.10 0.001 241 nan nan
12 16 0.10 0.001 242 nan nan
12 16 0.10 0.001 243 nan nan
12 16 0.10 0.001 244 nan nan
12 16 0.10 0.001 245 nan nan
12 16 0.10 0.001 246 nan nan
12 16 0.10 0.001 247 nan nan
12 16 0.10 0.001 248 nan nan
12 16 0.10 0.001 249 nan nan
12 16 0.10 0.001 250 nan nan
12 16 0.10 0.001 251 nan nan
12 16 0.10 0.001 252 nan nan
12 16 0.10 0.001 253 nan nan
12 16 0.10 0.001 254 nan nan
12 16 0.10 0.001 255 nan nan
12 16 0.10 0.001 256 nan nan
12 16 0.10 0.001 257 nan nan
12 16 0.10 0.001 258 nan nan
12 16 0.10 0.001 259 nan nan
12 16 0.10 0.001 260 nan nan
12 16 0.10 0.001 261 nan nan
12 16 0.10 0.001 262 nan nan
12 16 0.10 0.001 263 nan nan
12 16 0.10 0.001 264 nan nan
12 16 0.10 0.001 265 nan nan
12 16 0.10 0.001 266 nan nan
12 16 0.10 0.001 267 nan nan
12 16 0.10 0.001 268 nan nan
12 16 0.10 0.001 269 nan nan
12 16 0.10 0.001 270 nan nan
12 16 0.10 0.001 271 nan nan
12 16 0.10 0.001 272 nan nan
12 16 0.10 0.001 273 nan nan
12 16 0.10 0.001 274 nan nan
12 16 0.10 0.001 275 nan nan
12 16 0.10 0.001 276 nan nan
12 16 0.10 0.001 277 nan nan
12 16 0.10 0.001 278 nan nan
12 16 0.10 0.001 279 nan nan
12 16 0.10 0.001 280 nan nan
12 16 0.10 0.001 281 nan nan
12 16 0.10 0.001 282 nan nan
12 16 0.10 0.001 283 nan nan
12 16 0.10 0.001 284 nan nan
12 16 0.10 0.001 285 nan nan
12 16 0.10 0.001 286 nan nan
12 16 0.10 0.001 287 nan nan
12 16 0.10 0.001 288 nan nan
12 16 0.15 0.001 0 0.001888618327729 0.003625942940317
12 16 0.15 0.001 1 0.000140697421068 0.003274932962403
12 16 0.15 0.001 2 0.000499159710088 0.003181444482138
12 16 0.15 0.001 3 0.003162737196139 0.004102027134480
12 16 0.15 0.001 4 0.002426450768935 0.002842926648877
12 16 0.15 0.001 5 -0.001005727605906 0.003952241346366
12 16 0.15 0.001 6 -0.001263947820168 0.003024894967981
12 16 0.15 0.001 7 -0.002995685417421 0.003044918177899
12 16 0.15 0.001 8 0.002966548631615 0.002731312231528
12 16 0.15 0.001 9 -0.005230908390443 0.002609024398810
12 16 0.15 0.001 10 0.001183661963078 0.002632389949795
12 16 0.15 0.001 11 0.002228678643206 0.002715276694351
12 16 0.15 0.001 12 0.000891074042908 0.003168654707684
12 16 0.15 0.001 13 -0.003951825783219 0.002169681527089
12 16 0.15 0.001 14 -0.000896777825670 0.002507684840768
12 16 0.15 0.001 15 0.000950742711488 0.002741818376521
12 16 0.15 0.001 16 0.000622224270296 0.002522673559855
12 16 0.15 0.001 17 -0.000557533678573 0.002488193435569
12 16 0.15 0.001 18 -0.003675591067407 0.002457543906531
12 16 0.15 0.001 19 -0.000145898096515 0.002166383632138
12 16 0.15 0.001 20 0.002896905547146 0.001583107383849
12 16 0.15 0.001 21 -0.002842151647762 0.001907343051783
12 16 0.15 0.001 22 0.001227098547874 0.001834942076699
12 16 0.15 0.001 23 -0.081430746790271 0.002497622025365
12 16 0.15 0.001 24 -0.001345868090289 0.001926154413629
12 16 0.15 0.001 25 -0.123047025069203 0.001994690998256
12 16 0.15 0.001 26 -0.136259546056635 0.002223521128558
12 16 0.15 0.001 27 -0.001599814149568 0.001374280664171
12 16 0.15 0.001 28 -0.001060977299502 0.001406758705903
12 16 0.15 0.001 29 -0.001888859131168 0.001217242263431
12 16 0.15 0.001 30 0.000617693132458 0.001229896341161
12 16 0.15 0.001 31 -0.019809761334317 0.001493909797733
12 16 0.15 0.001 32 0.000051895974041 0.000930561746368
12 16 0.15 0.001 33 0.001662435530351 0.000886222844886
12 16 0.15 0.001 34 -0.000698208176298 0.000997838441293
12 16 0.15 0.001 35 -0.000652178972181 0.001085345816894
12 16 0.15 0.001 36 nan nan
12 16 0.15 0.001 37 0.000194597865436 0.001006726041839
12 16 0.15 0.001 38 0.000314770304569 0.001088267098668
12 16 0.15 0.001 39 0.000428836826379 0.001038091127083
12 16 0.15 0.001 40 0.000184943820021 0.001128912583587
12 16 0.15 0.001 41 nan nan
12 16 0.15 0.001 42 0.000608990766544 0.001283096481045
12 16 0.15 0.001 43 0.022971349830713 0.001921818808308
12 16 0.15 0.001 44 0.001095936288871 0.001250110880867
12 16 0.15 0.001 45 0.000016481984337 0.001210955949485
12 16 0.15 0.001 46 -0.000231310616090 0.001390922793120
12 16 0.15 0.001 47 -0.001207812520926 0.001665781025255
12 16 0.15 0.001 48 -0.001940667017483 0.001872805506197
12 16 0.15 0.001 49 -0.001026328223999 0.001923690827955
12 16 0.15 0.001 50 nan nan
12 16 0.15 0.001 51 0.002675258632663 0.001912873840699
12 16 0.15 0.001 52 -0.001638284593471 0.002328430628039
12 16 0.15 0.001 53 -0.002734116959140 0.001945957994164
12 16 0.15 0.001 54 -0.001383849228508 0.001979696055585
12 16 0.15 0.001 55 -0.033517062833749 0.002709318520836
12 16 0.15 0.001 56 0.002376246316237 0.002495550813875
12 16 0.15 0.001 57 0.112866056455736 0.002109621864539
12 16 0.15 0.001 58 0.003353502602525 0.002665775608363
12 16 0.15 0.001 59 -0.001056636529381 0.002293832461220
12 16 0.15 0.001 60 nan nan
12 16 0.15 0.001 61 0.272605448657639 0.002868522068636
12 16 0.15 0.001 62 -0.002992377228623 0.002775677168746
12 16 0.15 0.001 63 -0.000735650999035 0.002220961872431
12 16 0.15 0.001 64 0.000345528547468 0.003209054549857
12 16 0.15 0.001 65 nan nan
12 16 0.15 0.001 66 -0.000946759504542 0.002928033504131
12 16 0.15 0.001 67 -0.001024653329141 0.003448625505137
12 16 0.15 0.001 68 -0.005854982614898 0.002866610960965
12 16 0.15 0.001 69 0.000219675390001 0.003349185306673
12 16 0.15 0.001 70 0.734336729464661 0.004573247018032
12 16 0.15 0.001 71 0.000046513472207 0.003647284012673
12 16 0.15 0.001 72 -0.001702497105676 0.003622182642779
12 16 0.15 0.001 73 nan nan
12 16 0.15 0.001 74 nan nan
12 16 0.15 0.001 75 nan nan
12 16 0.15 0.001 76 nan nan
12 16 0.15 0.001 77 nan nan
12 16 0.15 0.001 78 nan nan
12 16 0.15 0.001 79 nan nan
12 16 0.15 0.001 80 nan nan
12 16 0.15 0.001 81 nan nan
12 16 0.15 0.001 82 nan nan
12 16 0.15 0.001 83 nan nan
12 16 0.15 0.001 84 nan nan
12 16 0.15 0.001 85 nan nan
12 16 0.15 0.001 86 nan nan
12 16 0.15 0.001 87 nan nan
12 16 0.15 0.001 88 nan nan
12 16 0.15 0.001 89 nan nan
12 16 0.15 0.001 90 nan nan
12 16 0.15 0.001 91 nan nan
12 16 0.15 0.001 92 nan nan
12 16 0.15 0.001 93 nan nan
12 16 0.15 0.001 94 nan nan
12 16 0.15 0.001 95 nan nan
12 16 0.15 0.001 96 nan nan
12 16 0.15 0.001 97 nan nan
12 16 0.15 0.001 98 nan nan
12 16 0.15 0.001 99 nan nan
12 16 0.15 0.001 100 nan nan
12 16 0.15 0.001 101 nan nan
12 16 0.15 0.001 102 nan nan
12 16 0.15 0.001 103 nan nan
12 16 0.15 0.001 104 nan nan
12 16 0.15 0.001 105 nan nan
12 16 0.15 0.001 106 nan nan
12 16 0.15 0.001 107 nan nan
12 16 0.15 0.001 108 nan nan
12 16 0.15 0.001 109 nan nan
12 16 0.15 0.001 110 nan nan
12 16 0.15 0.001 111 nan nan
12 16 0.15 0.001 112 nan nan
12 16 0.15 0.001 113 nan nan
12 16 0.15 0.001 114 nan nan
12 16 0.15 0.001 115 nan nan
12 16 0.15 0.001 116 nan nan
12 16 0.15 0.001 117 nan nan
12 16 0.15 0.001 118 nan nan
12 16 0.15 0.001 119 nan nan
12 16 0.15 0.001 120 nan nan
12 16 0.15 0.001 121 nan nan
12 16 0.15 0.001 122 nan nan
12 16 0.15 0.001 123 nan nan
12 16 0.15 0.001 124 nan nan
12 16 0.15 0.001 125 nan nan
12 16 0.15 0.001 126 nan nan
12 16 0.15 0.001 127 nan nan
12 16 0.15 0.001 128 nan nan
12 16 0.15 0.001 129 nan nan
12 16 0.15 0.001 130 nan nan
12 16 0.15 0.001 131 nan nan
12 16 0.15 0.001 132 nan nan
12 16 0.15 0.001 133 nan nan
12 16 0.15 0.001 134 nan nan
12 16 0.15 0.001 135 nan nan
12 16 0.15 0.001 136 nan nan
12 16 0.15 0.001 137 nan nan
12 16 0.15 0.001 138 nan nan
12 16 0.15 0.001 139 nan nan
12 16 0.15 0.001 140 nan nan
12 16 0.15 0.001 141 nan nan
12 16 0.15 0.001 142 nan nan
12 16 0.15 0.001 143 nan nan
12 16 0.15 0.001 144 nan nan
12 16 0.15 0.001 145 nan nan
12 16 0.15 0.001 146 nan nan
12 16 0.15 0.001 147 nan nan
12 16 0.15 0.001 148 nan nan
12 16 0.15 0.001 149 nan nan
12 16 0.15 0.001 150 nan nan
12 16 0.15 0.001 151 nan nan
12 16 0.15 0.001 152 nan nan
12 16 0.15 0.001 153 nan nan
12 16 0.15 0.001 154 nan nan
12 16 0.15 0.001 155 nan nan
12 16 0.15 0.001 156 nan nan
12 16 0.15 0.001 157 nan nan
12 16 0.15 0.001 158 nan nan
12 16 0.15 0.001 159 nan nan
12 16 0.15 0.001 160 nan nan
12 16 0.15 0.001 161 nan nan
12 16 0.15 0.001 162 nan nan
12 16 0.15 0.001 163 nan nan
12 16 0.15 0.001 164 nan nan
12 16 0.15 0.001 165 nan nan
12 16 0.15 0.001 166 nan nan
12 16 0.15 0.001 167 nan nan
12 16 0.15 0.001 168 nan nan
12 16 0.15 0.001 169 nan nan
12 16 0.15 0.001 170 nan nan
12 16 0.15 0.001 171 nan nan
12 16 0.15 0.001 172 nan nan
12 16 0.15 0.001 173 nan nan
12 16 0.15 0.001 174 nan nan
12 16 0.15 0.001 175 nan nan
12 16 0.15 0.001 176 nan nan
12 16 0.15 0.001 177 nan nan
12 16 0.15 0.001 178 nan nan
12 16 0.15 0.001 179 nan nan
12 16 0.15 0.001 180 nan nan
12 16 0.15 0.001 181 nan nan
12 16 0.15 0.001 182 nan nan
12 16 0.15 0.001 183 nan nan
12 16 0.15 0.001 184 nan nan
12 16 0.15 0.001 185 nan nan
12 16 0.15 0.001 186 nan nan
12 16 0.15 0.001 187 nan nan
12 16 0.15 0.001 188 nan nan
12 16 0.15 0.001 189 nan nan
12 16 0.15 0.001 190 nan nan
12 16 0.15 0.001 191 nan nan
12 16 0.15 0.001 192 nan nan
12 16 0.15 0.001 193 nan nan
12 16 0.15 0.001 194 nan nan
12 16 0.15 0.001 195 nan nan
12 16 0.15 0.001 196 nan nan
12 16 0.15 0.001 197 nan nan
12 16 0.15 0.001 198 nan nan
12 16 0.15 0.001 199 nan nan
12 16 0.15 0.001 200 nan nan
12 16 0.15 0.001 201 nan nan
12 16 0.15 0.001 202 nan nan
12 16 0.15 0.001 203 nan nan
12 16 0.15 0.001 204 nan nan
12 16 0.15 0.001 205 nan nan
12 16 0.15 0.001 206 nan nan
12 16 0.15 0.001 207 nan nan
12 16 0.15 0.001 208 nan nan
12 16 0.15 0.001 209 nan nan
12 16 0.15 0.001 210 nan nan
12 16 0.15 0.001 211 nan nan
12 16 0.15 0.001 212 nan nan
12 16 0.15 0.001 213 nan nan
12 16 0.15 0.001 214 nan nan
12 16 0.15 0.001 215 nan nan
12 16 0.15 0.001 216 nan nan
12 16 0.15 0.001 217 nan nan
12 16 0.15 0.001 218 nan nan
12 16 0.15 0.001 219 nan nan
12 16 0.15 0.001 220 nan nan
12 16 0.15 0.001 221 nan nan
12 16 0.15 0.001 222 nan nan
12 16 0.15 0.001 223 nan nan
12 16 0.15 0.001 224 nan nan
12 16 0.15 0.001 225 nan nan
12 16 0.15 0.001 226 nan nan
12 16 0.15 0.001 227 nan nan
12 16 0.15 0.001 228 nan nan
12 16 0.15 0.001 229 nan nan
12 16 0.15 0.001 230 nan nan
12 16 0.15 0.001 231 nan nan
12 16 0.15 0.001 232 nan nan
12 16 0.15 0.001 233 nan nan
12 16 0.15 0.001 234 nan nan
12 16 0.15 0.001 235 nan nan
12 16 0.15 0.001 236 nan nan
12 16 0.15 0.001 237 nan nan
12 16 0.15 0.001 238 nan nan
12 16 0.15 0.001 239 nan nan
12 16 0.15 0.001 240 nan nan
12 16 0.15 0.001 241 nan nan
12 16 0.15 0.001 242 nan nan
12 16 0.15 0.001 243 nan nan
12 16 0.15 0.001 244 nan nan
12 16 0.15 0.001 245 nan nan
12 16 0.15 0.001 246 nan nan
12 16 0.15 0.001 247 nan nan
12 16 0.15 0.001 248 nan nan
12 16 0.15 0.001 249 nan nan
12 16 0.15 0.001 250 nan nan
12 16 0.15 0.001 251 nan nan
12 16 0.15 0.001 252 nan nan
12 16 0.15 0.001 253 nan nan
12 16 0.15 0.001 254 nan nan
12 16 0.15 0.001 255 nan nan
12 16 0.15 0.001 256 nan nan
12 16 0.15 0.001 257 nan nan
12 16 0.15 0.001 258 nan nan
12 16 0.15 0.001 259 nan nan
12 16 0.15 0.001 260 nan nan
12 16 0.15 0.001 261 nan nan
12 16 0.15 0.001 262 nan nan
12 16 0.15 0.001 263 nan nan
12 16 0.15 0.001 264 nan nan
12 16 0.15 0.001 265 nan nan
12 16 0.15 0.001 266 nan nan
12 16 0.15 0.001 267 nan nan
12 16 0.15 0.001 268 nan nan
12 16 0.15 0.001 269 nan nan
12 16 0.15 0.001 270 nan nan
12 16 0.15 0.001 271 nan nan
12 16 0.15 0.001 272 nan nan
12 16 0.15 0.001 273 nan nan
12 16 0.15 0.001 274 nan nan
12 16 0.15 0.001 275 nan nan
12 16 0.15 0.001 276 nan nan
12 16 0.15 0.001 277 nan nan
12 16 0.15 0.001 278 nan nan
12 16 0.15 0.001 279 nan nan
12 16 0.15 0.001 280 nan nan
12 16 0.15 0.001 281 nan nan
12 16 0.15 0.001 282 nan nan
12 16 0.15 0.001 283 nan nan
12 16 0.15 0.001 284 nan nan
12 16 0.15 0.001 285 nan nan
12 16 0.15 0.001 286 nan nan
12 16 0.15 0.001 287 nan nan
12 16 0.15 0.001 288 nan nan
12 16 0.20 0.001 0 -0.070202930735243 0.043444536070454
12 16 0.20 0.001 1 -0.001242019360583 0.050310531175599
12 16 0.20 0.001 2 0.007862578974434 0.050188087793214
12 16 0.20 0.001 3 9.723886140313272 0.038584436536417
12 16 0.20 0.001 4 -0.015383025783877 0.033308832927586
12 16 0.20 0.001 5 2.726199127502525 0.027212092515755
12 16 0.20 0.001 6 0.005400534357695 0.036891344422368
12 16 0.20 0.001 7 nan nan
12 16 0.20 0.001 8 -0.012910196068205 0.033290204495894
12 16 0.20 0.001 9 -0.009633310993682 0.032967601033662
12 16 0.20 0.001 10 0.009039681673161 0.031149294817910
12 16 0.20 0.001 11 0.023508058852527 0.025649980797823
12 16 0.20 0.001 12 0.005512538106440 0.032037136199202
12 16 0.20 0.001 13 -0.004210085806824 0.021449226640925
12 16 0.20 0.001 14 -0.024959510090718 0.029596839575672
12 16 0.20 0.001 15 -0.003792972219638 0.025872794854290
12 16 0.20 0.001 16 0.039446530429298 0.023032961708052
12 16 0.20 0.001 17 0.031506370555468 0.023715778166916
12 16 0.20 0.001 18 0.008004114179356 0.023135594289779
12 16 0.20 0.001 19 2.263897224780404 0.021947578377770
12 16 0.20 0.001 20 -0.001793867057520 0.018982427497538
12 16 0.20 0.001 21 3.154760233518890 0.024953820337492
12 16 0.20 0.001 22 -0.017865347156672 0.016098139481906
12 16 0.20 0.001 23 0.021921968645559 0.018123607868947
12 16 0.20 0.001 24 0.010263731742719 0.017197442038826
12 16 0.20 0.001 25 0.012076366062649 0.015457917630022
12 16 0.20 0.001 26 0.004917075569778 0.012738981214672
12 16 0.20 0.001 27 0.008910007478433 0.012139580020758
12 16 0.20 0.001 28 0.016459994159335 0.013025594378698
12 16 0.20 0.001 29 0.004747084302919 0.010472275107839
12 16 0.20 0.001 30 0.007803802051443 0.011064706411675
12 16 0.20 0.001 31 -0.003572003664949 0.007632482549526
12 16 0.20 0.001 32 0.007230578839905 0.007847877774082
12 16 0.20 0.001 33 0.007112493203924 0.006989289050748
12 16 0.20 0.001 34 0.004391688102584 0.007205890151700
12 16 0.20 0.001 35 0.007831054554478 0.007859315905373
12 16 0.20 0.001 36 0.036356821737339 0.026100324752065
12 16 0.20 0.001 37 -0.006201515703219 0.007168402399769
12 16 0.20 0.001 38 -0.010479804119961 0.007674507277669
12 16 0.20 0.001 39 0.001224662172411 0.005649371572372
12 16 0.20 0.001 40 0.004875142031635 0.008743726139823
12 16 0.20 0.001 41 0.003594984920824 0.009168176695161
12 16 0.20 0.001 42 nan nan
12 16 0.20 0.001 43 -0.013456825728212 0.008613120998132
12 16 0.20 0.001 44 0.005384850358549 0.013435208921173
12 16 0.20 0.001 45 0.000779289249182 0.009413639360799
12 16 0.20 0.001 46 0.001361201935026 0.014460260871984
12 16 0.20 0.001 47 0.006815008804658 0.012931412476378
12 16 0.20 0.001 48 0.016150803468132 0.018258387389276
12 16 0.20 0.001 49 0.014228102288507 0.016551158493551
12 16 0.20 0.001 50 0.009318032447604 0.016271766789749
12 16 0.20 0.001 51 -3.222110989267526 0.021262416827019
12 16 0.20 0.001 52 0.023676831164883 0.017635034896853
12 16 0.20 0.001 53 -0.029383615291529 0.021009489744325
12 16 0.20 0.001 54 0.011652734889348 0.017813473677428
12 16 0.20 0.001 55 0.009735940821690 0.016299518712197
12 16 0.20 0.001 56 -0.021557136888647 0.025368283352077
12 16 0.20 0.001 57 -2.207354453306787 0.028305803772644
12 16 0.20 0.001 58 -0.008017853883048 0.022229615758641
12 16 0.20 0.001 59 -0.016011581892602 0.024762003749023
12 16 0.20 0.001 60 -0.026608885355925 0.028804564431557
12 16 0.20 0.001 61 0.000893009723512 0.027674325616521
12 16 0.20 0.001 62 nan nan
12 16 0.20 0.001 63 0.000151561603563 0.027545468769339
12 16 0.20 0.001 64 -0.029155797172219 0.030530716100897
12 16 0.20 0.001 65 -0.040345673846387 0.030834223847055
12 16 0.20 0.001 66 -0.037554691356033 0.031756765747901
12 16 0.20 0.001 67 -0.004610923826808 0.033310207735817
12 16 0.20 0.001 68 -0.010533491342400 0.035146589770040
12 16 0.20 0.001 69 nan nan
12 16 0.20 0.001 70 -0.015659208220164 0.029367751154070
12 16 0.20 0.001 71 -7.176295737760336 0.032575921695656
12 16 0.20 0.001 72 0.028991660768862 0.041130401414720
12 16 0.20 0.001 73 nan nan
12 16 0.20 0.001 74 nan nan
12 16 0.20 0.001 75 nan nan
12 16 0.20 0.001 76 nan nan
12 16 0.20 0.001 77 nan nan
12 16 0.20 0.001 78 nan nan
12 16 0.20 0.001 79 nan nan
12 16 0.20 0.001 80 nan nan
12 16 0.20 0.001 81 nan nan
12 16 0.20 0.001 82 nan nan
12 16 0.20 0.001 83 nan nan
12 16 0.20 0.001 84 nan nan
12 16 0.20 0.001 85 nan nan
12 16 0.20 0.001 86 nan nan
12 16 0.20 0.001 87 nan nan
12 16 0.20 0.001 88 nan nan
12 16 0.20 0.001 89 nan nan
12 16 0.20 0.001 90 nan nan
12 16 0.20 0.001 91 nan nan
12 16 0.20 0.001 92 nan nan
12 16 0.20 0.001 93 nan nan
12 16 0.20 0.001 94 nan nan
12 16 0.20 0.001 95 nan nan
12 16 0.20 0.001 96 nan nan
12 16 0.20 0.001 97 nan nan
12 16 0.20 0.001 98 nan nan
12 16 0.20 0.001 99 nan nan
12 16 0.20 0.001 100 nan nan
12 16 0.20 0.001 101 nan nan
12 16 0.20 0.001 102 nan nan
12 16 0.20 0.001 103 nan nan
12 16 0.20 0.001 104 nan nan
12 16 0.20 0.001 105 nan nan
12 16 0.20 0.001 106 nan nan
12 16 0.20 0.001 107 nan nan
12 16 0.20 0.001 108 nan nan
12 16 0.20 0.001 109 nan nan
12 16 0.20 0.001 110 nan nan
12 16 0.20 0.001 111 nan nan
12 16 0.20 0.001 112 nan nan
12 16 0.20 0.001 113 nan nan
12 16 0.20 0.001 114 nan nan
12 16 0.20 0.001 115 nan nan
12 16 0.20 0.001 116 nan nan
12 16 0.20 0.001 117 nan nan
12 16 0.20 0.001 118 nan nan
12 16 0.20 0.001 119 nan nan
12 16 0.20 0.001 120 nan nan
12 16 0.20 0.001 121 nan nan
12 16 0.20 0.001 122 nan nan
12 16 0.20 0.001 123 nan nan
12 16 0.20 0.001 124 nan nan
12 16 0.20 0.001 125 nan nan
12 16 0.20 0.001 126 nan nan
12 16 0.20 0.001 127 nan nan
12 16 0.20 0.001 128 nan nan
12 16 0.20 0.001 129 nan nan
12 16 0.20 0.001 130 nan nan
12 16 0.20 0.001 131 nan nan
12 16 0.20 0.001 132 nan nan
12 16 0.20 0.001 133 nan nan
12 16 0.20 0.001 134 nan nan
12 16 0.20 0.001 135 nan nan
12 16 0.20 0.001 136 nan nan
12 16 0.20 0.001 137 nan nan
12 16 0.20 0.001 138 nan nan
12 16 0.20 0.001 139 nan nan
12 16 0.20 0.001 140 nan nan
12 16 0.20 0.001 141 nan nan
12 16 0.20 0.001 142 nan nan
12 16 0.20 0.001 143 nan nan
12 16 0.20 0.001 144 nan nan
12 16 0.20 0.001 145 nan nan
12 16 0.20 0.001 146 nan nan
12 16 0.20 0.001 147 nan nan
12 16 0.20 0.001 148 nan nan
12 16 0.20 0.001 149 nan nan
12 16 0.20 0.001 150 nan nan
12 16 0.20 0.001 151 nan nan
12 16 0.20 0.001 152 nan nan
12 16 0.20 0.001 153 nan nan
12 16 0.20 0.001 154 nan nan
12 16 0.20 0.001 155 nan nan
12 16 0.20 0.001 156 nan nan
12 16 0.20 0.001 157 nan nan
12 16 0.20 0.001 158 nan nan
12 16 0.20 0.001 159 nan nan
12 16 0.20 0.001 160 nan nan
12 16 0.20 0.001 161 nan nan
12 16 0.20 0.001 162 nan nan
12 16 0.20 0.001 163 nan nan
12 16 0.20 0.001 164 nan nan
12 16 0.20 0.001 165 nan nan
12 16 0.20 0.001 166 nan nan
12 16 0.20 0.001 167 nan nan
12 16 0.20 0.001 168 nan nan
12 16 0.20 0.001 169 nan nan
12 16 0.20 0.001 170 nan nan
12 16 0.20 0.001 171 nan nan
12 16 0.20 0.001 172 nan nan
12 16 0.20 0.001 173 nan nan
12 16 0.20 0.001 174 nan nan
12 16 0.20 0.001 175 nan nan
12 16 0.20 0.001 176 nan nan
12 16 0.20 0.001 177 nan nan
12 16 0.20 0.001 178 nan nan
12 16 0.20 0.001 179 nan nan
12 16 0.20 0.001 180 nan nan
12 16 0.20 0.001 181 nan nan
12 16 0.20 0.001 182 nan nan
12 16 0.20 0.001 183 nan nan
12 16 0.20 0.001 184 nan nan
12 16 0.20 0.001 185 nan nan
12 16 0.20 0.001 186 nan nan
12 16 0.20 0.001 187 nan nan
12 16 0.20 0.001 188 nan nan
12 16 0.20 0.001 189 nan nan
12 16 0.20 0.001 190 nan nan
12 16 0.20 0.001 191 nan nan
12 16 0.20 0.001 192 nan nan
12 16 0.20 0.001 193 nan nan
12 16 0.20 0.001 194 nan nan
12 16 0.20 0.001 195 nan nan
12 16 0.20 0.001 196 nan nan
12 16 0.20 0.001 197 nan nan
12 16 0.20 0.001 198 nan nan
12 16 0.20 0.001 199 nan nan
12 16 0.20 0.001 200 nan nan
12 16 0.20 0.001 201 nan nan
12 16 0.20 0.001 202 nan nan
12 16 0.20 0.001 203 nan nan
12 16 0.20 0.001 204 nan nan
12 16 0.20 0.001 205 nan nan
12 16 0.20 0.001 206 nan nan
12 16 0.20 0.001 207 nan nan
12 16 0.20 0.001 208 nan nan
12 16 0.20 0.001 209 nan nan
12 16 0.20 0.001 210 nan nan
12 16 0.20 0.001 211 nan nan
12 16 0.20 0.001 212 nan nan
12 16 0.20 0.001 213 nan nan
12 16 0.20 0.001 214 nan nan
12 16 0.20 0.001 215 nan nan
12 16 0.20 0.001 216 nan nan
12 16 0.20 0.001 217 nan nan
12 16 0.20 0.001 218 nan nan
12 16 0.20 0.001 219 nan nan
12 16 0.20 0.001 220 nan nan
12 16 0.20 0.001 221 nan nan
12 16 0.20 0.001 222 nan nan
12 16 0.20 0.001 223 nan nan
12 16 0.20 0.001 224 nan nan
12 16 0.20 0.001 225 nan nan
12 16 0.20 0.001 226 nan nan
12 16 0.20 0.001 227 nan nan
12 16 0.20 0.001 228 nan nan
12 16 0.20 0.001 229 nan nan
12 16 0.20 0.001 230 nan nan
12 16 0.20 0.001 231 nan nan
12 16 0.20 0.001 232 nan nan
12 16 0.20 0.001 233 nan nan
12 16 0.20 0.001 234 nan nan
12 16 0.20 0.001 235 nan nan
12 16 0.20 0.001 236 nan nan
12 16 0.20 0.001 237 nan nan
12 16 0.20 0.001 238 nan nan
12 16 0.20 0.001 239 nan nan
12 16 0.20 0.001 240 nan nan
12 16 0.20 0.001 241 nan nan
12 16 0.20 0.001 242 nan nan
12 16 0.20 0.001 243 nan nan
12 16 0.20 0.001 244 nan nan
12 16 0.20 0.001 245 nan nan
12 16 0.20 0.001 246 nan nan
12 16 0.20 0.001 247 nan nan
12 16 0.20 0.001 248 nan nan
12 16 0.20 0.001 249 nan nan
12 16 0.20 0.001 250 nan nan
12 16 0.20 0.001 251 nan nan
12 16 0.20 0.001 252 nan nan
12 16 0.20 0.001 253 nan nan
12 16 0.20 0.001 254 nan nan
12 16 0.20 0.001 255 nan nan
12 16 0.20 0.001 256 nan nan
12 16 0.20 0.001 257 nan nan
12 16 0.20 0.001 258 nan nan
12 16 0.20 0.001 259 nan nan
12 16 0.20 0.001 260 nan nan
12 16 0.20 0.001 261 nan nan
12 16 0.20 0.001 262 nan nan
12 16 0.20 0.001 263 nan nan
12 16 0.20 0.001 264 nan nan
12 16 0.20 0.001 265 nan nan
12 16 0.20 0.001 266 nan nan
12 16 0.20 0.001 267 nan nan
12 16 0.20 0.001 268 nan nan
12 16 0.20 0.001 269 nan nan
12 16 0.20 0.001 270 nan nan
12 16 0.20 0.001 271 nan nan
12 16 0.20 0.001 272 nan nan
12 16 0.20 0.001 273 nan nan
12 16 0.20 0.001 274 nan nan
12 16 0.20 0.001 275 nan nan
12 16 0.20 0.001 276 nan nan
12 16 0.20 0.001 277 nan nan
12 16 0.20 0.001 278 nan nan
12 16 0.20 0.001 279 nan nan
12 16 0.20 0.001 280 nan nan
12 16 0.20 0.001 281 nan nan
12 16 0.20 0.001 282 nan nan
12 16 0.20 0.001 283 nan nan
12 16 0.20 0.001 284 nan nan
12 16 0.20 0.001 285 nan nan
12 16 0.20 0.001 286 nan nan
12 16 0.20 0.001 287 nan nan
12 16 0.20 0.001 288 nan nan
#Ls   Lt  mu  ma  nfluxes AxialCurrent Err
