24 16 0.00 0.001 0 0.000430090633550 0.005495499553121
24 16 0.00 0.001 1 -0.002121195957395 0.005673790167384
24 16 0.00 0.001 2 -0.006912084904913 0.005914440476135
24 16 0.00 0.001 3 nan nan
24 16 0.00 0.001 4 -0.023816332455879 0.005146600836751
24 16 0.00 0.001 5 -0.029940304041177 0.005164061259845
24 16 0.00 0.001 6 -0.031977042958693 0.005873747307750
24 16 0.00 0.001 7 -0.030923338285899 0.004362151037938
24 16 0.00 0.001 8 -0.024859648587290 0.004552888080560
24 16 0.00 0.001 9 -0.016894188644052 0.004858367489676
24 16 0.00 0.001 10 -0.009281819399573 0.005596664365079
24 16 0.00 0.001 11 -0.003152781544901 0.005460829967496
24 16 0.00 0.001 12 0.000193718945307 0.005487078480051
24 16 0.00 0.001 13 -0.000886298083357 0.006085222440647
24 16 0.00 0.001 14 -0.005433532296731 0.006325135219898
24 16 0.00 0.001 15 -0.012187544592813 0.005505513418745
24 16 0.00 0.001 16 -0.019778706653669 0.005452362758870
24 16 0.00 0.001 17 -0.026026895877975 0.006386873436793
24 16 0.00 0.001 18 -0.028898264620948 0.006394803232927
24 16 0.00 0.001 19 -0.028911324225751 0.007038245680837
24 16 0.00 0.001 20 -0.024137677474825 0.007024472072561
24 16 0.00 0.001 21 -0.017648949511005 0.007146338460120
24 16 0.00 0.001 22 -0.010360624429738 0.006817167092251
24 16 0.00 0.001 23 -0.001554955530407 0.007565860083654
24 16 0.00 0.001 24 0.000085188100231 0.006620174375999
24 16 0.00 0.001 25 -0.000271224184560 0.007223437224412
24 16 0.00 0.001 26 -0.003552120778959 0.008771776758580
24 16 0.00 0.001 27 -0.009299644558986 0.007105913681692
24 16 0.00 0.001 28 -0.015861722325576 0.010555322370376
24 16 0.00 0.001 29 -0.021106692354686 0.010652431383312
24 16 0.00 0.001 30 -0.024629332167959 0.009284259396493
24 16 0.00 0.001 31 -0.025278662722195 0.010656784269513
24 16 0.00 0.001 32 -0.020648344451818 0.011921341687683
24 16 0.00 0.001 33 -0.015046463932313 0.010958853212568
24 16 0.00 0.001 34 -0.008689698001330 0.010572983849260
24 16 0.00 0.001 35 -0.004430948967385 0.011758277147089
24 16 0.00 0.001 36 -0.000061771872666 0.009845601520240
24 16 0.00 0.001 37 0.001407886854827 0.011086479842561
24 16 0.00 0.001 38 -0.000022586434736 0.012001748766091
24 16 0.00 0.001 39 -0.007629010199030 0.009650038880265
24 16 0.00 0.001 40 -0.010482915556293 0.011906472460530
24 16 0.00 0.001 41 -0.017066881117848 0.009020092971807
24 16 0.00 0.001 42 -0.018073049281230 0.010825215438713
24 16 0.00 0.001 43 -0.017672699031958 0.010559976183916
24 16 0.00 0.001 44 -0.016412883828643 0.010102736383086
24 16 0.00 0.001 45 -0.013380820873793 0.011629972897505
24 16 0.00 0.001 46 -0.004878497703593 0.010060508461603
24 16 0.00 0.001 47 -0.003953993406851 0.010390686700540
24 16 0.00 0.001 48 -0.000159490082696 0.009874712650836
24 16 0.00 0.001 49 0.001422399993067 0.009978850834353
24 16 0.00 0.001 50 0.001370642205578 0.010263409822948
24 16 0.05 0.001 0 0.000464086537225 0.005755027457283
24 16 0.05 0.001 1 -0.013624721346583 0.005951822647427
24 16 0.05 0.001 2 -0.030326285725955 0.005787718347972
24 16 0.05 0.001 3 -0.045308341008954 0.005322855244272
24 16 0.05 0.001 4 -0.055954244439842 0.005733503229870
24 16 0.05 0.001 5 -0.061131981578277 0.005597821596663
24 16 0.05 0.001 6 -0.059999379381991 0.004657183181654
24 16 0.05 0.001 7 -0.054374889227090 0.004694644827441
24 16 0.05 0.001 8 -0.046307787744981 0.005428022509010
24 16 0.05 0.001 9 -0.036861371965152 0.005285457007519
24 16 0.05 0.001 10 -0.031596458061291 0.005990396471516
24 16 0.05 0.001 11 -0.030715592869834 0.006261512957515
24 16 0.05 0.001 12 -0.033903020165832 0.005929275117663
24 16 0.05 0.001 13 -0.042966734300290 0.007491665115529
24 16 0.05 0.001 14 -0.054139363132212 0.007360207910977
24 16 0.05 0.001 15 -0.065201869709056 0.006794556126432
24 16 0.05 0.001 16 -0.075723273736674 0.007791199643674
24 16 0.05 0.001 17 -0.080380384239006 0.006956588522391
24 16 0.05 0.001 18 -0.081289891722050 0.008288072406924
24 16 0.05 0.001 19 -0.078216083859582 0.009337696794672
24 16 0.05 0.001 20 -0.070821571224833 0.009178409118744
24 16 0.05 0.001 21 -0.063884375161907 0.008546329598521
24 16 0.05 0.001 22 -0.058067986103048 0.008155065232941
24 16 0.05 0.001 23 -0.058505153805447 0.009886205540291
24 16 0.05 0.001 24 -0.052651600653255 0.008055019025352
24 16 0.05 0.001 25 -0.057902053869214 0.008236583869092
24 16 0.05 0.001 26 -0.064293619160709 0.009040378949762
24 16 0.05 0.001 27 -0.072610396554463 0.011585418840067
24 16 0.05 0.001 28 -0.079333416268735 0.011847573372007
24 16 0.05 0.001 29 -0.081691602774338 0.011484431959154
24 16 0.05 0.001 30 -0.080434673140797 0.011316586806799
24 16 0.05 0.001 31 -0.075360417468133 0.011981300814087
24 16 0.05 0.001 32 -0.067632924046937 0.012812710783738
24 16 0.05 0.001 33 -0.058072616007656 0.011335106731213
24 16 0.05 0.001 34 -0.049239707333636 0.011480740418994
24 16 0.05 0.001 35 -0.041091759999828 0.013473577194781
24 16 0.05 0.001 36 -0.036215353084580 0.010292802326130
24 16 0.05 0.001 37 -0.033930156413481 0.012826962725392
24 16 0.05 0.001 38 -0.037377698151699 0.010205840988979
24 16 0.05 0.001 39 -0.042398088010339 0.011306166981069
24 16 0.05 0.001 40 -0.046270424384014 0.010894587740848
24 16 0.05 0.001 41 -0.049747768753152 0.010623269078918
24 16 0.05 0.001 42 -0.051837587073664 0.010795234245163
24 16 0.05 0.001 43 -0.049356877717024 0.012053590980116
24 16 0.05 0.001 44 -0.041557936401312 0.013448674844478
24 16 0.05 0.001 45 -0.036831571923594 0.014170319345216
24 16 0.05 0.001 46 -0.027502781560196 0.013126103994831
24 16 0.05 0.001 47 -0.021492469050124 0.011513652234210
24 16 0.05 0.001 48 -0.018958673746150 0.011077528564923
24 16 0.05 0.001 49 -0.017249775466524 0.013185421359012
24 16 0.05 0.001 50 -0.015093154334928 0.011862673524682
24 16 0.10 0.001 0 -0.000656546314147 0.006669371885156
24 16 0.10 0.001 1 -0.031919930420554 0.006792100166119
24 16 0.10 0.001 2 -0.062532503672895 0.007693317545065
24 16 0.10 0.001 3 -0.086337198631227 0.008538694395675
24 16 0.10 0.001 4 -0.102508664114457 0.008884914103928
24 16 0.10 0.001 5 -0.106349896230338 0.008235095823246
24 16 0.10 0.001 6 -0.100329047177700 0.007226689028831
24 16 0.10 0.001 7 -0.090005858053767 0.008377538144990
24 16 0.10 0.001 8 -0.076014231837479 0.009067990055469
24 16 0.10 0.001 9 -0.066840683136672 0.009281884369938
24 16 0.10 0.001 10 -0.064063140473854 0.009994753060933
24 16 0.10 0.001 11 -0.070352294618278 0.010458376833478
24 16 0.10 0.001 12 -0.082783622747287 0.009622519891512
24 16 0.10 0.001 13 -0.103387185481013 0.013954465865918
24 16 0.10 0.001 14 -0.123440555033507 0.013142512853854
24 16 0.10 0.001 15 -0.140879101623326 0.012556663553375
24 16 0.10 0.001 16 -0.156178381593721 0.013470610515066
24 16 0.10 0.001 17 -0.158597607824788 0.013751859308784
24 16 0.10 0.001 18 -0.157108854890545 0.015256331508173
24 16 0.10 0.001 19 -0.150575347268162 0.016367395943306
24 16 0.10 0.001 20 -0.137647588379248 0.017712117572299
24 16 0.10 0.001 21 -0.129053543698261 0.016373914363916
24 16 0.10 0.001 22 nan nan
24 16 0.10 0.001 23 -0.136882590353045 0.018769560422186
24 16 0.10 0.001 24 -0.127236090524655 0.014232494487184
24 16 0.10 0.001 25 -0.136871533660519 0.018370887849463
24 16 0.10 0.001 26 -0.148305299474705 0.018003907207875
24 16 0.10 0.001 27 -0.154739179558417 0.017346461137718
24 16 0.10 0.001 28 -0.161568224380814 0.019203211423053
24 16 0.10 0.001 29 nan nan
24 16 0.10 0.001 30 -0.150059359748519 0.020036549319701
24 16 0.10 0.001 31 nan nan
24 16 0.10 0.001 32 -0.121568388007913 0.019236076321266
24 16 0.10 0.001 33 -0.106890495325511 0.021894283746802
24 16 0.10 0.001 34 -0.090290973177169 0.018011486916265
24 16 0.10 0.001 35 nan nan
24 16 0.10 0.001 36 -0.067273268534643 0.014843137487693
24 16 0.10 0.001 37 -0.063226461767574 0.018720339886091
24 16 0.10 0.001 38 nan nan
24 16 0.10 0.001 39 -0.072025231534715 0.025999202821577
24 16 0.10 0.001 40 -0.082840068072165 0.019718225431165
24 16 0.10 0.001 41 -0.082352809504062 0.020073111466530
24 16 0.10 0.001 42 -0.077376733480941 0.024410538132156
24 16 0.10 0.001 43 -0.078952075002444 0.021264847272511
24 16 0.10 0.001 44 -0.071173506026919 0.021014175435273
24 16 0.10 0.001 45 -0.064195675904889 0.020972418932566
24 16 0.10 0.001 46 nan nan
24 16 0.10 0.001 47 nan nan
24 16 0.10 0.001 48 -0.040517268593272 0.022545498169550
24 16 0.10 0.001 49 nan nan
24 16 0.10 0.001 50 nan nan
24 16 0.15 0.001 0 -0.000883432187633 0.013400502532297
24 16 0.15 0.001 1 -0.079477592628817 0.017495572246139
24 16 0.15 0.001 2 -0.147253450115388 0.021970091328137
24 16 0.15 0.001 3 -0.203923883995006 0.024403065856116
24 16 0.15 0.001 4 -0.229712421985078 0.031791849544295
24 16 0.15 0.001 5 -0.226792502012365 0.028780060988358
24 16 0.15 0.001 6 -0.209369185702507 0.027411496523855
24 16 0.15 0.001 7 -0.182386678022418 0.032017210963846
24 16 0.15 0.001 8 -0.159979965014009 0.033558336531638
24 16 0.15 0.001 9 -0.146492651692101 0.034600337130561
24 16 0.15 0.001 10 -0.149634436105201 0.035663798044109
24 16 0.15 0.001 11 -0.175685346308011 0.041483636718527
24 16 0.15 0.001 12 -0.215107897247791 0.034778895589693
24 16 0.15 0.001 13 -0.261573860145652 0.048055175874253
24 16 0.15 0.001 14 -0.309882306936458 0.051091693871005
24 16 0.15 0.001 15 -0.342604752812459 0.048386381382485
24 16 0.15 0.001 16 -0.375257187998540 0.052842003275127
24 16 0.15 0.001 17 -0.365716792778504 0.056618924870620
24 16 0.15 0.001 18 -0.357739651081938 0.056550992537563
24 16 0.15 0.001 19 -0.334430496799342 0.064886263647613
24 16 0.15 0.001 20 -0.314564762822347 0.058162828694885
24 16 0.15 0.001 21 -0.298161847168457 0.066554600700730
24 16 0.15 0.001 22 nan nan
24 16 0.15 0.001 23 -0.311543197571545 0.066745195810603
24 16 0.15 0.001 24 -0.273786755574735 0.054324174652985
24 16 0.15 0.001 25 -0.287075316910873 0.058357583183877
24 16 0.15 0.001 26 -0.310365480187832 0.060274336969332
24 16 0.15 0.001 27 -0.313319318018524 0.064542223536079
24 16 0.15 0.001 28 -0.317213133100157 0.060973012209587
24 16 0.15 0.001 29 nan nan
24 16 0.15 0.001 30 -0.263162500422647 0.052899149568354
24 16 0.15 0.001 31 nan nan
24 16 0.15 0.001 32 nan nan
24 16 0.15 0.001 33 -0.168918813539158 0.051383652216243
24 16 0.15 0.001 34 nan nan
24 16 0.15 0.001 35 nan nan
24 16 0.15 0.001 36 -0.079412820575588 0.044412070980712
24 16 0.15 0.001 37 nan nan
24 16 0.15 0.001 38 nan nan
24 16 0.15 0.001 39 -0.139390088499581 0.064055677224106
24 16 0.15 0.001 40 nan nan
24 16 0.15 0.001 41 nan nan
24 16 0.15 0.001 42 -0.124731051526597 0.061424057677531
24 16 0.15 0.001 43 nan nan
24 16 0.15 0.001 44 nan nan
24 16 0.15 0.001 45 -0.100731412012621 0.059944934007728
24 16 0.15 0.001 46 nan nan
24 16 0.15 0.001 47 nan nan
24 16 0.15 0.001 48 -0.081360874061801 0.078219317251704
24 16 0.15 0.001 49 nan nan
24 16 0.15 0.001 50 nan nan
24 16 0.20 0.001 0 -0.018906277469811 1.764280740508229
24 16 0.20 0.001 1 1.021541522207265 2.539628631182277
24 16 0.20 0.001 2 2.129999903130594 3.024289378074341
24 16 0.20 0.001 3 2.749544121679616 3.085981101961113
24 16 0.20 0.001 4 3.010152552492103 3.813518533709782
24 16 0.20 0.001 5 2.671672209536844 3.683783956414224
24 16 0.20 0.001 6 2.404364352309126 3.967458141595411
24 16 0.20 0.001 7 2.435969159914409 5.048007261651108
24 16 0.20 0.001 8 2.078205496302156 5.314717734178354
24 16 0.20 0.001 9 2.502246224966139 4.870467171699385
24 16 0.20 0.001 10 2.189170230450413 5.872621975306718
24 16 0.20 0.001 11 2.709062658269254 6.068014578349472
24 16 0.20 0.001 12 3.558350397437615 4.697331462447663
24 16 0.20 0.001 13 nan nan
24 16 0.20 0.001 14 4.212552302690790 6.807752212725750
24 16 0.20 0.001 15 4.119130866923263 6.657133204331173
24 16 0.20 0.001 16 3.891664063855798 5.783313453166006
24 16 0.20 0.001 17 nan nan
24 16 0.20 0.001 18 1.777033691104196 3.561792499754850
24 16 0.20 0.001 19 nan nan
24 16 0.20 0.001 20 1.661924287182790 5.234117903062545
24 16 0.20 0.001 21 nan nan
24 16 0.20 0.001 22 1.092940573850808 4.061609408140399
24 16 0.20 0.001 23 nan nan
24 16 0.20 0.001 24 1.568371713283812 5.680455032381822
24 16 0.20 0.001 25 nan nan
24 16 0.20 0.001 26 0.795399368323554 3.410830349371953
24 16 0.20 0.001 27 nan nan
24 16 0.20 0.001 28 nan nan
24 16 0.20 0.001 29 nan nan
24 16 0.20 0.001 30 1.443130282956405 6.880281323345375
24 16 0.20 0.001 31 nan nan
24 16 0.20 0.001 32 nan nan
24 16 0.20 0.001 33 nan nan
24 16 0.20 0.001 34 nan nan
24 16 0.20 0.001 35 nan nan
24 16 0.20 0.001 36 0.392158111208563 4.852238853143885
24 16 0.20 0.001 37 nan nan
24 16 0.20 0.001 38 nan nan
24 16 0.20 0.001 39 nan nan
24 16 0.20 0.001 40 nan nan
24 16 0.20 0.001 41 nan nan
24 16 0.20 0.001 42 2.069081293167357 7.371214174884981
24 16 0.20 0.001 43 nan nan
24 16 0.20 0.001 44 -0.181286946168291 6.490025661109771
24 16 0.20 0.001 45 nan nan
24 16 0.20 0.001 46 nan nan
24 16 0.20 0.001 47 nan nan
24 16 0.20 0.001 48 nan nan
24 16 0.20 0.001 49 nan nan
24 16 0.20 0.001 50 nan nan
24 16 0.25 0.001 0 0.000460546304771 0.011810167925090
24 16 0.25 0.001 1 0.088377323764365 0.011613850746291
24 16 0.25 0.001 2 0.158946407650594 0.016067725626241
24 16 0.25 0.001 3 0.202916439206829 0.018510813158462
24 16 0.25 0.001 4 0.214982351582069 0.023407147551167
24 16 0.25 0.001 5 0.208316849073793 0.020748448831963
24 16 0.25 0.001 6 0.181833744958468 0.020344674242074
24 16 0.25 0.001 7 0.152929115554639 0.022859970549094
24 16 0.25 0.001 8 0.136515365056462 0.025794786949539
24 16 0.25 0.001 9 0.137966623869053 0.026183674413486
24 16 0.25 0.001 10 0.161313159181441 0.026731516254925
24 16 0.25 0.001 11 0.205842043983275 0.031073149806542
24 16 0.25 0.001 12 0.251840901006199 0.026134028339781
24 16 0.25 0.001 13 0.317007416673782 0.034290651144954
24 16 0.25 0.001 14 0.363265115662238 0.039332121003284
24 16 0.25 0.001 15 0.399842367217840 0.034820128611482
24 16 0.25 0.001 16 0.402958332572568 0.038251579583265
24 16 0.25 0.001 17 0.389890760319562 0.044550906376355
24 16 0.25 0.001 18 0.379500729396919 0.040535913435555
24 16 0.25 0.001 19 0.354047935303682 0.049540217152959
24 16 0.25 0.001 20 0.338464861277532 0.052399404975332
24 16 0.25 0.001 21 0.317261620585300 0.052282496437962
24 16 0.25 0.001 22 nan nan
24 16 0.25 0.001 23 0.428002550361267 0.050764756817588
24 16 0.25 0.001 24 0.391054824841496 0.042895484665005
24 16 0.25 0.001 25 nan nan
24 16 0.25 0.001 26 nan nan
24 16 0.25 0.001 27 0.432977554401262 0.050330606619458
24 16 0.25 0.001 28 0.419952639893345 0.046597925720208
24 16 0.25 0.001 29 nan nan
24 16 0.25 0.001 30 0.369819228602345 0.043347616973942
24 16 0.25 0.001 31 nan nan
24 16 0.25 0.001 32 nan nan
24 16 0.25 0.001 33 nan nan
24 16 0.25 0.001 34 nan nan
24 16 0.25 0.001 35 nan nan
24 16 0.25 0.001 36 0.247490286434901 0.035260403561522
24 16 0.25 0.001 37 nan nan
24 16 0.25 0.001 38 nan nan
24 16 0.25 0.001 39 0.308583805429495 0.063980146486055
24 16 0.25 0.001 40 0.304330754939451 0.046529362379762
24 16 0.25 0.001 41 nan nan
24 16 0.25 0.001 42 0.271266694744931 0.054948037792085
24 16 0.25 0.001 43 0.052587941990720 0.043674621620071
24 16 0.25 0.001 44 0.039364068617803 0.043570317868459
24 16 0.25 0.001 45 0.239894272580462 0.054182286197686
24 16 0.25 0.001 46 0.263574956326391 0.059298594384320
24 16 0.25 0.001 47 nan nan
24 16 0.25 0.001 48 0.255380006270294 0.055740939162191
24 16 0.25 0.001 49 nan nan
24 16 0.25 0.001 50 nan nan
24 16 0.30 0.001 0 0.000327801315502 0.006063678103288
24 16 0.30 0.001 1 0.050148781681886 0.005807953832884
24 16 0.30 0.001 2 0.087947958931864 0.006707156558417
24 16 0.30 0.001 3 0.110344364733240 0.007227698764564
24 16 0.30 0.001 4 0.115687571607840 0.007667904422830
24 16 0.30 0.001 5 0.032069608734020 0.005473572960889
24 16 0.30 0.001 6 0.092234268487626 0.007193780382461
24 16 0.30 0.001 7 0.076507111234489 0.007529544771149
24 16 0.30 0.001 8 0.068826044152762 0.007710630022172
24 16 0.30 0.001 9 0.072972770141235 0.008047344434876
24 16 0.30 0.001 10 0.089933745957233 0.008905931163429
24 16 0.30 0.001 11 0.118271431158135 0.009524699689391
24 16 0.30 0.001 12 0.150043556725029 0.007621443835159
24 16 0.30 0.001 13 0.184061284510095 0.009508236728182
24 16 0.30 0.001 14 0.210101200782356 0.011570132080320
24 16 0.30 0.001 15 0.226684703748817 0.011926123283185
24 16 0.30 0.001 16 0.229451833038458 0.011176894441303
24 16 0.30 0.001 17 0.223596096985182 0.010223887735484
24 16 0.30 0.001 18 0.212318607764690 0.012281677621760
24 16 0.30 0.001 19 0.198616787143247 0.013496124836473
24 16 0.30 0.001 20 0.193049986379879 0.015501434351392
24 16 0.30 0.001 21 0.192845701476315 0.016581997266120
24 16 0.30 0.001 22 0.208243361544895 0.016938529625227
24 16 0.30 0.001 23 0.262799433006815 0.015454145481511
24 16 0.30 0.001 24 0.250839759376344 0.013656446565808
24 16 0.30 0.001 25 0.272627190544812 0.014986760809044
24 16 0.30 0.001 26 0.289733023664220 0.015507895598816
24 16 0.30 0.001 27 0.296836337680694 0.016810290379060
24 16 0.30 0.001 28 0.292787453027114 0.016125650622196
24 16 0.30 0.001 29 0.281874238793469 0.016584204854881
24 16 0.30 0.001 30 0.264857524842453 0.018102322665377
24 16 0.30 0.001 31 0.245957849623607 0.019235818041231
24 16 0.30 0.001 32 0.234590937975196 0.019060453269722
24 16 0.30 0.001 33 0.224950563664940 0.020682289533214
24 16 0.30 0.001 34 0.227395971234090 0.018347994095635
24 16 0.30 0.001 35 0.222057229419754 0.019644268386034
24 16 0.30 0.001 36 0.233026288461893 0.017535424283979
24 16 0.30 0.001 37 nan nan
24 16 0.30 0.001 38 0.253671520185184 0.019111842873992
24 16 0.30 0.001 39 0.259245095666532 0.023010287017879
24 16 0.30 0.001 40 0.255212328653118 0.021939331845251
24 16 0.30 0.001 41 0.248620735627032 0.020224334094746
24 16 0.30 0.001 42 0.235735835622708 0.021869246824233
24 16 0.30 0.001 43 nan nan
24 16 0.30 0.001 44 0.214961221032584 0.021673368841578
24 16 0.30 0.001 45 nan nan
24 16 0.30 0.001 46 nan nan
24 16 0.30 0.001 47 0.211401776118567 0.018965755981862
24 16 0.30 0.001 48 0.217430150700899 0.018757887317643
24 16 0.30 0.001 49 0.219107486548665 0.020860214561148
24 16 0.30 0.001 50 nan nan
24 16 0.35 0.001 0 0.000296883995371 0.005270743368706
24 16 0.35 0.001 1 0.034040580823075 0.005884651299708
24 16 0.35 0.001 2 0.058755823498695 0.005704727874395
24 16 0.35 0.001 3 0.072096792486953 0.005801630697297
24 16 0.35 0.001 4 0.073530896206887 0.005946624615251
24 16 0.35 0.001 5 0.066354091602064 0.005385559796495
24 16 0.35 0.001 6 0.054898437108139 0.005358307797537
24 16 0.35 0.001 7 0.044121231136831 0.004714794634007
24 16 0.35 0.001 8 0.040727184815781 0.005389791310576
24 16 0.35 0.001 9 0.046141728353468 0.005315534345563
24 16 0.35 0.001 10 0.060550063513954 0.005616566810296
24 16 0.35 0.001 11 0.082619793366241 0.005705751609166
24 16 0.35 0.001 12 0.106061362784472 0.004973439680246
24 16 0.35 0.001 13 0.130055422276810 0.005342225736406
24 16 0.35 0.001 14 0.147547174645119 0.006801642050837
24 16 0.35 0.001 15 0.157343994821988 0.006806685504205
24 16 0.35 0.001 16 0.157174823781815 0.006727404261066
24 16 0.35 0.001 17 0.151978423343184 0.006466810233213
24 16 0.35 0.001 18 0.143125309417302 0.007417050924646
24 16 0.35 0.001 19 0.134056907939713 0.007547089755636
24 16 0.35 0.001 20 0.131387370415408 0.008723967777041
24 16 0.35 0.001 21 0.135067379552825 0.008009914966924
24 16 0.35 0.001 22 0.147531109215779 0.009637620677607
24 16 0.35 0.001 23 0.193682459805846 0.009530979984567
24 16 0.35 0.001 24 0.183495169060734 0.008139757357362
24 16 0.35 0.001 25 0.202391768287841 0.009331324788100
24 16 0.35 0.001 26 0.215446039227205 0.009123233104761
24 16 0.35 0.001 27 0.221706065221109 0.009558330988140
24 16 0.35 0.001 28 0.219372662582235 0.010169182370109
24 16 0.35 0.001 29 0.211837245114318 0.010311927172147
24 16 0.35 0.001 30 0.200349488872656 0.010965739551227
24 16 0.35 0.001 31 0.188786380809738 0.011635029971609
24 16 0.35 0.001 32 0.182100403558439 0.012900819648457
24 16 0.35 0.001 33 0.180635719255033 0.013751181664526
24 16 0.35 0.001 34 0.187456925704723 0.010657098241008
24 16 0.35 0.001 35 0.188581938605282 0.013364178700296
24 16 0.35 0.001 36 0.202995906852241 0.011825754278533
24 16 0.35 0.001 37 0.214820091838948 0.012234878218280
24 16 0.35 0.001 38 0.223111911616593 0.012964770164989
24 16 0.35 0.001 39 0.055902270029744 0.007169705560655
24 16 0.35 0.001 40 0.222607751344502 0.012971755957390
24 16 0.35 0.001 41 0.216345702350325 0.012098037639049
24 16 0.35 0.001 42 0.205872959228485 0.013136498686297
24 16 0.35 0.001 43 0.197296892527992 0.012784572692269
24 16 0.35 0.001 44 0.189457475843408 0.012579833982271
24 16 0.35 0.001 45 0.185831046703886 0.012981361434350
24 16 0.35 0.001 46 0.214385311938855 0.013508801386778
24 16 0.35 0.001 47 0.190477200453064 0.012096776603988
24 16 0.35 0.001 48 0.197423907729430 0.011664817969791
24 16 0.35 0.001 49 nan nan
24 16 0.35 0.001 50 0.209587649748971 0.011519732279776
24 16 0.40 0.001 0 0.000377156159839 0.005910911793333
24 16 0.40 0.001 1 0.022618967677642 0.005805721347758
24 16 0.40 0.001 2 0.037690572513095 0.005710242718921
24 16 0.40 0.001 3 0.044366713444365 0.005586397072850
24 16 0.40 0.001 4 0.042919412867400 0.005528487586565
24 16 0.40 0.001 5 0.036104012216702 0.005057456459714
24 16 0.40 0.001 6 0.027548492267484 0.004994934196831
24 16 0.40 0.001 7 0.020923211673062 0.005085047287733
24 16 0.40 0.001 8 0.020182713734318 0.005183815771066
24 16 0.40 0.001 9 0.026658161847969 0.004968620231800
24 16 0.40 0.001 10 0.038896043842073 0.004187125090293
24 16 0.40 0.001 11 0.057089522323338 0.005063479185017
24 16 0.40 0.001 12 0.074054384095682 0.004869504700072
24 16 0.40 0.001 13 0.091393404544802 0.004959571541254
24 16 0.40 0.001 14 0.102638570669747 0.005896548580963
24 16 0.40 0.001 15 0.107629992229286 0.005874294232427
24 16 0.40 0.001 16 0.106018239817690 0.006002824811848
24 16 0.40 0.001 17 0.099442108164251 0.006190184043868
24 16 0.40 0.001 18 0.093203587313436 0.006374435525164
24 16 0.40 0.001 19 0.087125967212431 0.006225494087798
24 16 0.40 0.001 20 0.086656947437062 0.007098721350717
24 16 0.40 0.001 21 0.091819039657146 0.006772407581806
24 16 0.40 0.001 22 0.103489560935468 0.007224486414436
24 16 0.40 0.001 23 0.139935309247357 0.007879852020451
24 16 0.40 0.001 24 0.133792175080692 0.006995933785215
24 16 0.40 0.001 25 0.147825474818497 0.007658538779578
24 16 0.40 0.001 26 0.158682140105733 0.007632571415272
24 16 0.40 0.001 27 0.163339195865360 0.008111815563703
24 16 0.40 0.001 28 0.161721187436518 0.008697641956863
24 16 0.40 0.001 29 0.155442323220015 0.009423505854523
24 16 0.40 0.001 30 0.147283470676297 0.009954005108215
24 16 0.40 0.001 31 0.140253512216183 0.010504896277679
24 16 0.40 0.001 32 0.137913819689708 0.011583932914417
24 16 0.40 0.001 33 0.140018976898522 0.011903273993949
24 16 0.40 0.001 34 0.149352877924345 0.010305756346872
24 16 0.40 0.001 35 0.153673489431167 0.011849212254817
24 16 0.40 0.001 36 0.168787276783160 0.010852114967358
24 16 0.40 0.001 37 0.181507078379178 0.010916980572854
24 16 0.40 0.001 38 0.189973713085138 0.010828463455792
24 16 0.40 0.001 39 0.193066901198674 0.010981928058640
24 16 0.40 0.001 40 0.190722316916798 0.009941927740813
24 16 0.40 0.001 41 0.185326761004676 0.009808644446915
24 16 0.40 0.001 42 0.175691633207979 0.010001629166359
24 16 0.40 0.001 43 0.169201521387440 0.010898382823585
24 16 0.40 0.001 44 0.165285742565007 0.009769824641860
24 16 0.40 0.001 45 0.163348145214170 0.010294586638732
24 16 0.40 0.001 46 0.194394528113707 0.009786832028576
24 16 0.40 0.001 47 0.171257004985306 0.010741605903443
24 16 0.40 0.001 48 0.179255738195796 0.010368540039871
24 16 0.40 0.001 49 0.187853563222487 0.009158030915635
24 16 0.40 0.001 50 0.193592640190699 0.010140421418699
24 16 0.45 0.001 0 0.000026361499317 0.004731854932611
24 16 0.45 0.001 1 0.011046958193003 0.005922979512462
24 16 0.45 0.001 2 0.016361126750501 0.005914603725461
24 16 0.45 0.001 3 0.015256242896759 0.005500871331770
24 16 0.45 0.001 4 0.011544109762420 0.005526289314224
24 16 0.45 0.001 5 0.005164306841524 0.005399434228441
24 16 0.45 0.001 6 -0.019813308656421 0.004368382286488
24 16 0.45 0.001 7 -0.003412446944019 0.004599239420425
24 16 0.45 0.001 8 -0.000935847359279 0.005931622937797
24 16 0.45 0.001 9 0.006777730406806 0.005888107208822
24 16 0.45 0.001 10 0.018013190839016 0.006496829589327
24 16 0.45 0.001 11 0.031358934493391 0.005693409511649
24 16 0.45 0.001 12 0.043167111720028 0.004942245365504
24 16 0.45 0.001 13 0.052335909243904 0.005872995254949
24 16 0.45 0.001 14 0.057189016129071 0.007182097760869
24 16 0.45 0.001 15 0.057321096479795 0.007103984165049
24 16 0.45 0.001 16 0.052465499044245 0.006415358876757
24 16 0.45 0.001 17 0.047461887249960 0.007658202708461
24 16 0.45 0.001 18 0.042483292834271 0.007888711713024
24 16 0.45 0.001 19 0.039259455389286 0.007726272428319
24 16 0.45 0.001 20 0.041154925403682 0.008339689684455
24 16 0.45 0.001 21 0.047924160097423 0.009090981812859
24 16 0.45 0.001 22 0.058748442175959 0.009093695103599
24 16 0.45 0.001 23 0.086078728447335 0.009212252190830
24 16 0.45 0.001 24 0.084042427595965 0.008608280065139
24 16 0.45 0.001 25 0.026278640167377 0.007059602632051
24 16 0.45 0.001 26 0.101894434445246 0.009414385179126
24 16 0.45 0.001 27 0.105030369661007 0.010141996637590
24 16 0.45 0.001 28 0.102579674298298 0.010739605000069
24 16 0.45 0.001 29 0.099005857862203 0.011771891232194
24 16 0.45 0.001 30 0.093842830828057 0.010454314901245
24 16 0.45 0.001 31 0.091625938428789 0.012907714570559
24 16 0.45 0.001 32 0.094067473326178 0.011980872782390
24 16 0.45 0.001 33 0.101326498520062 0.012265628949919
24 16 0.45 0.001 34 0.111433988317094 0.012196883888837
24 16 0.45 0.001 35 0.119442611464806 0.013274741764843
24 16 0.45 0.001 36 0.136592981938895 0.009893371007535
24 16 0.45 0.001 37 0.149095671608769 0.012314983548713
24 16 0.45 0.001 38 0.157492524636542 0.010807324895396
24 16 0.45 0.001 39 0.160731648195083 0.012045304690096
24 16 0.45 0.001 40 0.159176084020358 0.010649139302402
24 16 0.45 0.001 41 0.154871206943093 0.010761705198327
24 16 0.45 0.001 42 0.149002864328401 0.011020427804208
24 16 0.45 0.001 43 0.144388213216264 0.011736380377195
24 16 0.45 0.001 44 0.140266575675625 0.013360118941039
24 16 0.45 0.001 45 0.141947980803298 0.012163360097438
24 16 0.45 0.001 46 0.171802827097486 0.010752389026132
24 16 0.45 0.001 47 0.150078092548028 0.013251825437176
24 16 0.45 0.001 48 0.160296730199986 0.012765436811903
24 16 0.45 0.001 49 nan nan
24 16 0.45 0.001 50 0.177942033006215 0.011975146054984
24 16 0.50 0.001 0 0.000386120040055 0.005465404284369
24 16 0.50 0.001 1 -0.006148154854443 0.006859503407502
24 16 0.50 0.001 2 -0.015197519173479 0.007494419578267
24 16 0.50 0.001 3 -0.025668973957025 0.007852023569757
24 16 0.50 0.001 4 -0.034489910261871 0.007530780316493
24 16 0.50 0.001 5 -0.041028132334091 0.007425764746232
24 16 0.50 0.001 6 -0.042745967175069 0.008652131399215
24 16 0.50 0.001 7 -0.039776819478939 0.008376684248982
24 16 0.50 0.001 8 -0.032709812646944 0.009745403500380
24 16 0.50 0.001 9 -0.022890021910887 0.010446964460578
24 16 0.50 0.001 10 -0.013635740675254 0.011623804550026
24 16 0.50 0.001 11 -0.006692135199581 0.010114673864266
24 16 0.50 0.001 12 -0.003232624468611 0.008018031136855
24 16 0.50 0.001 13 -0.005115759921186 0.012610385533522
24 16 0.50 0.001 14 -0.010450548835315 0.013628554320827
24 16 0.50 0.001 15 -0.017960383273311 0.012387242942529
24 16 0.50 0.001 16 -0.025299607153045 0.015217335762859
24 16 0.50 0.001 17 -0.031508114928237 0.015937920574085
24 16 0.50 0.001 18 -0.033003813772674 0.016254792887595
24 16 0.50 0.001 19 -0.032055258682457 0.016363513502389
24 16 0.50 0.001 20 -0.026344580330375 0.016862245600876
24 16 0.50 0.001 21 -0.014521301973205 0.018468372772606
24 16 0.50 0.001 22 -0.005777793317245 0.018645062353665
24 16 0.50 0.001 23 0.009622795671444 0.018359071490921
24 16 0.50 0.001 24 0.015467862687224 0.016257194058008
24 16 0.50 0.001 25 0.019892770055008 0.019024521756405
24 16 0.50 0.001 26 0.025781342568877 0.018645292585059
24 16 0.50 0.001 27 0.028569637762166 0.020098023205312
24 16 0.50 0.001 28 0.025642929928261 0.019614544240583
24 16 0.50 0.001 29 0.027562476230460 0.022807833973174
24 16 0.50 0.001 30 0.028203432550773 0.022988629772097
24 16 0.50 0.001 31 nan nan
24 16 0.50 0.001 32 nan nan
24 16 0.50 0.001 33 0.057896332635211 0.020494173430558
24 16 0.50 0.001 34 nan nan
24 16 0.50 0.001 35 nan nan
24 16 0.50 0.001 36 0.106808688877743 0.018859094547180
24 16 0.50 0.001 37 nan nan
24 16 0.50 0.001 38 nan nan
24 16 0.50 0.001 39 0.128956720972617 0.019017660796490
24 16 0.50 0.001 40 0.126006653679397 0.018474026146651
24 16 0.50 0.001 41 0.123887145497192 0.018569962260746
24 16 0.50 0.001 42 0.119993713582314 0.021478952140854
24 16 0.50 0.001 43 0.015149800489570 0.016464293884375
24 16 0.50 0.001 44 0.008409360092967 0.016238759006591
24 16 0.50 0.001 45 0.119474458904735 0.020371040345108
24 16 0.50 0.001 46 nan nan
24 16 0.50 0.001 47 nan nan
24 16 0.50 0.001 48 0.141662510215523 0.021631120017142
24 16 0.50 0.001 49 nan nan
24 16 0.50 0.001 50 0.160317869475695 0.020952213969666
24 16 0.55 0.001 0 0.001245121899944 0.016555022731190
24 16 0.55 0.001 1 -0.059150554446968 0.020478295449782
24 16 0.55 0.001 2 -0.113522446743896 0.031837285579613
24 16 0.55 0.001 3 -0.153211877973553 0.030432782316006
24 16 0.55 0.001 4 -0.173554876058594 0.033265620967778
24 16 0.55 0.001 5 -0.182098141597693 0.031955948932081
24 16 0.55 0.001 6 -0.172331328181895 0.037909354425379
24 16 0.55 0.001 7 -0.151826633849936 0.037862559314525
24 16 0.55 0.001 8 -0.131014365355107 0.043489041884325
24 16 0.55 0.001 9 -0.113670589628092 0.047907864146444
24 16 0.55 0.001 10 -0.109676619274035 0.052852137607038
24 16 0.55 0.001 11 -0.123074993932037 0.049208449955030
24 16 0.55 0.001 12 -0.143860866020963 0.038300078386890
24 16 0.55 0.001 13 -0.181270107883324 0.062975957112183
24 16 0.55 0.001 14 -0.213164895894400 0.063747367316235
24 16 0.55 0.001 15 -0.247680633368671 0.076124215040381
24 16 0.55 0.001 16 -0.267156316745177 0.075401214267966
24 16 0.55 0.001 17 -0.273542081296674 0.079200566225487
24 16 0.55 0.001 18 -0.258892248793474 0.078029251691918
24 16 0.55 0.001 19 -0.242928922712386 0.079340413725520
24 16 0.55 0.001 20 -0.222073529478171 0.080803532016082
24 16 0.55 0.001 21 -0.185241310740937 0.087316120854406
24 16 0.55 0.001 22 nan nan
24 16 0.55 0.001 23 nan nan
24 16 0.55 0.001 24 -0.141099510470601 0.065407326886416
24 16 0.55 0.001 25 nan nan
24 16 0.55 0.001 26 nan nan
24 16 0.55 0.001 27 -0.117520597138902 0.077991817168554
24 16 0.55 0.001 28 -0.113134586755292 0.081212844664931
24 16 0.55 0.001 29 nan nan
24 16 0.55 0.001 30 -0.086948949699690 0.080086182443058
24 16 0.55 0.001 31 nan nan
24 16 0.55 0.001 32 -0.034271737028289 0.076855514051606
24 16 0.55 0.001 33 -0.008154757729675 0.074863750982656
24 16 0.55 0.001 34 0.018138366977205 0.055920094545039
24 16 0.55 0.001 35 nan nan
24 16 0.55 0.001 36 0.093978196887798 0.045813164413076
24 16 0.55 0.001 37 nan nan
24 16 0.55 0.001 38 nan nan
24 16 0.55 0.001 39 nan nan
24 16 0.55 0.001 40 nan nan
24 16 0.55 0.001 41 nan nan
24 16 0.55 0.001 42 0.084922408541943 0.073989247362333
24 16 0.55 0.001 43 0.080255018033121 0.071431537698331
24 16 0.55 0.001 44 nan nan
24 16 0.55 0.001 45 0.085570596787420 0.071682733077984
24 16 0.55 0.001 46 0.031663145264984 0.062481349704018
24 16 0.55 0.001 47 nan nan
24 16 0.55 0.001 48 0.095901847033314 0.093761490921590
24 16 0.55 0.001 49 nan nan
24 16 0.55 0.001 50 nan nan
24 16 0.60 0.001 0 0.017729752508637 0.189473985515529
24 16 0.60 0.001 1 0.344229617695665 0.248799658161750
24 16 0.60 0.001 2 0.682823130623089 0.323916317965270
24 16 0.60 0.001 3 0.836287087172694 0.430802897580054
24 16 0.60 0.001 4 1.036949275358061 0.405530931536058
24 16 0.60 0.001 5 0.998548824501433 0.399956689407063
24 16 0.60 0.001 6 0.896197817426804 0.471439736620138
24 16 0.60 0.001 7 0.775003431263611 0.475008401471485
24 16 0.60 0.001 8 0.615075730845196 0.567347332529552
24 16 0.60 0.001 9 0.642934670479299 0.589231789945365
24 16 0.60 0.001 10 0.706824814255771 0.642117664354307
24 16 0.60 0.001 11 0.823129600117813 0.620285770385976
24 16 0.60 0.001 12 1.050671068038323 0.494966055086292
24 16 0.60 0.001 13 1.227191784784227 0.808754270087168
24 16 0.60 0.001 14 1.404133156712330 0.811880492562100
24 16 0.60 0.001 15 1.546161207983537 0.933978643839888
24 16 0.60 0.001 16 nan nan
24 16 0.60 0.001 17 nan nan
24 16 0.60 0.001 18 1.306376562134560 0.782798347067973
24 16 0.60 0.001 19 nan nan
24 16 0.60 0.001 20 0.951790448281591 0.806813760178688
24 16 0.60 0.001 21 0.855129615808251 0.880851553386112
24 16 0.60 0.001 22 nan nan
24 16 0.60 0.001 23 0.946200263969423 0.548592839335527
24 16 0.60 0.001 24 0.765863035463778 0.428792917986380
24 16 0.60 0.001 25 nan nan
24 16 0.60 0.001 26 nan nan
24 16 0.60 0.001 27 nan nan
24 16 0.60 0.001 28 0.843896498159823 0.674713007672628
24 16 0.60 0.001 29 nan nan
24 16 0.60 0.001 30 0.729472635276138 0.652957042245533
24 16 0.60 0.001 31 nan nan
24 16 0.60 0.001 32 nan nan
24 16 0.60 0.001 33 nan nan
24 16 0.60 0.001 34 0.514612011199817 0.812713672885982
24 16 0.60 0.001 35 nan nan
24 16 0.60 0.001 36 0.398587844179418 0.605791596201212
24 16 0.60 0.001 37 nan nan
24 16 0.60 0.001 38 nan nan
24 16 0.60 0.001 39 nan nan
24 16 0.60 0.001 40 nan nan
24 16 0.60 0.001 41 nan nan
24 16 0.60 0.001 42 0.655943931008222 0.879444747735018
24 16 0.60 0.001 43 nan nan
24 16 0.60 0.001 44 nan nan
24 16 0.60 0.001 45 nan nan
24 16 0.60 0.001 46 nan nan
24 16 0.60 0.001 47 nan nan
24 16 0.60 0.001 48 0.692102598025167 1.106240499706130
24 16 0.60 0.001 49 nan nan
24 16 0.60 0.001 50 nan nan
24 16 0.65 0.001 0 0.001069018487411 0.007379640961109
24 16 0.65 0.001 1 0.091911427909176 0.010257130816606
24 16 0.65 0.001 2 0.168650009113979 0.012240359853927
24 16 0.65 0.001 3 0.217300487938484 0.014045756381048
24 16 0.65 0.001 4 0.239628993234779 0.014376741333793
24 16 0.65 0.001 5 0.231691780235612 0.014249201406478
24 16 0.65 0.001 6 0.206460099687018 0.016223923786413
24 16 0.65 0.001 7 0.176162680067122 0.015805898816622
24 16 0.65 0.001 8 0.154317527269349 0.018164299637251
24 16 0.65 0.001 9 0.152639230138000 0.020202128020796
24 16 0.65 0.001 10 0.174692187480823 0.020225562817602
24 16 0.65 0.001 11 0.216323362901490 0.020224997680622
24 16 0.65 0.001 12 0.270289645071496 0.018434642773618
24 16 0.65 0.001 13 0.330799258206131 0.023804845040086
24 16 0.65 0.001 14 0.386054196281023 0.028103214162971
24 16 0.65 0.001 15 0.424254260589346 0.031834630699137
24 16 0.65 0.001 16 0.439948893575313 0.032568636327659
24 16 0.65 0.001 17 0.433951892383255 0.031513682916671
24 16 0.65 0.001 18 0.417703928145953 0.032028337623507
24 16 0.65 0.001 19 0.389249820787152 0.035244707837118
24 16 0.65 0.001 20 0.371345077122929 0.033737890322543
24 16 0.65 0.001 21 0.366296406100121 0.040969371675190
24 16 0.65 0.001 22 0.378117907256013 0.034558400512968
24 16 0.65 0.001 23 nan nan
24 16 0.65 0.001 24 0.437016958188946 0.030756469118317
24 16 0.65 0.001 25 nan nan
24 16 0.65 0.001 26 nan nan
24 16 0.65 0.001 27 0.522777721188372 0.036866132947938
24 16 0.65 0.001 28 0.519825167230946 0.037846450448991
24 16 0.65 0.001 29 nan nan
24 16 0.65 0.001 30 0.469101509694722 0.038123850471659
24 16 0.65 0.001 31 nan nan
24 16 0.65 0.001 32 0.408037458432577 0.040039527317155
24 16 0.65 0.001 33 nan nan
24 16 0.65 0.001 34 nan nan
24 16 0.65 0.001 35 0.361960815512718 0.026377366871343
24 16 0.65 0.001 36 0.374797822091578 0.028528382543340
24 16 0.65 0.001 37 nan nan
24 16 0.65 0.001 38 nan nan
24 16 0.65 0.001 39 nan nan
24 16 0.65 0.001 40 nan nan
24 16 0.65 0.001 41 nan nan
24 16 0.65 0.001 42 0.418851549284133 0.033761698177020
24 16 0.65 0.001 43 nan nan
24 16 0.65 0.001 44 nan nan
24 16 0.65 0.001 45 0.373805386977816 0.035280036195153
24 16 0.65 0.001 46 nan nan
24 16 0.65 0.001 47 nan nan
24 16 0.65 0.001 48 0.385547699898926 0.038152096784077
24 16 0.65 0.001 49 nan nan
24 16 0.65 0.001 50 nan nan
24 16 0.70 0.001 0 -0.000050512587851 0.006845121323475
24 16 0.70 0.001 1 0.065103001228439 0.006309505471568
24 16 0.70 0.001 2 0.117553327469634 0.006480173956615
24 16 0.70 0.001 3 0.150794079665332 0.006422897382167
24 16 0.70 0.001 4 0.162857959575620 0.006075151159824
24 16 0.70 0.001 5 0.156048902959582 0.005500525094620
24 16 0.70 0.001 6 0.137372253168968 0.006259763198569
24 16 0.70 0.001 7 0.116304389917006 0.005979996031558
24 16 0.70 0.001 8 0.103187915894042 0.006743424917917
24 16 0.70 0.001 9 0.103920300352406 0.006805546041623
24 16 0.70 0.001 10 0.121967613759271 0.006596224983853
24 16 0.70 0.001 11 0.155361983586344 0.008299685300035
24 16 0.70 0.001 12 0.195984907539837 0.006250371152471
24 16 0.70 0.001 13 0.240657270586640 0.009290740491635
24 16 0.70 0.001 14 0.279962442456685 0.009819864157283
24 16 0.70 0.001 15 0.304770541337275 0.010275160854725
24 16 0.70 0.001 16 0.314660463135971 0.010981463891586
24 16 0.70 0.001 17 0.310080468074463 0.010605721686973
24 16 0.70 0.001 18 0.296661164234971 0.010715409291335
24 16 0.70 0.001 19 0.279690030203520 0.010827920017906
24 16 0.70 0.001 20 0.268221689467411 0.011056060125625
24 16 0.70 0.001 21 0.268167166574537 0.012910383164466
24 16 0.70 0.001 22 0.282053698124671 0.011932702177876
24 16 0.70 0.001 23 0.357406237745059 0.012275116463359
24 16 0.70 0.001 24 0.336388864500431 0.010686601399221
24 16 0.70 0.001 25 0.370118790079800 0.013899524158578
24 16 0.70 0.001 26 0.399701144992932 0.011830487473185
24 16 0.70 0.001 27 0.113888699897830 0.011882505130701
24 16 0.70 0.001 28 0.419623962723531 0.013316272688865
24 16 0.70 0.001 29 nan nan
24 16 0.70 0.001 30 0.391527389975345 0.015134729550747
24 16 0.70 0.001 31 0.370558532298238 0.015671734415701
24 16 0.70 0.001 32 0.353267342348331 0.016590673974255
24 16 0.70 0.001 33 0.343418415437170 0.016126715459380
24 16 0.70 0.001 34 nan nan
24 16 0.70 0.001 35 0.342879290003841 0.015108183276777
24 16 0.70 0.001 36 0.364009253265945 0.013956418799595
24 16 0.70 0.001 37 nan nan
24 16 0.70 0.001 38 0.401886875546264 0.013828747295632
24 16 0.70 0.001 39 0.111666030464067 0.010314201250625
24 16 0.70 0.001 40 nan nan
24 16 0.70 0.001 41 nan nan
24 16 0.70 0.001 42 0.392641306598021 0.014022139661723
24 16 0.70 0.001 43 0.375831166700785 0.014625028085577
24 16 0.70 0.001 44 0.361479608569734 0.013534859613898
24 16 0.70 0.001 45 0.352354797633119 0.014597118337395
24 16 0.70 0.001 46 nan nan
24 16 0.70 0.001 47 nan nan
24 16 0.70 0.001 48 0.360867197358004 0.015606804714952
24 16 0.70 0.001 49 0.370787815119371 0.015610042579139
24 16 0.70 0.001 50 nan nan
24 16 0.75 0.001 0 0.000009415818804 0.006213162191437
24 16 0.75 0.001 1 0.053117512325011 0.005472755288640
24 16 0.75 0.001 2 0.094809681003414 0.005769957450125
24 16 0.75 0.001 3 0.120511785962890 0.005444490829951
24 16 0.75 0.001 4 0.128726502317928 0.005371136718327
24 16 0.75 0.001 5 0.121923822501115 0.005024351188714
24 16 0.75 0.001 6 0.106287486287521 0.004827377378161
24 16 0.75 0.001 7 0.089350712983900 0.004207428579107
24 16 0.75 0.001 8 0.079622987934928 0.004536035021409
24 16 0.75 0.001 9 0.005998548732745 0.002636811788238
24 16 0.75 0.001 10 0.098974012472108 0.005181210560212
24 16 0.75 0.001 11 0.128442742120792 0.004839849914734
24 16 0.75 0.001 12 0.162964459717407 0.004524217924278
24 16 0.75 0.001 13 0.200521024397094 0.005171392570351
24 16 0.75 0.001 14 0.231641570477377 0.005775328813644
24 16 0.75 0.001 15 0.251866020705516 0.006042354391860
24 16 0.75 0.001 16 0.258941348607982 0.006663455978879
24 16 0.75 0.001 17 0.254312193779356 0.006327875649736
24 16 0.75 0.001 18 0.242448937624490 0.006395335552888
24 16 0.75 0.001 19 0.228821192996147 0.006547178091912
24 16 0.75 0.001 20 0.220643524522560 0.006550640532784
24 16 0.75 0.001 21 0.222343131244450 0.006902860023718
24 16 0.75 0.001 22 0.236279832424192 0.006420685554963
24 16 0.75 0.001 23 0.302509980756286 0.006725674662530
24 16 0.75 0.001 24 0.286389611051403 0.006364451584209
24 16 0.75 0.001 25 0.316915240345594 0.007389491425377
24 16 0.75 0.001 26 0.343039655690245 0.008210933827255
24 16 0.75 0.001 27 0.358896216441067 0.007836207208723
24 16 0.75 0.001 28 0.361658527385492 0.008883957277378
24 16 0.75 0.001 29 0.355508553387887 0.008645322374197
24 16 0.75 0.001 30 0.340852030833285 0.009098879281847
24 16 0.75 0.001 31 0.325843426949888 0.008896863461741
24 16 0.75 0.001 32 0.313483067168481 0.010828718163729
24 16 0.75 0.001 33 0.309043423065662 0.010794176753092
24 16 0.75 0.001 34 0.317927646863545 0.009160768244996
24 16 0.75 0.001 35 0.317414388014805 0.010478922264813
24 16 0.75 0.001 36 0.341075396006120 0.008404030174744
24 16 0.75 0.001 37 0.361788767742625 0.010427334683883
24 16 0.75 0.001 38 0.378141332468806 0.009186419292084
24 16 0.75 0.001 39 0.388641170263937 0.009869140532249
24 16 0.75 0.001 40 0.390292909441687 0.008272959730890
24 16 0.75 0.001 41 0.381884041249521 0.009242894365536
24 16 0.75 0.001 42 0.369309515401833 0.009346886857621
24 16 0.75 0.001 43 0.354184138371052 0.008981469022270
24 16 0.75 0.001 44 0.341589584436117 0.008740624387971
24 16 0.75 0.001 45 0.334400372494248 0.009392371474874
24 16 0.75 0.001 46 0.381242482583631 0.009010305483714
24 16 0.75 0.001 47 0.333535146472149 0.010331618128842
24 16 0.75 0.001 48 0.345947999338373 0.009508866562479
24 16 0.75 0.001 49 0.359578586209733 0.009188550058202
24 16 0.75 0.001 50 0.369555333001436 0.009512045600938
#Ls   Lt  mu  ma  nfluxes AxialCurrent Err
